-8.539844e+00 -7.702798e+00
-1.040948e+00 4.934260e-01
-9.651814e+00 9.070232e+00
-3.838857e+00 6.715244e+00
-1.042614e+01 5.803970e+00
-4.472135e+00 1.255687e+01
-1.651631e+01 5.628831e+00
-8.672892e+00 -8.195230e+00
-1.044556e+01 -6.350382e+00
-1.923828e+01 -2.371027e+00
-6.238673e+00 -6.766632e+00
-5.272586e+00 -7.762813e-01
-6.738170e+00 -2.331820e+00
-5.453061e+00 -6.186173e+00
-6.827099e+00 -2.926181e+00
-8.583039e+00 1.344724e-01
-5.877181e+00 -3.204968e+00
-3.659088e-01 -2.971827e-01
3.521537e+00 3.257334e+00
1.759932e+00 -6.963362e+00
-1.151436e+01 6.828710e+00
-1.047179e+01 4.754667e+00
-7.206799e+00 -2.188454e+00
-2.811673e+00 -3.807354e+00
-5.277506e+00 -4.327611e-01
-3.062747e+00 5.355306e+00
-7.005015e+00 -1.156653e+01
-2.663225e+00 -9.668167e+00
-8.887270e+00 9.576619e+00
-7.512774e+00 4.638800e+00
-4.555581e+00 7.205690e-01
-4.786414e+00 1.239646e-01
-8.161125e+00 -1.502926e-01
-4.072527e+00 -7.492833e-01
1.388559e+00 6.454306e+00
1.777516e+00 1.602379e+00
1.404492e+00 3.236397e-01
-1.352078e+00 4.306623e+00
-8.342889e+00 1.038859e+00
-6.116618e+00 -1.177273e+01
-6.674852e+00 -7.807404e+00
-8.871759e-01 5.560104e-02
-1.357696e+01 1.578526e+00
-1.384955e+01 2.498296e+00
-4.149925e+00 -4.617229e+00
-5.626557e+00 2.708297e-01
-3.682224e+00 6.069495e-01
-4.692043e+00 -1.360826e+00
-6.600304e+00 1.482455e+00
-8.706413e+00 4.622510e+00
-3.081415e+00 6.770998e+00
2.088505e-01 8.339806e+00
-5.034664e-01 8.526209e-01
-7.343166e+00 8.803190e-01
-2.982521e+00 -1.396179e+00
-1.096956e+00 -4.646375e+00
-8.017003e+00 5.132639e+00
-5.841660e+00 -1.745601e+00
-1.304158e+00 -4.097743e-01
-3.617203e+00 -2.647233e+00
-5.867537e+00 -1.798275e+00
-7.195901e+00 -2.890338e+00
-9.749895e+00 -1.194572e+01
-5.823729e+00 -9.344108e+00
-3.540857e+00 1.660251e+00
-1.074953e+01 3.863348e-01
-1.116409e+01 -5.838142e+00
-8.090546e+00 2.067228e+00
-3.235269e+00 -3.520428e-01
-4.271699e+00 -7.862763e-01
-1.901909e+01 1.443874e+00
-1.262359e+01 -3.284110e-01
-1.818313e+01 9.270249e+00
-9.923291e+00 8.408538e-01
-3.700596e+00 4.495626e-01
-1.031266e+01 5.432057e+00
-8.274719e+00 1.487819e+00
-1.029337e+01 -2.490477e+00
-1.503093e+01 1.404826e+00
-1.371283e+01 2.686319e+00
-7.284982e+00 6.484560e+00
-9.042311e+00 7.138675e+00
-8.895276e+00 6.618020e-01
-1.359512e+01 9.624859e+00
-8.048864e+00 2.163519e+00
-5.235740e+00 1.974193e+00
-8.757640e+00 3.568937e+00
-5.458950e+00 1.479123e+00
-6.163557e+00 -1.121687e+00
-4.767272e+00 6.643985e-01
-1.251202e+01 1.294079e+01
-1.394769e+01 9.477261e+00
-1.949845e+01 -9.040538e-01
-1.519233e+01 -2.223190e+00
-8.234731e+00 1.577732e+01
-1.047542e+01 7.971764e+00
-4.408018e+00 -1.428508e+00
-8.412143e+00 4.628139e-01
-9.178298e+00 5.415811e+00
-8.380463e+00 2.366344e+00
-1.274957e+01 -5.324733e+00
-1.617478e+01 1.439731e+00
-1.233107e+01 4.420346e+00
-1.017373e+01 5.273887e+00
-1.127317e+01 -1.371286e+00
-1.145229e+01 2.199532e+00
-7.916481e+00 8.057000e+00
-7.700325e+00 1.778276e+00
-6.663964e+00 1.725745e+00
9.923580e-01 -1.934396e+00
-5.592201e+00 -3.684697e+00
-5.796159e+00 -1.690655e-02
-8.326640e+00 -2.610999e-02
-9.243433e+00 2.410088e+00
-1.572720e+01 1.830951e+00
-1.732212e+01 5.861044e-01
-1.008503e+01 -5.218904e+00
-8.702162e+00 2.484489e+00
-1.375288e+01 4.589651e+00
-6.247847e+00 -2.924175e+00
-8.868100e+00 7.733236e+00
-5.465694e+00 9.151685e+00
-1.171513e+01 -1.525597e-01
-1.060414e+01 2.274579e+00
-1.149145e+01 5.302811e+00
-1.315817e+01 -3.243535e+00
-4.865759e+00 7.304255e+00
4.220499e+00 3.248753e+00
-2.148141e+01 3.317160e+00
-2.011318e+01 7.136910e+00
-1.195239e+01 -1.976859e+00
-2.031858e+00 -5.277300e+00
-9.434573e+00 -5.700203e+00
-1.699619e+00 -7.530007e+00
-2.952895e+00 -7.570544e-02
-9.997925e+00 -2.648402e+00
-1.004666e+01 4.599853e-01
-7.929762e+00 -7.115372e+00
-7.183133e+00 -1.046556e+01
-9.745033e+00 -2.075487e+00
-5.401703e+00 -4.656629e+00
-7.850297e+00 1.677553e+00
2.701590e+00 -9.114922e+00
-2.267953e+00 -3.832185e-01
-8.495166e+00 -1.053278e+01
-4.147674e+00 -2.403270e+00
-1.988579e+00 -1.673517e+00
-8.231306e+00 7.367402e+00
1.445952e+00 1.141766e+00
-3.547955e+00 4.174765e+00
-1.117322e+01 2.320599e+00
-4.618259e+00 2.219441e+00
-8.126244e+00 -1.192966e+00
-2.578658e+00 -6.695767e+00
-2.015944e+00 1.033218e+01
-4.359403e+00 7.484127e+00
-8.152084e+00 -5.953293e+00
-4.251204e+00 -5.575322e+00
-3.176485e+00 -1.607306e+00
-8.232761e+00 -2.587431e+00
-4.732814e+00 6.329672e+00
-3.139538e+00 -1.770375e+00
-9.216438e+00 -5.022097e+00
-1.213958e+01 -8.642352e+00
-1.413278e+01 -6.186839e+00
-8.922268e+00 7.139551e+00
-2.075008e+00 3.022325e+00
-1.399281e+01 -2.891682e+00
-1.153805e+01 3.876589e+00
-2.782042e+00 -8.467751e-01
-1.334214e+01 6.773752e+00
-1.012424e+01 1.249626e+01
-1.555980e+01 3.100579e+00
-1.553329e+01 1.048861e+00
-7.785106e+00 2.509423e+00
-9.479550e+00 3.145537e+00
-9.888498e+00 4.026598e-01
-8.170267e+00 5.165312e+00
-8.457723e+00 1.448358e+01
-1.320934e+01 3.257328e+00
-1.525040e+01 1.326979e+00
-1.326984e+01 5.650002e+00
-9.605300e+00 6.497564e-01
-8.828419e-01 6.077093e-01
-1.670971e+01 7.752370e+00
-8.947471e+00 -2.824324e+00
-1.101842e+01 9.407849e+00
-9.257882e+00 4.542314e+00
-1.111226e+01 4.660088e+00
-7.462919e+00 5.898701e+00
-7.105149e+00 -8.710566e+00
-8.555764e+00 9.636876e-01
-6.319021e+00 -7.497562e+00
-9.832571e+00 -1.705234e+01
2.996946e-01 3.930093e+00
-2.894503e+00 -2.901582e+00
-5.684040e+00 6.179541e+00
-7.300777e+00 -6.182448e+00
-8.507024e+00 -1.039681e+01
-5.850039e+00 6.218279e-01
-8.716840e+00 2.697183e+00
-6.440446e+00 3.732761e+00
-3.940545e+00 -1.552380e+00
-4.755880e+00 3.042054e+00
-1.316818e+01 -9.995365e+00
-8.441928e+00 -6.422127e+00
-5.423029e+00 -9.543640e-01
-5.935056e+00 -3.364903e+00
-4.228222e+00 -3.785495e+00
-2.433619e+00 8.048625e+00
-8.942393e+00 2.074631e+00
-5.143610e+00 -3.652963e-01
-9.041030e+00 -2.798675e+00
-2.364712e+00 -6.399814e+00
-7.382198e+00 2.784710e+00
-1.078122e+01 2.245130e+00
-9.054971e+00 -6.036475e+00
-9.501018e+00 5.875938e-01
-7.013536e-01 -6.504195e+00
-7.299103e+00 2.938629e+00
3.984473e-02 -2.718867e-01
1.259396e+00 -3.343834e+00
-9.819795e+00 -2.134532e+00
-1.072500e+01 1.193911e+00
-7.470355e+00 3.342156e+00
-1.228603e+01 3.132701e+00
-3.535877e+00 -1.129683e-01
-1.511331e+01 -1.644879e+00
-1.553197e+01 2.242829e+00
-2.266289e+00 3.653992e+00
-1.275665e+01 6.970527e+00
-1.178189e+01 1.217272e+01
-1.282003e+01 1.423580e+01
-1.252846e+01 -6.385927e-01
-1.323667e+01 8.818657e-01
-1.371641e+01 4.373466e+00
-7.378649e+00 -1.076061e+00
-1.537731e+01 3.087941e+00
-2.649350e+00 9.495642e+00
-1.279899e+01 5.621885e+00
-1.543798e+01 2.264985e+00
-1.138602e+01 6.927261e+00
-1.015310e+01 2.180646e+00
-2.858836e+00 -3.551322e+00
-1.482529e+01 5.912945e+00
-5.280153e+00 -5.692370e+00
-1.032588e+01 6.783874e+00
-3.964160e+00 7.261280e+00
-1.506390e+01 5.753513e+00
-8.112151e+00 1.137635e+00
-2.775720e+00 -8.515842e+00
-1.184661e+01 -3.651613e+00
-2.486035e+00 -1.045088e+00
2.439350e-01 -5.545575e+00
-5.268686e+00 -4.297167e+00
-3.834074e+00 1.701313e+00
-5.930786e+00 8.734557e-01
1.820387e-01 -9.142124e+00
-1.128779e+01 3.546494e+00
-1.084909e+01 1.792769e+00
-8.238998e+00 -5.069869e+00
-2.263051e+00 3.519898e+00
-6.667374e+00 -2.650718e+00
-1.108657e+01 -6.121399e-01
3.179451e-01 1.936976e+00
-3.529201e+00 1.023298e+00
-8.347595e+00 -4.407909e+00
-8.914307e+00 -1.137365e+01
-4.136595e+00 -8.392871e+00
-5.545112e+00 -1.027668e+01
-3.445256e+00 -1.795467e+00
-2.044792e+00 -4.117446e+00
-1.358351e+01 2.027899e+00
-1.092508e+01 1.584983e+00
-5.998355e+00 2.008376e+00
-6.945150e+00 1.981029e+00
-3.070262e+00 -4.908436e-02
-1.508263e+00 -4.468141e+00
-4.475201e+00 -9.362890e+00
-9.628785e+00 -6.474399e+00
-1.591050e+01 4.531125e+00
-1.366219e+01 9.361766e+00
-1.064102e+01 9.606089e-01
-1.846073e+01 6.526104e+00
-9.628914e+00 5.815484e+00
-4.631676e+00 3.036823e+00
-7.555854e+00 -2.447719e+00
-9.860048e+00 4.917271e+00
-9.586406e+00 7.396561e+00
-1.506184e+01 1.159200e+00
-1.761725e+01 6.009348e+00
-1.731734e+01 8.369542e+00
-1.460254e+01 2.572895e+00
-5.627407e+00 -6.860832e-01
-1.741567e+01 7.870608e+00
-2.036437e+01 2.527359e+00
-1.619955e+01 5.594573e+00
-1.863333e+01 1.378482e+01
-7.645981e+00 6.084869e+00
-1.321258e+01 2.067650e+00
-8.661384e+00 3.714417e+00
-7.713519e+00 3.386538e-01
-1.233209e+01 4.936406e+00
-5.116525e+00 3.442433e+00
-7.287611e+00 3.472797e+00
-7.227478e+00 3.277539e+00
-1.085645e+01 5.885186e+00
-1.617687e+01 1.218449e+01
-6.954485e+00 -3.343337e+00
-1.660504e+00 -6.547133e+00
-1.831698e+01 -2.996165e+00
-1.487085e+01 1.735695e+00
-1.120463e+01 7.843641e-02
-9.274828e+00 -2.643967e+00
-7.859134e+00 -4.823192e+00
-9.823566e+00 -7.602603e+00
-1.488114e+01 2.468029e+00
-1.027385e+01 -4.927802e-02
-9.014131e+00 -6.181800e+00
-6.379001e+00 -9.412918e+00
-1.431163e+01 -5.893778e+00
-2.083869e+01 -2.429542e+00
-9.227945e+00 -6.629368e-01
-5.269698e+00 2.014180e+00
-8.375162e+00 -4.065973e+00
-9.058459e+00 -7.743756e+00
-6.617452e+00 -9.554594e+00
-5.005311e+00 -1.409654e+01
-1.563048e+01 -1.187373e+01
-1.222991e+01 -3.613071e+00
-1.240431e+01 -1.273531e+01
-1.054622e+01 -5.686068e-01
-1.576411e+01 -6.940831e+00
-8.452807e+00 -5.768509e+00
-7.789936e+00 -4.938543e+00
-1.300816e+01 -8.406000e+00
-1.094418e+01 -4.237567e+00
-2.969415e+00 4.533121e+00
-1.435077e+01 2.020616e+00
-8.726453e+00 2.572740e+00
-6.369929e+00 -7.410154e+00
-8.333002e+00 -4.523239e+00
-9.495281e+00 -2.717647e+00
-1.229866e+01 -1.530913e+00
-1.290394e+01 -8.963290e+00
-1.283444e+01 -6.089376e+00
-5.202602e+00 -8.083434e+00
-1.081519e+01 -1.991267e+00
-8.932358e+00 -4.564283e-02
-8.954618e+00 -5.017855e+00
-1.130185e+01 -5.064829e+00
-1.490866e+01 3.736469e+00
-7.801133e+00 -3.325013e+00
-9.704377e+00 3.069218e+00
-9.475885e+00 -7.122867e+00
-7.100254e+00 -3.789543e+00
-9.902648e+00 -8.648372e+00
-1.368002e+01 -4.827068e+00
-1.361417e+01 -3.867638e+00
-1.050552e+01 -8.359320e+00
-1.277064e+01 -5.307572e+00
-1.648814e+01 -7.395563e+00
-8.620114e+00 -1.248059e+01
-6.790101e+00 -1.501527e+01
-1.144954e+01 -2.326156e+00
-1.433273e+01 -7.555692e+00
-1.288321e+01 -5.895626e+00
-1.421066e+01 -6.133973e+00
-1.804529e+01 -4.609196e+00
-1.597261e+01 -5.269889e+00
-1.666725e+01 -3.678895e+00
-1.664343e+01 -2.068883e+00
-1.499063e+01 -6.244417e+00
-1.392704e+01 -6.710376e+00
-1.016527e+01 -7.818946e+00
-3.004633e+00 -7.760670e-01
-1.616310e+01 -1.552421e+00
-1.024713e+01 1.491332e+00
-1.711569e+01 4.656165e+00
-1.576831e+01 -8.537020e-01
-9.311314e+00 -5.035290e+00
-8.962984e+00 4.324732e+00
-4.734581e+00 6.035265e+00
-7.025166e+00 3.355872e+00
-1.393602e+01 4.048817e+00
-1.373335e+01 5.524743e+00
-1.181269e+01 -4.565430e-01
-9.532089e+00 -3.537886e+00
-8.979051e+00 -5.770526e+00
-1.351292e+01 -5.067607e+00
-1.855441e+01 5.751542e-02
-1.286708e+01 4.187799e+00
-1.770549e+01 4.330574e+00
-1.726062e+01 -3.355840e+00
-1.518071e+01 3.072423e+00
-9.164935e+00 6.676184e+00
-1.925313e+01 4.645933e+00
-1.188210e+01 9.348115e+00
-1.213816e+01 3.681902e-01
-1.720997e+01 9.583590e+00
-9.218630e+00 3.019940e-01
-1.160075e+01 9.087372e-01
-1.437206e+01 7.226301e+00
-1.010525e+01 4.653485e+00
-2.380492e+01 -2.546906e+00
-1.595600e+01 -5.910321e+00
-1.377065e+01 7.266387e-01
-9.308768e+00 2.841319e+00
-1.271612e+01 6.195244e+00
-1.067116e+01 1.137909e+00
-1.227884e+01 -5.658817e+00
-7.798934e+00 -2.800529e+00
-1.455154e+01 5.687157e+00
-1.156676e+01 1.393325e+00
-1.412432e+01 3.744386e+00
-1.326023e+01 7.117442e+00
-1.691650e+01 -5.484250e-01
-1.253526e+01 6.610913e-01
-1.188598e+01 4.174725e+00
-5.998184e+00 1.142515e+00
-9.956496e+00 1.155278e+01
-1.078519e+01 1.846855e+01
-1.778317e+01 4.469655e-01
-1.907308e+01 -5.732388e+00
-1.695001e+01 6.182969e+00
-1.474391e+01 6.031618e+00
-1.459633e+01 9.960536e+00
-1.306916e+01 4.115058e+00
-1.249427e+01 3.404914e+00
-1.455631e+01 1.305054e+00
-1.481509e+01 -1.018567e+01
-9.651271e+00 -7.494383e+00
-8.283455e+00 -2.388391e+00
-6.370304e+00 -8.938726e+00
-8.060720e+00 -3.344281e+00
-1.787653e+01 -1.584271e+01
-9.587955e+00 -9.091081e+00
-9.754812e+00 -6.741887e+00
-9.174342e+00 -2.718499e+00
-8.006681e+00 -3.255507e+00
-1.369362e+01 -5.310287e+00
-1.253621e+01 -2.447224e+00
-7.482184e+00 -3.811614e+00
-6.644112e+00 2.805042e-03
-9.810479e+00 -1.398737e+01
-1.135027e+01 -5.309400e+00
-1.068038e+01 -9.454987e+00
-8.884522e+00 -4.531099e+00
-1.042071e+01 -1.602427e+00
-1.465648e+00 1.660254e+00
-1.476015e+01 -8.408311e+00
-1.100445e+01 -1.194143e+01
-1.317533e+01 -8.977545e+00
-7.757119e+00 -7.656632e+00
-2.344870e+00 7.735186e-01
-1.067918e+01 -7.274039e+00
-1.670541e+01 -7.400719e+00
-1.014461e+01 -7.412904e+00
-1.015295e+01 -5.126563e+00
-9.016986e+00 -3.769204e+00
-9.895805e+00 4.612394e+00
-7.832676e+00 1.057900e+00
-1.373712e+01 -2.652008e+00
-1.620382e+01 -6.783793e+00
-1.322950e+01 3.505451e+00
-6.782222e+00 1.043009e+01
-1.292641e+01 1.459226e+00
-1.738942e+01 -7.127395e-01
-1.815375e+01 -1.132528e+00
-1.012764e+01 -1.771800e+00
-1.384516e+01 -5.074353e-01
-9.640336e+00 1.219137e+01
-1.651888e+01 5.003693e+00
-1.807271e+01 1.401464e+00
-8.970770e+00 2.376201e+00
-1.315831e+01 6.966853e+00
-1.137720e+01 1.911758e+00
-1.712599e+01 6.410528e+00
-1.788281e+01 5.403303e+00
-1.389099e+01 1.446865e+00
-1.830867e+01 3.303322e+00
-1.408310e+01 -1.884388e+00
-1.146315e+01 8.086528e+00
-1.581891e+01 -4.607460e+00
-1.730017e+01 1.809040e+00
-6.129048e+00 -6.859778e+00
-1.417221e+01 1.232231e+01
-9.090031e+00 3.216220e+00
-2.133355e+01 7.365052e+00
-5.809210e+00 3.425961e+00
-1.234595e+01 -5.199383e+00
-1.239569e+01 -2.104832e+00
-6.987646e+00 -2.571087e+00
-9.014768e+00 -7.317412e+00
-1.084439e+01 -1.053376e+01
-1.420862e+01 -1.102063e+01
-1.647925e+01 -2.268202e+00
-6.963379e+00 -4.687903e+00
-1.308815e+01 -6.174613e+00
-7.876413e+00 -2.723887e+00
-1.211284e+01 -5.243944e+00
-1.301874e+01 3.690589e+00
-6.513325e+00 -4.419459e+00
-4.529746e+00 -3.652668e+00
-1.111403e+01 -1.212230e+01
-1.779643e+01 -8.704577e+00
-1.211354e+01 -8.790073e+00
-1.057570e+01 -3.983383e+00
-3.058956e+00 -2.206924e+00
-9.281556e+00 -3.542536e+00
-1.048485e+01 -1.956634e+00
-1.271890e+01 -9.015880e+00
-1.505309e+01 -1.232517e+01
-1.343383e+01 -1.105406e+01
-1.080805e+01 -1.785175e+00
-1.707470e+01 -4.869446e+00
-1.551079e+01 -7.063863e+00
-1.357908e+01 -7.450715e+00
-8.740805e+00 -1.176121e+01
-5.377707e+00 -1.294539e+00
-9.098156e+00 7.783410e+00
-8.690187e+00 -3.190503e-01
-1.160592e+01 5.794641e+00
-1.427401e+01 -6.819708e+00
-1.304738e+01 -3.059927e+00
-8.677699e+00 1.532340e+01
-1.321773e+01 1.427617e+00
-1.442514e+01 -9.265835e+00
-1.856939e+01 5.282567e+00
-1.085624e+01 -2.965466e+00
-7.509636e+00 3.992006e+00
-1.476436e+01 1.102875e+01
-1.852699e+01 4.136110e-01
-1.196585e+01 2.254341e+00
-1.165738e+01 7.184297e+00
-1.035761e+01 5.793208e+00
-1.063720e+01 -9.335003e-01
-1.772313e+01 8.729819e+00
-1.620378e+01 -2.006830e+00
-1.325723e+01 1.728276e+00
-2.028451e+01 4.398614e-01
-8.295979e+00 5.342289e+00
-1.445537e+01 7.008850e+00
-1.223033e+01 -9.744287e+00
-1.507956e+01 -5.673912e+00
-4.943659e+00 -6.433917e-01
-1.234430e+01 1.581609e+01
-1.114856e+01 5.047151e+00
-2.403945e+01 6.403012e+00
-1.026869e+01 -2.566278e+00
-1.211896e+01 -5.525619e+00
-7.726909e+00 -3.270307e+00
-8.204724e+00 -1.159748e+01
-8.081748e+00 -1.520002e+01
-1.589809e+01 -1.236651e+01
-1.246505e+01 -7.014315e+00
-9.081274e+00 -1.505652e+00
-6.221880e+00 -6.316077e+00
-1.477146e+01 7.003038e+00
-9.152735e+00 1.049976e+00
-1.692461e+01 6.941527e+00
-1.720945e+01 2.424018e+00
-1.468350e+01 -7.867158e+00
-1.419121e+01 -2.301775e+00
-5.932464e+00 -7.159992e+00
-1.519484e+01 -2.694936e+00
-7.469822e+00 -9.015580e+00
-8.621129e+00 -4.373952e+00
-1.863461e+01 -8.219448e+00
-1.379386e+01 -1.053822e+01
-1.615166e+01 -5.326766e+00
-1.655866e+01 -4.773568e+00
-1.791871e+01 2.336675e+00
-1.275012e+01 6.683816e+00
-6.854037e+00 -3.562097e+00
-9.695062e+00 5.200018e+00
-8.359720e+00 -5.015225e+00
-1.398179e+01 -4.214338e+00
-1.078505e+01 -4.832749e+00
-8.265780e+00 -3.381448e+00
-1.552750e+01 4.785097e+00
-1.967447e+01 4.254017e+00
-9.727066e+00 4.022398e+00
-1.444317e+01 5.266781e+00
-1.894037e+01 2.296397e+00
-1.261674e+01 2.311231e+00
-1.330062e+01 1.374901e+00
-1.394338e+01 -1.638409e+00
-1.900458e+01 1.645075e+01
-2.217799e+01 1.534341e+01
-2.007918e+01 1.646270e+00
-1.982427e+01 1.226446e+01
-1.420095e+01 -6.622386e-01
-1.317553e+01 3.882523e+00
-1.560211e+01 6.961071e+00
-2.000862e+01 -1.743597e+00
-1.132034e+01 1.021176e+01
-8.771013e+00 6.624184e+00
-7.067318e+00 -5.849729e-01
-1.049014e+01 -3.462652e+00
-1.182277e+01 3.420817e+00
-7.502454e+00 1.998988e+00
-1.525294e+01 -5.269531e+00
-1.303578e+01 -5.143774e+00
-1.192044e+01 2.769597e+00
-5.813660e+00 -8.632320e-01
-1.882783e+01 -3.161620e+00
-2.021261e+01 -2.923664e+00
-9.742272e+00 3.993637e+00
-6.292760e+00 2.386077e+00
-1.518335e+01 1.158409e+00
-1.416322e+01 4.260576e+00
-1.160567e+01 -3.193376e+00
-5.131065e+00 4.092801e+00
-5.836154e+00 -2.203386e-01
-7.776730e+00 -3.510681e-01
-9.622421e+00 4.150191e+00
-1.487900e+01 6.166658e+00
-1.365025e+01 1.112476e+00
-1.150501e+01 -1.294735e+00
-1.551995e+01 -1.745992e+00
-2.070928e+01 -7.965127e+00
-1.081988e+01 3.986007e+00
-1.454802e+01 4.433780e-01
-1.578958e+01 -1.858074e+00
-1.262559e+01 9.308716e+00
-6.619916e+00 -9.791004e+00
-8.657440e+00 -1.309323e+01
-8.502718e+00 -8.080961e-01
-1.354224e+01 1.188786e+00
-1.647044e+01 -3.567204e+00
-1.789647e+01 -3.541714e+00
-1.777131e+01 -7.385114e+00
-1.142308e+01 -6.108146e+00
-1.095555e+01 -7.007722e+00
-1.127973e+01 -3.568671e+00
-4.868853e+00 5.656553e+00
-1.002327e+01 -1.021803e+00
-8.185487e+00 4.399693e+00
-7.664332e+00 2.462543e+00
-1.372545e+01 -7.849260e-01
-1.040527e+01 4.993710e+00
-1.979755e+01 -1.228955e+00
-1.201488e+01 -5.271957e+00
-1.126313e+01 3.564658e+00
-8.697070e+00 -3.084395e+00
-1.926307e+01 -9.627424e+00
-1.364092e+01 -9.808922e+00
-1.347484e+01 -4.765717e+00
-8.388758e+00 -6.605486e+00
-1.113607e+01 -5.411634e+00
-1.074142e+01 2.250852e+00
-9.978084e+00 8.141270e+00
-1.377264e+01 1.242711e+01
-7.051375e+00 -7.175630e+00
-1.058764e+01 -5.894013e+00
-1.269360e+01 5.290589e+00
-8.778996e+00 2.951624e+00
-6.963815e+00 -4.429603e+00
-9.978159e+00 -9.692024e+00
-1.154639e+01 4.024600e+00
-1.178137e+01 -1.360358e+00
-9.646471e+00 -5.600274e+00
-9.820766e+00 -4.221392e+00
-1.331170e+01 3.243082e+00
-1.716859e+01 2.659601e+00
-1.774224e+01 -1.119276e+01
-1.773058e+01 -6.036494e+00
-1.535185e+01 -2.037629e+00
-1.689644e+01 -3.164941e+00
-1.492104e+01 3.778478e-01
-1.370495e+01 -6.470232e+00
-1.037463e+01 1.618664e-01
-1.663486e+01 1.482172e+00
-1.492344e+01 -5.567684e+00
-1.811704e+01 -6.850415e+00
-1.247754e+01 -2.373585e+00
-1.830669e+01 3.849081e+00
-1.388644e+01 -3.908650e+00
-2.009003e+01 -5.646970e-01
-1.654403e+01 4.978768e-01
-1.763156e+01 4.039813e+00
-1.717665e+01 7.314680e-01
-1.745200e+01 3.840102e+00
-2.333170e+01 2.915392e+00
-1.494103e+01 1.045377e+01
-1.895622e+01 9.887367e+00
-2.446671e+01 2.723587e+00
-9.977822e+00 -7.884728e+00
-1.296006e+01 -4.829506e+00
-1.595808e+01 7.764057e+00
-1.202555e+01 5.295880e+00
-1.964895e+01 -8.470204e-01
-1.945468e+01 -3.961644e+00
-1.682240e+01 2.430463e+00
-1.429560e+01 -7.739520e-01
-1.945711e+01 -4.532249e+00
-1.329467e+01 -3.966072e-01
-1.691277e+01 4.789815e+00
-1.369096e+01 7.009919e+00
-1.651502e+01 4.973881e+00
-1.304467e+01 -3.510568e-01
-1.880902e+01 3.898731e+00
-1.646267e+01 1.851024e+00
-1.819955e+01 -1.283760e+01
-1.259701e+01 -8.836908e+00
-1.499146e+01 7.822831e+00
-2.140748e+01 -2.340159e+00
-1.404624e+01 6.274329e-01
-1.186130e+01 1.255054e+00
-9.043267e+00 1.623176e+00
-1.941366e+01 5.815788e-01
-1.846175e+01 2.586752e+00
-1.607776e+01 5.173578e+00
-1.306166e+01 4.060549e-01
-1.983703e+01 3.251208e+00
-1.806401e+01 -2.345589e+00
-1.814520e+01 9.608538e-01
-1.624910e+01 -6.351596e-01
-9.407092e+00 -4.462144e-01
-1.899023e+01 1.234714e+00
-1.403147e+01 1.168526e+01
-1.113595e+01 1.999104e+00
-1.024707e+01 4.910700e+00
-1.116275e+01 6.375345e+00
-1.647581e+01 2.685229e+00
-1.344656e+01 4.777830e+00
-2.145965e+01 3.707189e-01
-1.709540e+01 2.007383e+00
-1.597870e+01 3.614410e+00
-1.715494e+01 2.764813e+00
-6.654818e+00 -4.750933e+00
-1.091316e+01 1.500270e-01
-1.039219e+01 5.862127e-01
-6.959620e+00 2.129988e+00
-4.024576e+00 -4.797861e+00
-1.396631e+01 -5.063151e+00
-1.093010e+01 -1.502687e+00
-1.377165e+01 -4.757019e+00
-9.578815e+00 -2.071454e+00
-1.039050e+01 -4.971715e+00
-1.330113e+01 3.044039e-01
-4.866583e+00 1.762366e+00
-6.940761e+00 1.405327e-01
-1.145577e+01 -1.301553e+01
-6.390457e+00 4.843330e+00
-8.994065e+00 -3.978602e+00
-8.185758e+00 7.674165e-02
-7.798897e+00 -4.478299e+00
-1.470788e+01 -3.459352e+00
-1.434850e+01 -6.157221e+00
-8.107320e+00 -3.442821e+00
-1.556856e+01 -5.440652e+00
-8.317770e+00 -4.995334e+00
-1.412432e+01 6.560862e+00
-1.304531e+01 1.402832e+00
-2.002029e+01 -1.038823e+01
-8.089997e+00 -3.999164e-02
-1.042861e+01 -1.010764e+00
-1.115705e+01 -1.026250e+01
-1.038774e+01 9.736647e+00
-1.595076e+01 -6.355873e+00
-2.048316e+01 -5.100057e+00
-1.527188e+01 -7.578000e-01
-1.569845e+01 -5.159040e+00
-1.543082e+01 2.726544e+00
-1.326297e+01 -8.135575e+00
-1.599461e+01 -1.454799e+00
-1.004344e+01 5.962602e+00
-1.543448e+01 -7.191217e+00
-9.342679e+00 5.722324e+00
-1.469478e+01 9.548544e+00
-1.521101e+01 4.868666e+00
-1.858266e+01 -1.250045e+00
-2.156592e+01 3.001731e+00
-1.612083e+01 -4.209175e+00
-1.292961e+01 7.159439e+00
-1.158040e+01 1.141036e+01
-1.323444e+01 3.789334e+00
-1.726191e+01 -4.331491e+00
-1.712150e+01 -4.062316e+00
-1.269352e+01 2.120696e+00
-1.508752e+01 -1.609154e+00
-6.129576e+00 -9.104342e-01
-9.204865e+00 1.340746e+00
-1.652360e+01 -6.315468e+00
-1.988879e+01 1.057318e+01
-2.238359e+01 -5.952000e+00
-1.757463e+01 6.258607e+00
-1.128981e+01 1.062484e+01
-1.058865e+01 -9.697691e+00
-1.434735e+01 1.682859e+00
-1.325826e+01 -2.689984e+00
-8.323573e+00 -3.526377e+00
-1.332234e+01 5.077004e+00
-5.644791e+00 -6.563361e+00
-1.269403e+01 -9.014400e-01
-8.652142e+00 3.859776e+00
-1.464597e+01 -3.174073e+00
-1.168757e+01 -1.029285e+01
-8.878367e+00 -2.189612e+00
-1.205291e+01 3.310075e+00
-1.151320e+00 3.692602e+00
-1.109033e+01 4.098270e+00
-1.442889e+01 -4.700873e+00
-6.440425e+00 -7.424955e-01
-1.043831e+01 -3.236943e+00
-4.440420e+00 2.547044e+00
-4.826518e+00 -2.297932e+00
-1.300291e+01 -8.476240e+00
-1.332583e+01 -9.908327e+00
-8.318158e+00 -2.718686e+00
-1.667138e+01 -3.150585e+00
-1.202890e+01 -1.061315e+00
-1.016171e+01 4.986345e+00
-1.782078e+01 -2.452470e+00
-1.824061e+01 -9.956016e+00
-8.972004e+00 1.731315e+00
-1.013782e+01 -1.423281e+01
-7.697022e+00 -5.394936e+00
-1.926688e+01 7.854775e+00
-1.583032e+01 -4.477588e+00
-2.161406e+01 3.843919e+00
-1.488514e+01 -4.004188e+00
-1.951357e+01 5.969771e+00
-1.509707e+01 2.640550e+00
-1.781077e+01 -2.783062e+00
-1.472897e+01 -1.631889e+00
-1.596447e+01 -8.569526e-01
-1.290143e+01 -5.010665e+00
-6.498992e+00 1.052870e+00
-1.420277e+01 2.705529e+00
-1.474737e+01 7.240440e+00
-1.967720e+01 -2.809373e+00
-2.452065e+01 1.951516e+00
-1.824328e+01 -4.874172e+00
-1.280756e+01 8.802970e-01
-1.577739e+01 9.078286e-01
-1.398238e+01 6.154695e+00
-1.594406e+01 -2.308613e+00
-1.767947e+01 4.261764e-02
-2.131558e+01 -1.752312e+00
-9.383118e+00 3.081645e+00
-4.823684e+00 -1.344735e+00
-1.237044e+01 4.680899e+00
-1.266469e+01 -1.797435e+00
-1.116026e+01 1.100513e+01
-1.901015e+01 2.410776e+00
-2.356983e+01 4.963895e+00
-1.880202e+01 9.446576e+00
-1.153904e+01 -8.001685e-01
-1.110335e+01 5.427892e+00
-1.367925e+01 -5.610905e+00
-9.319861e+00 -5.071718e+00
-1.569269e+01 -2.881393e+00
-1.197182e+01 1.750037e+00
-1.598806e+01 -4.557232e+00
-1.264403e+01 -4.529371e+00
-1.468356e+01 2.010287e+00
-1.060620e+01 7.249813e+00
-1.306915e+01 5.337910e-01
-1.017385e+01 3.180490e+00
-1.027213e+01 4.128054e+00
-1.412601e+01 4.864737e+00
-8.949277e+00 2.391589e+00
-9.041482e+00 -2.369243e-01
-1.329956e+01 -1.497608e+00
-1.325936e+01 3.023094e+00
-1.563554e+01 -1.008214e+01
-1.004087e+01 -8.799096e+00
-1.070106e+01 -4.961491e+00
-1.811508e+01 -3.763576e+00
-1.487806e+01 1.403533e+00
-1.929270e+01 1.699164e+00
-9.319300e+00 7.681181e-01
-9.420645e+00 3.346598e+00
-1.029506e+01 -4.622417e+00
-8.984118e+00 2.913529e+00
-1.127690e+01 -7.990270e+00
-1.420321e+01 -1.886870e+00
-2.099864e+01 1.197410e+01
-2.233840e+01 1.028746e+01
-1.712003e+01 2.845868e+00
-1.790834e+01 2.501346e+00
-2.257673e+01 8.708241e+00
-1.523846e+01 8.930838e+00
-1.858157e+01 5.264143e-01
-2.259619e+01 -1.209797e+01
-1.696768e+01 2.682060e+00
-1.604164e+01 -7.775527e-01
-1.876588e+01 2.865090e+00
-2.176838e+01 2.423378e+01
-1.203581e+01 6.863187e+00
-1.702106e+01 -4.218621e+00
-2.086999e+01 7.282676e+00
-2.216240e+01 2.956394e+00
-1.268739e+01 8.741666e-02
-1.498793e+01 -4.670574e+00
-1.499450e+01 -2.736996e+00
-1.316674e+01 -1.939661e+00
-1.818344e+01 3.388435e+00
-1.323265e+01 8.309518e+00
-1.784503e+01 -5.768330e-01
-2.101333e+01 -1.830283e+01
-6.888050e+00 5.422411e-01
-7.721496e+00 1.905349e+00
-1.114901e+01 2.011174e-01
-2.043581e+01 2.030156e+00
-9.078751e+00 7.533792e+00
-1.814826e+01 4.868022e+00
