-4.029986e+00 -4.165051e+00 -6.982260e+00 -1.631005e+01
-1.754608e+00 2.810837e+00 -4.861840e+00 -8.471251e+00
5.278389e+00 2.143428e+00 -3.443047e+00 -1.035939e+01
5.469559e-01 1.290171e+00 -3.861200e+00 -5.456392e+00
1.084956e-01 9.114707e-01 -1.418804e+01 -1.517912e+00
-2.562607e+00 1.472436e+00 -7.633817e+00 5.373673e+00
-2.109706e+00 1.090497e+01 -6.181792e+00 -1.055924e+01
-1.986167e+00 3.939227e+00 -2.209414e+00 -1.463446e+01
-5.703517e+00 9.470609e-01 -7.357924e+00 -4.544717e+00
-7.204633e-01 2.260662e+00 -7.649010e+00 -5.705540e+00
-6.888620e+00 -9.721106e+00 -6.247915e+00 -1.459462e+00
-9.772747e+00 -1.126827e+01 -4.390460e+00 -1.595788e+00
1.533449e+00 -2.972327e+00 -3.001528e-01 -2.749911e+00
2.573252e-01 -6.202867e+00 1.088589e+00 -1.598030e+00
-6.044880e+00 -9.076247e+00 -7.361006e+00 -5.171814e-01
-3.148267e+00 -6.951062e+00 -6.711192e+00 -1.123355e+00
-6.363203e+00 -8.307335e+00 -2.771790e+00 3.028539e+00
-1.181040e+01 -8.163455e+00 -2.231134e+00 2.497149e+00
-7.156793e+00 -6.668146e+00 -3.199739e+00 -1.342737e+00
-7.783744e+00 -8.061034e+00 -5.093379e+00 2.903491e+00
1.595453e+00 -9.403863e+00 -3.174552e+00 -4.785142e+00
-1.945218e+00 -6.008539e+00 -8.268865e-03 -5.661899e-01
-2.773496e+00 -3.747613e+00 -6.261463e+00 1.936103e+00
-6.707781e+00 2.612477e+00 -3.588621e+00 1.164592e+00
-9.529481e+00 -6.077939e+00 -2.897574e+00 1.414302e+00
-1.069882e+01 -9.033845e+00 6.202843e-01 2.146740e-01
-6.425367e+00 -7.349586e-01 -5.286204e+00 -2.125928e-01
-7.605663e+00 -5.005864e+00 -4.609314e+00 -7.095138e+00
-8.220427e+00 -1.013736e+01 -6.325543e-01 -3.463818e+00
-7.674472e+00 -8.597343e+00 -4.768194e+00 2.489097e+00
-5.527172e+00 -3.604525e+00 -3.185508e+00 -1.186250e+00
-2.433470e+00 -4.505408e+00 -4.216278e+00 4.321875e+00
-9.393285e+00 -1.561980e+00 -1.700253e+00 1.742892e+00
-8.820905e+00 2.299269e-01 -6.542786e+00 1.531784e+00
-3.583802e-01 -5.889103e+00 -4.103257e+00 3.772792e+00
-9.301367e+00 1.265838e+00 -1.056050e+01 1.112275e-01
-3.060097e+00 -1.063207e+00 1.447110e+00 -7.963327e-01
-2.542229e+00 -6.752062e+00 1.568948e+00 -7.231272e-01
-7.376992e+00 -9.100610e+00 -2.163847e+00 -2.950516e+00
-1.266539e+01 -6.836168e+00 -5.111263e+00 1.259677e+00
-9.516150e+00 -5.866595e+00 -6.731915e-01 -1.356842e+00
-1.051513e+01 -7.288742e+00 4.658469e-01 8.020880e-01
-2.106735e-01 -9.279743e+00 -3.377580e+00 7.067703e-01
-1.730155e+00 -3.628680e+00 -2.974238e+00 -2.639515e+00
-2.902763e+00 -3.152512e+00 -4.876857e+00 -2.355295e+00
-2.635544e+00 -4.477937e+00 -6.228777e+00 -6.662102e+00
-4.236591e+00 -7.298656e+00 -2.776235e+00 5.949015e+00
-2.752569e+00 -4.777065e+00 -2.717416e+00 5.232032e+00
-5.607381e+00 -1.478630e+00 -7.087514e+00 7.664895e-01
-2.006774e+00 -4.811690e+00 -5.022331e+00 -2.913731e+00
-5.953591e+00 -7.399711e+00 -3.155405e-01 1.409861e+00
-2.985236e+00 -1.203256e+01 -3.678071e+00 3.907742e+00
-4.625039e-01 -1.003582e+01 1.960480e+00 -9.020656e+00
-2.615841e+00 -1.297085e+01 -2.017608e-01 -2.191640e+00
-7.426294e+00 -3.197995e+00 -3.253595e-01 2.452029e+00
-8.666955e+00 -8.340241e+00 -2.978109e+00 3.030700e+00
-8.466437e+00 -8.904986e+00 -2.749099e-01 4.066504e+00
-8.237209e+00 -1.304778e+01 -2.224686e+00 4.912930e+00
-5.598378e+00 -9.600398e-01 -4.054735e+00 -6.144302e-01
-3.389122e+00 -5.897147e+00 -1.725017e+00 -2.272525e-01
-3.392816e+00 -8.167732e+00 -2.393877e+00 1.911381e+00
-7.407952e+00 -1.858073e+00 -4.093483e+00 -3.263240e+00
-5.587146e+00 -3.957115e+00 -2.309348e+00 -4.007867e+00
-4.508982e+00 -2.944499e+00 -2.283756e+00 -5.665956e+00
-5.169097e+00 -5.538043e+00 -3.827789e-01 -3.499284e+00
-2.675522e+00 -1.286288e+01 -8.464849e+00 -7.486818e+00
-4.924672e+00 -5.484818e-01 -5.910925e+00 -1.287070e+00
-6.253989e+00 -7.722260e+00 -5.141927e+00 -1.075409e+00
-2.277075e+00 -1.013934e+01 -3.172693e+00 -1.074451e+00
-5.696178e+00 -1.555902e+01 -2.055543e+00 8.346233e+00
5.190528e+00 -5.950503e+00 3.090633e+00 -2.971964e-01
4.199963e-01 -4.855182e+00 -1.337038e+01 -6.995968e+00
2.263132e+00 -1.100331e+01 -3.635689e+00 2.421058e+00
3.208084e+00 -1.236649e+01 -2.956493e+00 8.016354e+00
-1.823675e+00 -9.276390e+00 -1.177313e+00 3.807355e+00
-1.855782e+00 -5.475572e+00 1.233083e-01 4.084479e+00
-4.651113e+00 4.010904e-01 -3.940730e+00 7.738185e-01
-2.197398e+00 -3.211540e+00 1.038580e-01 -2.338456e+00
7.130851e-01 -5.128317e+00 1.343834e+00 -6.073541e+00
4.142824e+00 -4.200610e+00 -4.387150e+00 -1.886627e+00
3.597996e+00 -2.606333e+00 -2.523741e+00 -3.625909e+00
2.446838e+00 -5.777529e+00 2.625546e+00 3.883902e+00
2.634742e+00 -5.852719e+00 1.935942e+00 8.534179e+00
2.823102e+00 -6.970346e+00 -1.249579e+00 4.206356e+00
-6.790380e-01 -2.864475e+00 -3.912763e+00 -5.372208e+00
-1.549610e+00 -4.029635e+00 -6.203932e+00 3.631592e+00
-3.647905e+00 -2.042904e+00 -7.946138e-01 2.062053e+00
-6.293303e+00 -2.759199e+00 2.368081e+00 3.112160e+00
-2.603251e-01 -7.124605e+00 -4.829714e-02 7.876715e+00
6.055366e+00 -6.150979e+00 3.329276e-02 8.195698e+00
6.555892e+00 -3.232878e+00 3.275755e-01 2.109830e+00
1.177702e+00 -6.809824e+00 1.239202e+00 3.266324e+00
3.226812e+00 -6.055254e+00 -4.634012e+00 3.612741e+00
5.162487e+00 -4.928710e+00 -3.595332e+00 8.475613e+00
6.161817e+00 -7.453017e+00 1.486674e+00 7.052376e+00
8.365917e+00 -3.439062e+00 -3.508300e+00 8.356250e+00
-2.170919e+00 3.016575e-01 -4.846360e+00 -4.216195e+00
-5.699939e+00 1.686195e+00 -6.481353e+00 -2.509377e+00
-5.594041e-01 -1.167872e+01 1.976249e+00 -3.398726e-02
-2.895615e+00 -9.285746e+00 1.434625e+00 2.479497e+00
4.396844e+00 -3.008434e+00 2.425359e-02 -4.129346e-01
2.849745e+00 -3.569199e+00 -2.583915e+00 1.900890e+00
3.180652e-01 -8.497819e+00 -5.984172e+00 5.190721e+00
2.354994e+00 -1.403472e+01 -6.897865e+00 3.237437e+00
-1.820980e-01 -1.363482e+01 -2.929337e+00 6.785343e+00
4.938835e+00 -9.212233e+00 -2.354961e+00 5.259800e+00
-5.197816e-01 -9.702524e+00 2.964585e+00 9.874287e+00
-4.623574e-01 -9.848718e+00 1.388660e+00 3.659524e+00
2.063102e+00 1.366811e+00 -1.488505e-01 2.495813e+00
-1.252284e+00 -3.089485e+00 -2.091617e+00 2.771591e+00
1.798720e+00 -2.038065e-01 8.290033e-01 1.318109e+00
4.148585e+00 -6.712415e+00 5.521658e-01 1.668866e-01
2.683837e+00 -8.269912e+00 -9.705217e+00 3.715657e+00
3.933297e+00 -4.565278e+00 -1.929943e+00 3.699778e+00
5.883285e+00 -1.865576e+00 -1.461813e+00 2.306293e+00
1.046601e+01 -9.151261e+00 -2.162268e+00 5.419137e+00
3.180879e-01 -1.245708e+01 -4.051421e+00 6.176854e+00
1.507049e+00 -1.265549e+01 -6.748275e+00 7.619056e+00
6.110206e+00 -6.803172e+00 -9.321222e-01 2.555021e+00
3.996374e+00 -9.299164e+00 1.832966e-01 4.188464e+00
1.542600e+00 -5.648474e+00 -4.568427e+00 1.615671e+00
5.708464e-02 -2.277049e+00 -3.259917e+00 5.933905e+00
8.679241e+00 -8.833212e+00 -7.542006e+00 7.800712e+00
4.660886e+00 -7.121635e+00 -5.361236e+00 5.837960e+00
-4.597208e+00 -4.777668e+00 -3.121769e+00 1.164315e+00
-3.233557e+00 -3.792018e+00 -4.798341e+00 1.785946e+00
5.006664e+00 -6.883179e+00 -5.476677e+00 4.824925e+00
1.028693e+01 -7.422570e+00 -5.095607e+00 1.484931e+00
8.828280e+00 -4.981648e+00 -8.158039e+00 2.287990e+00
1.149348e+01 -3.520322e+00 -5.108745e+00 1.769554e+00
-8.461666e+00 -5.559694e+00 -4.988288e+00 -4.709355e+00
-5.809655e+00 -3.521058e+00 -9.117862e+00 -6.821656e-01
-1.524397e+00 -9.510120e+00 -2.560501e+00 -4.572636e+00
-9.064584e+00 -5.380846e+00 -6.015905e+00 4.398921e-01
-5.183538e+00 -6.687895e+00 -2.745879e+00 -7.307198e-01
-5.842130e-01 -9.653444e+00 -2.009386e+00 -8.629299e+00
-2.867503e+00 -6.247846e+00 -2.208918e+00 -5.275913e+00
-5.512677e+00 -9.790582e+00 -4.244688e+00 3.284687e-02
-9.406666e+00 -2.653983e+00 -4.560353e+00 -4.075084e+00
5.311663e+00 -2.930430e+00 -1.199141e+01 -8.347636e-01
-6.665287e+00 -6.232385e+00 -3.261070e+00 -7.985469e-01
-2.884002e+00 -1.112980e+01 -3.782336e+00 -1.293092e+00
-1.364704e+01 -1.680511e+00 -6.166659e+00 4.102626e-01
-8.133290e+00 -4.343579e+00 -8.517119e+00 -1.069260e-01
-5.941024e+00 -4.381528e+00 -1.809715e+00 -3.921639e+00
-4.618250e+00 -8.497257e+00 -8.683498e+00 3.710758e-01
-7.017045e+00 -4.794159e+00 -4.586718e+00 9.774441e-01
-1.171810e+01 -5.655316e+00 -4.096952e+00 1.980443e+00
-3.161223e+00 -4.770312e+00 -1.882221e+00 -5.291206e+00
-2.613855e+00 8.763249e-03 -8.939693e+00 1.383433e+00
-3.591278e+00 -1.011843e+01 -2.620759e+00 -3.755424e+00
-2.662954e+00 -6.698024e+00 -3.634872e+00 8.638873e-01
-4.122316e+00 -7.167590e+00 -2.880140e+00 6.922002e+00
-1.097572e+01 -3.144816e+00 -7.680754e+00 2.335407e-01
-5.349626e+00 -4.952266e+00 -8.593983e+00 -5.637586e+00
1.292011e+00 -9.930072e+00 -3.105007e+00 -6.138359e-01
-7.753630e+00 -8.010972e+00 -8.559982e-01 -3.952604e-01
-5.965145e+00 -8.096422e+00 -1.109587e+01 -4.901080e-01
-4.806991e+00 -4.045687e+00 -9.697463e-01 4.889979e-02
-1.374959e+00 3.674280e+00 4.573607e-01 1.244910e+00
1.614848e+00 -1.307500e+01 -1.243641e+00 7.045728e+00
-1.460056e+00 -5.511981e+00 -1.597859e+00 4.089458e-01
-6.796984e+00 -5.754306e+00 -1.874509e-01 6.506787e+00
3.807772e+00 -5.233371e+00 -3.044888e+00 5.754023e+00
5.203835e+00 -8.565346e+00 -3.136043e+00 4.145114e+00
-3.338630e+00 -5.620798e+00 2.945980e-02 8.986578e-01
-3.767390e+00 -9.969186e+00 -2.987949e+00 5.544975e+00
8.522647e+00 -1.118443e+01 -2.869507e+00 1.022610e+00
2.670268e+00 -8.755008e+00 3.328843e-01 2.109208e+00
-3.714768e+00 -8.925717e+00 -1.704250e+00 5.586543e+00
-9.849023e-01 -1.107499e+01 -3.370081e+00 4.056690e+00
3.325316e+00 -1.083990e+01 -3.420439e+00 8.257320e+00
1.023729e+01 -1.023518e+01 -4.732226e+00 6.142987e+00
3.045792e+00 -4.060337e+00 1.990145e+00 6.303051e+00
7.286645e-01 -3.178890e+00 -3.435868e+00 -1.763932e-01
-5.808369e+00 -9.151029e+00 -4.573400e-01 2.249414e+00
6.761653e+00 -1.404191e+01 -4.830223e+00 1.260804e+01
9.570003e+00 -3.854289e+00 -4.171131e+00 1.460770e+00
-3.176635e+00 -8.686741e+00 -1.768071e+00 1.819288e+00
3.899000e+00 -5.315014e+00 9.505742e-02 1.041395e+00
3.089514e+00 -4.151519e+00 3.269243e+00 4.516153e+00
-1.922867e+00 -6.661837e+00 8.109331e-01 5.503492e+00
-8.406151e-01 -1.764112e+00 -7.014101e+00 1.632589e+00
-1.532607e-01 -5.036097e+00 -5.692578e+00 1.894367e+00
9.641123e+00 -3.716028e+00 2.609143e-01 1.700982e+00
8.900249e+00 -5.380821e+00 -5.039226e+00 1.610568e+00
1.924706e+00 -9.254061e+00 6.898563e-01 4.754782e+00
5.772744e+00 -9.162216e+00 -4.409114e+00 4.297103e+00
5.875228e+00 -8.845836e+00 -5.695273e+00 3.806148e+00
1.044472e+00 -8.522357e+00 6.043152e-01 5.942473e-01
-3.655564e+00 -1.032237e+01 -5.789271e+00 -8.097810e-01
-3.796349e+00 -1.882230e+00 -4.217587e+00 9.476646e-01
-2.173078e+00 -1.173315e+01 -1.341674e+00 -1.429169e+00
-1.189181e+01 -3.597657e+00 -7.528240e+00 -8.118842e+00
-4.709057e+00 -4.713769e+00 -6.800413e+00 -3.004448e+00
-7.262855e+00 -1.064713e+01 -3.688693e+00 1.438394e-01
-3.994060e+00 -5.627816e+00 -8.504140e+00 -3.188573e+00
-5.975994e+00 -1.168668e+01 -4.447427e+00 1.847870e+00
-3.013883e+00 -4.673825e+00 7.495146e-01 -3.055552e+00
-2.448241e+00 -2.433742e+00 -6.468718e+00 2.760168e+00
-6.029473e-01 -6.185375e+00 -4.221409e+00 -4.074300e+00
-2.982186e-02 -1.259875e+01 -5.223943e+00 -7.973719e-02
-1.217604e+01 -3.103150e+00 -6.003897e+00 -2.805924e-01
-9.413737e+00 -4.330269e+00 -3.537046e+00 -8.664647e-01
-1.190632e+00 -6.245260e+00 -2.908702e+00 -3.147203e-01
-6.324277e+00 -9.299939e+00 -4.329531e+00 3.982193e+00
-7.842327e+00 -1.999953e+00 -3.467440e+00 1.269264e+00
-7.209059e+00 -3.065599e+00 -3.591229e-01 1.570340e-01
-2.193365e+00 -5.883525e+00 4.365865e-01 -4.248650e+00
-5.220670e-01 -1.063096e+00 -2.842548e+00 5.804024e+00
-1.112765e+00 -7.587939e+00 -6.976553e+00 -4.330898e+00
-5.462224e+00 -5.542311e+00 -1.568686e+00 -8.550841e-01
-9.852405e+00 8.377227e-02 -3.832950e+00 2.855134e+00
-1.457300e+01 2.258397e+00 -3.596598e+00 -3.358569e+00
-8.077695e+00 -6.473984e+00 -4.179679e+00 -3.499728e+00
3.572602e+00 -8.483591e+00 -3.194834e+00 3.109243e+00
-6.141120e+00 -8.147212e+00 1.183696e+00 5.008119e-01
-5.110644e+00 -1.081684e+01 -2.216640e+00 -7.304447e-03
-7.882392e+00 -4.754771e+00 -1.818116e+00 -1.431759e+00
-3.040960e+00 -3.726082e+00 -2.488860e+00 1.466257e+00
3.433435e+00 -1.610629e+01 -1.857664e+00 9.467515e+00
-2.194115e+00 -5.742922e+00 -3.725975e+00 4.096548e+00
-3.234226e+00 -3.124327e+00 1.600981e+00 2.337987e+00
6.830471e+00 -6.918993e+00 -5.563729e+00 4.054284e+00
2.234312e+00 -7.905117e+00 -1.648846e+00 2.806569e+00
-2.016572e+00 -6.797834e+00 -6.089894e-01 4.002595e+00
2.108036e+00 -1.223495e+01 -5.029779e+00 9.115690e+00
8.695499e+00 -3.125995e+00 -4.738309e+00 7.469983e-01
8.723068e-01 -3.624656e+00 -4.493775e+00 2.123719e+00
-3.787006e+00 -1.062656e+01 -3.647693e+00 5.871694e+00
-4.192150e+00 -1.116211e+01 -4.161951e+00 3.614596e+00
-1.739453e+00 -1.035606e+01 -2.838060e+00 6.301726e+00
1.057929e+01 -7.390006e+00 -3.660594e+00 4.588378e+00
1.574199e+00 -3.448335e+00 -1.014845e+00 2.169281e+00
7.577641e-01 -3.072610e+00 -1.040065e+00 -4.020161e-01
1.231059e+00 -8.363061e+00 2.810278e-01 -4.408768e+00
6.591480e+00 -1.270111e+01 -3.626851e+00 1.022056e+01
1.033868e+01 -4.056446e+00 1.635699e-01 3.195544e+00
-2.155116e+00 -1.116398e+01 -4.949152e+00 6.235730e+00
2.023394e-02 -5.639914e+00 1.405629e+00 -2.996296e+00
8.158231e+00 -1.170039e+01 -2.264288e+00 2.911959e+00
9.013886e-01 -9.801902e+00 -2.752435e+00 6.417099e+00
-2.840253e+00 -4.228603e+00 1.959383e-01 2.855869e+00
2.347717e+00 -3.852447e-01 -3.581643e+00 -1.408255e+00
1.106605e+01 -8.564623e+00 -4.486762e-01 1.371738e+00
7.368951e+00 -7.758183e+00 -3.133290e+00 1.573145e+00
-1.522653e+00 -1.017469e+01 1.787423e+00 4.379836e+00
9.100996e+00 -1.050543e+01 -1.977910e+00 8.438657e+00
1.418534e+01 -5.494515e+00 -3.611492e+00 3.629931e+00
3.451655e+00 -1.097048e+01 -8.440421e-01 -3.495857e-01
-5.158851e+00 -6.648187e+00 1.252208e+00 -4.905611e+00
-1.223371e+00 -4.156531e+00 -1.701018e+00 -5.996017e+00
-3.251738e-01 -9.748930e+00 -7.079528e+00 -2.423251e+00
-2.236798e+00 -7.080637e+00 -4.832135e+00 8.917613e-01
-8.863082e+00 -3.175842e+00 -3.988619e+00 1.946913e+00
-5.119884e+00 -5.597079e+00 -2.901050e+00 5.021438e-01
-6.996320e+00 -9.951240e+00 -1.756705e+00 -3.240384e-01
-3.101515e+00 -5.637018e+00 -3.484308e+00 8.358263e-01
-3.862454e-01 -2.679112e+00 -1.570853e+00 -2.553713e+00
7.060975e-02 -4.476881e+00 -2.502112e+00 -5.996515e-01
-1.121573e+01 -7.956828e+00 -2.312526e+00 -2.873972e+00
-7.394341e+00 -9.053622e+00 3.383167e-01 1.705620e+00
-3.216571e+00 -9.002764e+00 -3.691126e+00 3.801511e+00
-5.332731e-01 -1.141992e+01 -3.547449e-01 3.139260e+00
-5.493150e+00 1.139728e+00 -9.707134e+00 -4.905882e+00
-3.882987e+00 -2.848922e+00 -8.373729e+00 -4.483815e+00
-6.083948e+00 -7.112314e+00 -4.566048e+00 -6.430660e-01
-6.639466e+00 -5.359893e+00 -4.721125e+00 -3.700782e+00
-8.056944e+00 -6.240299e+00 -5.561087e+00 -7.025970e-01
-5.686973e+00 -8.661235e+00 -5.029511e+00 -4.238087e-01
3.749459e-03 -7.099281e+00 -5.061202e+00 -4.922758e+00
4.917548e-01 -1.008975e+01 -7.308398e+00 -6.959986e-01
4.812650e+00 2.296414e+00 -4.030010e+00 2.270377e-01
1.186683e+00 1.372892e+00 -6.094507e+00 -6.462542e-01
-5.537277e+00 -5.518258e+00 -7.604179e+00 -6.238949e+00
-4.251727e+00 -3.676997e+00 -5.681194e+00 -4.779059e+00
-8.526622e+00 5.092971e-01 -1.379904e+00 9.618474e-01
-7.465768e+00 -4.654521e+00 -3.525966e+00 4.005799e-01
-7.317458e+00 -4.147363e+00 -3.195004e+00 2.442180e+00
-6.348588e+00 -6.140564e+00 -2.539325e+00 1.182265e+00
6.391663e+00 -8.701919e+00 1.081785e+00 2.949693e+00
1.197446e+01 -7.240713e+00 -2.378734e+00 2.701163e+00
7.538800e+00 -4.253072e+00 -6.310582e+00 1.021876e+01
1.067483e+01 -5.050937e+00 -3.465293e+00 7.873985e+00
5.813557e-01 -7.082962e+00 -2.657122e+00 2.852933e+00
4.677645e+00 -7.436921e+00 -4.646941e+00 5.543324e+00
-4.684882e+00 -1.485107e+01 2.164737e+00 7.558970e+00
-3.075665e+00 -1.659817e+01 -2.478891e+00 6.338379e+00
2.074321e+00 9.279686e-01 -8.018843e+00 4.311462e+00
4.706147e+00 -9.268960e+00 -5.559835e+00 3.073367e+00
1.046180e+01 -6.184142e+00 -6.200037e+00 2.753881e+00
1.249027e+01 -4.345091e+00 -1.676784e+00 5.049117e+00
5.218032e+00 -2.760159e+00 8.248552e-02 1.442066e+00
3.420796e+00 -3.178550e+00 -2.027184e+00 8.442782e-02
1.451467e+01 -1.576530e+00 -2.238397e+00 -7.011253e-01
2.283162e+00 -3.117068e+00 -7.911808e-01 2.525131e+00
5.798912e+00 -4.923151e+00 -4.502247e+00 -5.265920e+00
1.831651e+00 -5.805018e+00 -6.002800e+00 5.856954e+00
1.079615e+00 -1.574787e+01 -4.418884e+00 -6.001950e-01
-1.751681e+00 -1.475477e+01 -6.921117e+00 -7.279414e-01
-4.501464e+00 6.955074e-01 -9.471377e+00 8.207934e-01
-1.483636e+00 -3.391786e+00 -8.328762e+00 1.267146e+00
-2.916201e+00 -1.072575e+01 -6.785579e+00 8.549692e-01
5.687209e-01 -1.375708e+01 -4.900280e+00 2.983620e+00
6.542867e+00 -9.643730e+00 -5.076230e+00 4.366442e+00
9.267697e+00 -5.999393e+00 -5.716018e+00 5.470477e+00
9.850136e+00 -7.376536e+00 -7.944773e+00 1.596421e+00
8.967181e+00 -7.687133e+00 -3.294655e+00 6.187973e+00
-4.435106e+00 -5.248156e+00 -4.627972e+00 6.930902e+00
-5.500835e+00 -3.157952e+00 -2.273034e+00 3.541609e+00
-1.241983e+01 -5.714865e+00 -4.755588e+00 -5.219637e+00
-1.154061e+01 -7.689006e+00 -4.818626e+00 -4.994991e+00
-3.745220e+00 -4.568171e+00 -3.471707e-01 -3.945160e+00
-3.672277e+00 -6.465297e+00 2.098126e-01 -5.638681e+00
-8.352298e+00 -7.227687e+00 -2.900774e+00 2.362149e+00
-7.368359e+00 -7.840622e+00 -7.288722e+00 -3.910126e+00
-1.030238e+01 -8.795528e+00 -9.425864e+00 -7.485809e-01
-1.226911e+01 -3.830932e+00 1.172803e+00 5.611516e-01
-9.280424e+00 -2.672907e+00 -2.356905e+00 -6.014155e-01
-1.062418e+01 -3.998563e+00 -2.919220e+00 3.042709e-01
-3.458886e+00 -9.887359e+00 -3.301298e+00 -3.729268e+00
7.598130e-01 -1.044607e+01 3.853209e-01 -5.446023e+00
-8.053231e+00 -6.460517e+00 1.816419e+00 -4.002551e+00
-5.307367e+00 -3.317589e+00 -3.571174e-01 -1.069077e-01
-1.233829e+01 -6.716022e+00 -2.050918e+00 -2.543320e+00
-1.076683e+01 -7.673085e+00 -3.436441e+00 4.514847e-01
-5.994907e+00 -6.256654e+00 -3.955159e+00 -3.273888e+00
-5.910782e+00 -3.765184e+00 -4.943634e+00 -5.657069e+00
-9.356378e+00 -5.693838e+00 -4.282999e+00 -5.435376e+00
-1.193169e+01 -4.910604e+00 -4.129772e+00 -4.582415e+00
-7.810215e+00 -3.719567e+00 -6.862366e+00 -5.367753e-01
-1.060634e+01 -4.847762e+00 -4.064837e+00 -1.333092e-01
-1.269655e+01 -5.961595e+00 -2.418076e+00 -3.430356e+00
-8.649429e+00 -6.784147e-01 -1.944615e+00 -2.766617e+00
-1.145423e+01 -1.364720e+00 -5.241011e+00 -4.064181e+00
-1.340463e+01 -2.396049e-01 -9.550073e+00 -2.878068e+00
-6.189830e+00 -2.727156e+00 -2.986819e+00 -3.356365e+00
-8.734944e+00 -3.813753e+00 -4.821408e+00 -2.989994e+00
-4.971517e+00 -8.367587e+00 -2.117771e+00 -9.645978e+00
-8.663418e+00 -4.284605e+00 -4.407127e+00 -6.345688e+00
-1.011648e+01 -4.108673e+00 -4.579189e+00 -7.970790e-01
-1.248494e+01 -9.725331e+00 -1.153041e+00 2.366109e+00
-5.497235e+00 -4.387302e+00 -3.165709e+00 -7.238760e+00
-2.878199e+00 -5.471508e+00 -2.248946e+00 1.920632e+00
-6.084415e+00 -2.642478e+00 -6.552707e+00 9.408854e-01
-9.272598e+00 -2.853225e+00 -7.682288e+00 -1.470792e+00
-4.049952e+00 -6.061200e+00 -4.500638e+00 2.795920e+00
-7.801382e+00 -7.063083e+00 -3.194386e+00 2.201682e+00
-5.359751e+00 -1.125907e+01 -2.933264e+00 -2.507201e+00
-5.985976e+00 -7.311985e+00 -1.318681e+00 -2.276829e+00
-1.181515e+01 -5.163214e+00 -1.282578e+00 -3.041819e+00
-8.104769e+00 -3.338258e+00 -3.468925e+00 -7.882448e+00
-4.033487e+00 -1.042645e+01 -2.643218e+00 -7.809608e+00
-7.588891e+00 -8.137918e+00 -3.368185e+00 1.649511e+00
-1.279284e+01 -5.052882e+00 -5.667165e+00 -1.432178e+00
-1.221904e+01 -6.043382e+00 -2.421503e+00 -2.844669e+00
-1.087761e+01 -2.272739e+00 6.385027e-01 -1.709346e+00
-1.652466e+01 -1.793697e+00 6.159194e-02 4.241297e-01
-8.978298e+00 -4.635347e+00 -5.194250e+00 -8.079798e+00
-8.275453e+00 -3.607012e+00 -4.434033e+00 -2.343783e+00
-3.496059e+00 -5.241298e+00 -5.176938e+00 -7.365721e+00
-5.734622e+00 -4.773089e+00 -4.228977e+00 -1.465615e+00
-8.692772e+00 -4.909816e+00 -2.767323e+00 -8.382022e+00
-9.458988e+00 -5.876696e-01 -6.318503e+00 -8.316358e+00
-1.027990e+01 -5.587585e+00 -2.013326e+00 -9.402180e+00
-8.319410e+00 -7.888780e+00 -4.396125e+00 -4.163908e+00
-5.461124e+00 -5.004220e+00 -9.820606e+00 -4.083319e+00
-1.800713e+00 -4.281139e+00 -7.447927e+00 -8.835169e+00
-5.455861e+00 -5.342388e+00 -7.156584e+00 -1.288830e+00
-6.369546e+00 -6.402779e+00 -3.789379e+00 -7.913065e-01
3.770776e+00 -4.346416e+00 -2.545624e+00 5.018717e-01
-3.668289e+00 3.268321e+00 -1.874582e+00 -4.549246e+00
-5.554274e+00 8.836260e-01 -1.395796e+00 1.837545e+00
-7.282461e+00 -2.729862e+00 4.767732e-01 3.504197e+00
-1.000159e+01 -5.398018e+00 8.913043e-01 5.674635e+00
-6.383252e+00 -8.785025e+00 -3.052404e+00 4.342821e+00
-1.054289e+01 1.203142e+00 4.003332e-01 7.157194e-01
-9.276020e+00 -2.505100e+00 -3.091662e+00 2.211161e+00
-5.112796e+00 -5.930341e+00 2.860106e+00 -1.182215e+00
-4.608135e+00 -3.753584e+00 -1.067182e+00 -3.155605e+00
-1.915714e+00 -9.233512e-01 -5.101001e+00 5.809700e+00
-1.059013e+00 -8.678729e+00 -2.315499e+00 6.033925e-01
-1.161662e+01 3.502476e-01 -7.195258e-01 7.403910e+00
-3.821769e+00 -3.424030e+00 1.923136e+00 8.785094e+00
-2.149121e+00 -4.725237e+00 4.324613e+00 -1.630065e+00
9.406604e-01 -2.813185e+00 4.754093e-01 -4.513930e+00
-1.444413e+01 -8.845420e+00 -5.682186e+00 1.329982e+00
-1.210086e+01 -9.511944e+00 -4.661919e+00 2.731957e-01
-4.952013e+00 7.023299e-01 -4.944492e+00 5.652871e+00
-2.733638e-01 -4.145151e+00 -4.538483e+00 1.941461e+00
-5.603092e+00 -1.245941e+00 5.919941e-01 -2.150648e-01
-1.026377e+01 1.624917e+00 1.470775e-01 -4.859725e-01
1.464986e+00 -3.856405e+00 -6.091022e+00 5.066858e+00
3.686025e+00 1.734834e+00 -8.107617e+00 4.979565e+00
-4.036091e+00 -9.382624e+00 1.706933e+00 7.034936e-01
-3.723689e+00 -1.000497e+01 -1.679137e+00 2.671548e+00
-7.865004e+00 -4.133327e+00 -5.920984e+00 -4.277137e+00
-6.081591e+00 -3.803180e+00 5.493878e-01 -4.343155e+00
-7.690310e+00 -4.268125e+00 -2.309190e+00 1.339133e+00
-7.645651e+00 -2.193479e+00 4.182315e-01 -6.774672e+00
-4.355221e+00 -2.034663e+00 1.613580e+00 4.383885e+00
-7.826436e-01 -4.449136e+00 1.582872e+00 4.474217e+00
-8.609836e+00 -9.534614e+00 -4.379438e+00 7.130928e+00
-5.275932e+00 -1.224057e+01 -4.435903e+00 5.142832e+00
-1.046449e+01 -9.355874e+00 -4.899845e+00 -1.398265e+00
-1.080867e+01 -8.427339e+00 -5.604221e+00 1.007866e+00
-8.137676e+00 -9.889292e+00 -3.457855e-01 2.039408e+00
-7.719788e+00 -7.965082e+00 -1.685055e+00 2.889581e+00
-6.198193e+00 -1.162241e+00 1.396727e+00 -1.356055e+00
-6.345178e+00 -2.246541e+00 -3.836394e+00 2.061764e+00
4.305679e-01 1.514145e+00 -7.164283e+00 -2.177869e+00
-3.718428e+00 -2.324864e+00 -5.527172e+00 4.055261e+00
-2.323140e+00 -8.870792e+00 -2.403804e+00 2.533165e-01
-2.061430e+00 -3.124775e+00 -2.377693e+00 8.080070e-01
2.658181e+00 -6.661317e+00 -5.239509e+00 7.541867e+00
2.210523e+00 -6.127879e+00 -4.829183e+00 4.484265e+00
-7.102061e+00 -7.657731e+00 -5.387255e+00 3.520036e+00
-1.135758e+01 -8.171721e+00 -5.219237e+00 1.526195e+00
-3.377358e+00 -1.357999e+00 -5.811570e+00 4.332532e+00
-6.647956e+00 -1.748048e+00 4.440594e-01 7.664147e+00
-4.685538e+00 -2.475356e+00 -5.347779e-01 3.101663e+00
1.202373e+00 -5.787662e+00 -4.486384e+00 4.771157e+00
-5.906461e-01 -7.551185e+00 -6.725078e+00 5.364874e+00
6.737569e-01 -3.817090e+00 -7.338456e+00 7.638523e+00
-2.453688e+00 -3.089234e+00 2.279475e+00 3.063556e+00
-3.928788e+00 -2.891217e+00 -2.103812e+00 2.722534e+00
-2.106497e+00 -4.782794e-01 -7.037444e+00 2.817328e+00
-4.978734e-01 -4.501175e+00 -5.796785e+00 4.824237e+00
-3.974900e+00 -5.071285e+00 1.829622e+00 3.495333e-01
-5.911495e+00 -1.053792e+00 3.776101e+00 1.255613e+00
-1.104998e+00 -2.857503e+00 -4.391676e+00 -6.440766e+00
-8.765906e+00 -3.314632e+00 -4.392322e+00 -2.823874e+00
-1.097678e+01 -4.991307e+00 -3.210949e+00 -7.101468e-01
-6.319967e+00 3.512229e+00 -3.258466e+00 -3.780983e+00
-1.268534e+01 -2.692479e+00 -3.730801e+00 -6.312731e+00
-8.028846e+00 -5.428230e+00 -3.113119e+00 -2.523017e+00
-1.118984e+01 -1.862305e+00 -3.763333e+00 -6.763565e+00
-1.169880e+01 -5.814506e+00 -5.815713e+00 -3.647605e+00
-8.437567e+00 -3.497811e+00 -1.688422e-01 -6.765078e+00
6.961699e-01 -5.431188e+00 -6.727725e+00 4.158820e+00
-4.734953e+00 -6.614296e+00 -1.827616e+00 -2.131673e+00
2.339016e+00 -1.145044e+01 -8.175509e+00 9.592540e-01
-1.050696e+01 -8.742465e+00 -6.964377e+00 2.174745e+00
-1.567867e+01 -3.652782e+00 -1.306123e-01 -1.643067e+00
-6.245438e+00 -4.584576e+00 -3.181266e+00 -2.650735e+00
-8.507431e+00 -4.246307e+00 -6.330123e+00 -1.100773e+00
-1.377686e+01 -1.489321e+00 -6.220280e+00 2.151354e+00
-1.130126e+01 -5.110823e+00 -3.528645e+00 -1.248466e+00
-9.036207e+00 -4.631595e+00 -3.525492e+00 -4.333526e+00
-1.137030e+01 -1.969088e+00 -5.030552e+00 -5.107301e+00
-9.183060e+00 -5.764097e+00 -3.461593e+00 -8.751784e+00
-9.177371e+00 -2.228998e+00 -1.744196e+00 -1.360705e+00
-1.065420e+01 -5.221646e+00 -5.869730e+00 1.868685e+00
-1.564706e+01 -4.006438e+00 3.739138e+00 -4.089541e+00
-1.014407e+01 1.176201e+00 -2.794761e+00 5.995544e+00
-7.196970e+00 -6.443637e+00 -4.519385e+00 -3.545884e-01
-1.174169e+01 -9.536408e+00 -4.971081e+00 -2.278251e+00
-8.777128e+00 -6.788516e+00 -1.035449e+01 -3.017495e+00
-1.100176e+01 -1.854435e+00 -6.697579e+00 -4.529260e+00
-5.881639e+00 -4.194630e+00 -3.305851e+00 -6.490510e-01
-8.999139e+00 -3.424823e+00 1.300150e+00 7.183454e+00
-1.345202e+01 -3.097963e-01 -3.691838e-01 3.484481e-01
-1.028223e+01 -1.488126e+00 7.409414e-02 -3.954110e-01
-3.996062e+00 -4.647246e-01 -3.529785e+00 3.815104e+00
6.810581e-01 -1.059713e+01 -4.369227e+00 -9.694374e-01
-6.405909e+00 -7.016527e+00 -2.785314e+00 -5.965439e-01
-9.940481e-01 -8.183325e+00 -3.395694e+00 7.424840e+00
6.764387e+00 -4.940175e+00 -4.558715e+00 4.482217e+00
1.709164e+00 -2.170542e+00 -6.100287e+00 6.363010e+00
-7.717039e+00 -8.489632e+00 -6.691197e+00 2.774628e+00
-7.624908e+00 -1.319510e+00 -1.601738e+00 -5.599329e+00
2.833593e+00 -9.431737e+00 -4.627645e+00 7.601049e+00
-4.261685e+00 -4.092267e+00 -2.350995e+00 -7.166022e-01
-9.125803e+00 -1.909200e+00 -4.992584e+00 2.173160e+00
-3.589311e+00 -4.007818e+00 -4.119545e-01 1.452727e+00
-7.228584e+00 -7.906302e+00 -2.068241e-01 -3.141102e+00
-5.955909e+00 -1.050870e+01 -7.261680e+00 1.993863e+00
-2.316766e-01 -8.358768e-02 -5.087777e+00 2.350246e+00
-3.443014e+00 -1.386491e+00 -3.993591e+00 1.068155e-01
-5.248284e+00 -2.228135e+00 -9.070802e-01 -6.823973e+00
-7.904521e+00 -4.928069e+00 3.390347e+00 4.405443e+00
-1.140980e+01 -1.007005e+01 -4.536342e+00 9.655549e+00
-4.872448e+00 -5.611468e+00 -4.761564e+00 -7.789015e-02
-6.352860e+00 -1.133125e-01 -7.473403e+00 -2.856876e+00
1.333661e+00 4.552960e+00 -4.917552e+00 6.468497e+00
5.996984e+00 -2.646189e+00 -4.403662e+00 5.140911e+00
-6.443653e+00 -9.068472e+00 1.897588e+00 1.399260e+00
-5.020649e+00 -5.407695e+00 -5.462938e+00 6.018654e+00
1.728497e+00 -4.128742e+00 -4.273940e-01 -6.749974e-01
-1.742639e-01 -6.073919e+00 -4.382903e-01 1.102107e+00
-4.852607e+00 -7.421598e+00 -1.541745e+00 -6.213057e+00
-1.096816e+01 -2.668021e+00 -2.201837e+00 -2.771129e-02
-7.579889e+00 -1.052946e+01 -7.425810e-01 2.488019e+00
-5.706741e+00 1.355566e+00 -3.823279e-01 -3.155012e+00
-9.642883e+00 -4.778514e+00 -3.028787e+00 -1.375164e+00
-8.092106e+00 -4.174027e+00 -1.601259e+00 -4.982732e+00
-8.133868e+00 -4.243142e+00 -7.101979e+00 -5.081352e+00
-1.146226e+01 -5.171798e+00 -4.994551e+00 -4.684237e+00
-9.342458e+00 -3.892170e+00 9.141718e-01 -3.934520e+00
-1.511132e+00 -7.481882e+00 -5.479598e+00 5.380087e+00
-8.433217e+00 -5.606820e+00 1.488934e+00 -3.881338e+00
5.797468e-01 -6.037015e+00 -4.741421e+00 -7.552493e+00
-8.559675e+00 -5.545802e+00 -5.977849e+00 -1.533156e+00
-1.270742e+01 -9.470468e-01 4.834887e+00 -4.104261e+00
-7.283998e+00 -2.631287e+00 -5.212467e+00 -2.489741e+00
-6.161405e+00 -8.852162e+00 -7.069440e+00 -7.204415e+00
-9.898234e+00 -4.564457e+00 -6.658983e+00 -1.697771e-01
-1.059744e+01 -1.544710e+00 -2.190486e-01 -1.235807e+00
-4.698448e+00 -4.436802e+00 -9.279702e-01 -2.949542e+00
-8.978688e+00 -3.771720e+00 -1.165587e+01 -3.725224e-02
-2.094198e+00 -6.783078e+00 1.809518e+00 -3.931185e+00
-8.073525e+00 -4.977835e+00 -2.977422e+00 -1.421700e+00
-7.436645e+00 -5.455946e+00 -3.328600e+00 -3.590853e+00
-1.008490e+01 -4.499166e+00 -1.810504e+00 -2.427736e+00
-1.206296e+01 -7.475250e+00 -8.490908e-01 -3.484931e+00
-2.532226e-01 -1.243543e+01 -6.582668e+00 -1.315201e+00
-5.977775e+00 -8.337859e+00 -7.304227e+00 -2.180427e+00
-5.305695e+00 -4.771423e+00 -1.206507e+01 -2.479622e+00
-1.367204e+01 7.210769e-01 -3.840690e+00 -7.077654e+00
-5.501036e+00 -1.973935e+00 -4.918673e+00 7.166501e-01
-9.455104e+00 -4.520712e+00 4.550644e-01 1.810814e+00
-6.387419e+00 -4.682609e+00 -1.665980e+00 1.806103e+00
-7.524295e+00 -3.664806e+00 1.888464e+00 8.789110e-02
-3.350948e+00 1.071268e+00 -6.453981e+00 8.218543e-01
-1.129445e+00 -1.223127e+00 3.193644e+00 2.095926e+00
-4.581443e+00 -1.426959e+00 -4.071148e+00 8.415930e-01
-3.866301e+00 -2.543793e+00 -7.869942e+00 6.304113e+00
-5.408541e-01 -1.403438e+00 -9.373672e+00 3.967702e-01
6.903112e-02 -8.688489e-01 -2.629587e+00 4.329914e+00
-1.089715e+01 -6.520168e+00 -7.510045e+00 2.807887e+00
-4.935851e+00 -2.709996e+00 -1.167082e+01 5.596013e+00
-7.424371e+00 -9.554441e+00 -3.045910e+00 6.441629e+00
-2.342016e-01 -1.209099e+00 -6.728242e+00 -3.929045e-01
-5.176630e+00 -7.531288e+00 -3.049049e+00 1.258676e+00
-4.014702e+00 -2.621244e+00 -1.148608e+00 5.479174e-01
-6.607544e+00 -2.868897e+00 1.908559e+00 -2.438079e+00
-1.524188e+00 -6.394384e+00 -3.896743e+00 5.798987e+00
1.145154e+00 1.434923e+00 -2.751490e+00 1.126570e+00
-4.556406e+00 -2.827644e+00 -4.327644e+00 7.549145e+00
-9.689553e+00 5.483058e-01 5.671469e-02 -7.463159e+00
-6.480875e+00 -4.496828e+00 2.920029e+00 5.072411e+00
-3.207344e+00 -1.180236e+01 -3.853494e+00 5.744601e+00
-4.481845e+00 -2.702726e+00 2.416175e+00 1.123791e-01
-6.461998e+00 7.596755e-01 -5.449244e+00 3.543782e-01
5.819454e+00 -1.839396e+00 -6.454034e+00 -3.124349e-01
8.448049e+00 -3.084472e+00 -4.858813e+00 5.417721e+00
-9.015599e+00 -3.476775e+00 4.048434e+00 4.449417e+00
-5.743056e+00 -8.341958e+00 -1.044324e+01 2.881982e+00
1.010166e+00 8.342282e-01 -2.476458e+00 -2.137489e+00
-3.320357e+00 -1.813551e+00 -3.097178e+00 -1.929469e-01
-5.086864e+00 -1.550000e+00 -4.977880e+00 -3.942522e+00
-5.969999e+00 -6.202937e+00 -5.559162e+00 -3.582103e+00
-1.250071e+01 -3.215819e+00 -3.058676e+00 -5.914407e+00
-8.155565e+00 -5.327430e+00 -1.997580e+00 -7.029390e+00
-8.033710e+00 -3.020477e+00 -4.378663e+00 -2.916734e+00
-8.088380e+00 -5.008390e+00 -5.486408e+00 -3.366679e-01
-3.700872e+00 -9.420884e+00 -4.202278e+00 -3.239266e+00
-8.163520e+00 -6.013528e+00 9.794103e-02 -3.954697e+00
3.460268e+00 -7.065991e+00 -5.704868e+00 1.108331e+00
-1.523443e+00 -8.562735e+00 -4.698652e+00 -3.662975e+00
-1.034117e+01 -6.229042e+00 -1.376517e+00 -5.257765e+00
-7.705312e+00 -4.028642e+00 -3.435229e+00 -5.062378e+00
-8.337733e+00 -9.248090e+00 -4.542180e+00 -3.305575e+00
-4.908277e+00 -1.074013e+01 -6.646181e+00 -4.270095e+00
-9.575435e+00 -5.812022e+00 -3.932416e+00 -3.974992e+00
-7.312370e+00 -3.950177e+00 -7.986302e+00 -3.574608e+00
-8.937275e+00 -4.945578e+00 -3.788873e+00 -8.379899e+00
-1.238621e+01 -3.758481e+00 -6.228941e+00 -6.991027e+00
-1.001140e+01 -4.881157e+00 -4.345449e+00 -4.703934e+00
-6.486487e+00 -8.783131e+00 -5.056747e+00 -2.853762e+00
-5.177262e+00 -3.849095e+00 -4.460199e+00 -1.069372e+01
-6.307505e+00 -4.998170e+00 -5.799538e+00 -7.381776e+00
-2.800135e+00 -1.517848e+00 -4.587091e+00 -1.985113e+00
-4.982707e+00 -2.193633e+00 -9.333137e-01 1.652397e+00
-8.866138e+00 -1.724578e+00 -3.901048e+00 -1.693028e+00
-6.353098e+00 -5.414166e+00 -3.614194e+00 -4.113041e+00
-7.039808e+00 -3.672317e+00 -6.015215e+00 -4.953254e+00
-7.285704e+00 -3.505007e+00 -4.211196e+00 -2.495564e+00
-7.624458e+00 -5.321031e+00 -6.532262e-01 3.499600e-01
-1.028403e+01 -4.941011e+00 -6.084820e+00 -2.132615e+00
-5.025743e+00 -5.144581e+00 -5.532536e+00 -1.721320e+00
-5.771900e-01 -4.030070e+00 -9.340549e-01 -2.144918e-01
3.891860e-01 -4.210728e+00 -4.973239e+00 7.254660e+00
-4.284550e+00 1.329310e+00 -4.000392e+00 8.589272e+00
-5.605854e+00 -4.429746e+00 -3.756807e+00 2.061766e+00
-9.321359e+00 -5.357679e+00 -4.785953e+00 2.097714e-01
-7.861065e+00 -5.190416e+00 -3.424806e+00 2.248942e+00
-9.308858e+00 -5.542799e+00 -2.779090e+00 3.388185e+00
3.949888e+00 -4.759960e+00 -1.522625e+01 -1.360242e+00
3.947245e+00 -7.024499e+00 -1.536982e+01 -2.989878e+00
3.427353e+00 -2.042480e+00 -4.736881e+00 3.083957e+00
4.676364e+00 1.293275e+00 -7.333000e+00 4.888521e+00
-8.130858e+00 -4.394189e+00 4.815159e-01 -2.136380e+00
-6.739182e+00 -2.532971e+00 -1.738894e+00 -2.044531e+00
-3.111873e+00 -7.303473e+00 -9.051736e+00 4.460062e+00
-2.712272e-01 -1.940959e+00 7.692619e-01 8.567733e-01
-1.575341e+01 -1.855594e+00 -1.995193e-01 1.167554e+00
-9.575048e+00 -3.971241e+00 -1.878133e+00 6.144389e+00
-9.201565e+00 -9.704327e+00 -3.900786e+00 7.945931e+00
-5.346566e+00 -5.836083e+00 1.329474e+00 -1.200387e+00
-9.616730e+00 -2.133545e-02 -4.204531e-01 2.113361e+00
-7.304330e+00 3.970412e-01 -1.073317e+00 3.501059e+00
-8.010483e+00 -9.825060e+00 -4.888369e+00 -2.626197e+00
-1.012025e+01 -6.534953e+00 -8.692102e+00 -1.265172e+00
4.185657e+00 -4.785860e+00 -7.488359e+00 2.574473e+00
4.415118e+00 -3.820315e+00 -4.182607e+00 5.320058e+00
1.248029e+00 3.784451e-01 -3.695957e+00 4.784347e+00
-1.656742e+00 1.456776e+00 -4.491954e+00 8.199341e-01
-8.107830e+00 -1.204318e+00 -2.209565e+00 3.518176e+00
-1.442504e+01 -4.008611e+00 -4.098369e+00 4.211061e+00
-8.908321e-01 -4.495150e+00 -1.131254e+01 -9.126615e+00
-2.588481e+00 -1.226351e+01 -8.252711e+00 -1.191242e+01
-2.556574e+00 5.870692e-01 4.167049e+00 -6.021393e+00
8.151753e-01 -7.576771e+00 -4.183605e+00 -8.754295e+00
-9.626989e+00 -2.480694e+00 1.274332e+00 -3.210120e+00
-4.952119e+00 -4.817274e+00 -5.299653e+00 -3.142320e+00
-5.283779e+00 -3.924341e+00 1.121359e+00 -3.934315e+00
-8.724548e+00 -6.947330e+00 -4.556535e+00 -2.276327e+00
-1.225231e+01 -3.294981e+00 2.893704e+00 -2.216309e+00
-1.159902e+01 -4.133483e+00 -3.030870e+00 -4.811417e+00
-4.006184e+00 -1.153684e+01 -6.483265e+00 -5.444622e+00
-5.304859e+00 -6.458431e+00 -5.061486e+00 -1.491508e+00
-4.356484e+00 -6.018056e+00 3.802852e-01 -5.887068e+00
-8.547531e+00 -3.733431e+00 -2.590039e+00 -7.818878e+00
-5.927521e+00 -3.336694e+00 -5.301133e+00 -1.716073e+00
-9.935094e+00 -5.806839e+00 -1.236244e+00 -9.087375e+00
-9.037329e+00 -4.361632e+00 -1.416686e+00 -9.892103e+00
-1.900708e+00 -1.825159e+00 1.874650e+00 -8.426824e+00
-9.991791e+00 -5.018085e+00 -1.400891e+00 -2.772366e+00
-1.087406e+01 -1.930092e+00 -3.119088e+00 -2.787953e+00
-1.029925e+01 -7.729948e+00 -6.573313e+00 -1.474858e+00
-1.293418e+01 -1.500816e+00 -4.113102e+00 -3.033191e+00
-1.019832e+01 -6.678557e+00 -4.582426e+00 -5.461359e+00
-1.227867e+01 -3.038908e+00 -3.584492e+00 -4.214274e-01
-1.731248e+01 5.059380e-01 -3.377165e+00 -1.095226e+01
-1.207252e+01 -6.064841e+00 -1.079572e+01 -7.926332e+00
-5.247337e+00 -5.906521e+00 -1.238360e+00 -6.563119e+00
-5.008693e+00 -2.730540e+00 -4.240779e+00 -5.360060e+00
-4.645544e+00 -1.789140e-01 -2.671274e+00 -3.379400e+00
-5.381053e+00 -3.739181e-02 -2.523246e+00 -8.952786e+00
-1.040633e+01 -3.740397e+00 -1.652855e+00 -3.873362e+00
-6.935871e+00 -7.503428e+00 -4.442292e+00 -1.571182e+00
-5.841449e+00 -1.029293e+00 -8.424413e+00 -5.849164e+00
-6.632457e+00 -3.846046e+00 -4.237800e+00 6.746863e-01
-3.497477e+00 -4.896084e+00 -5.142533e+00 -5.902099e+00
-6.873552e+00 -6.202405e+00 -3.936430e+00 -9.812126e+00
-4.828029e+00 -7.805934e+00 -7.387235e+00 -8.067365e-01
-6.088923e+00 -7.284479e+00 -1.199377e+00 -2.810314e+00
-5.552112e+00 -5.699505e+00 -3.820791e+00 -6.372935e-01
-1.061012e+01 -8.394902e+00 -5.518641e+00 -9.177379e-01
-3.538630e+00 3.015498e+00 -2.893401e+00 1.516691e+00
-2.203958e+00 -5.185192e+00 4.678829e-01 -8.918015e+00
4.492696e+00 -1.087737e+01 -5.086545e+00 -5.288432e+00
2.086953e+00 -1.024137e+01 -2.241230e+00 -6.211787e+00
-1.458385e+01 2.791167e+00 2.830206e+00 -3.108968e+00
-1.557201e+01 2.132723e+00 -1.601945e+00 -2.985693e-01
-6.674526e+00 -2.792438e+00 8.559530e-01 -8.776315e+00
-8.699187e+00 -6.383805e+00 -2.161965e+00 -6.097294e+00
-1.044058e+01 -4.345121e+00 -3.724624e+00 8.503325e-02
-5.361593e+00 4.927291e-01 -5.995158e+00 -8.386437e+00
-3.773101e-01 -4.962364e+00 -2.729502e+00 -6.501026e+00
-7.836535e+00 -3.057549e+00 -2.827524e+00 -5.959021e+00
-2.808155e+00 -2.099050e+00 1.481613e+00 -4.637142e+00
-7.032039e+00 -1.692186e-01 1.050768e+00 -8.015140e+00
9.444834e-01 -2.703015e+00 -1.208969e+00 -5.231551e+00
1.915903e+00 -3.214923e+00 -2.663414e+00 -4.805592e+00
-1.467637e+00 1.927306e+00 5.865592e-02 -8.217541e+00
-6.755342e+00 4.610480e-01 -5.209251e+00 -5.983804e+00
-8.541204e+00 -9.354579e-01 -5.582833e+00 -2.937844e+00
-8.093516e+00 -6.696304e-01 -8.836469e-01 -4.090291e+00
-1.213193e-01 3.012938e+00 7.107167e-01 -5.225540e+00
-3.825875e+00 -4.178293e-02 -2.486330e+00 1.989701e-01
-6.729332e+00 2.660633e+00 1.240873e+00 1.230841e+00
-7.825970e+00 2.480691e-01 -1.307115e-01 -6.900063e-01
-8.835463e+00 -1.214537e+01 -6.133145e+00 7.056893e-02
-8.524399e+00 -3.176790e+00 1.250336e+00 -5.574960e-01
-1.055673e+00 -4.167586e+00 -6.562616e+00 -4.339263e-01
-6.145154e+00 -9.192251e-01 -3.012559e+00 -7.936086e-01
-1.170644e+01 -7.719313e+00 2.492971e+00 -7.637607e-01
-8.452253e+00 -6.883568e+00 1.326981e-01 -7.239987e+00
9.150060e-01 -6.125625e+00 1.859419e+00 6.117077e+00
-5.679729e+00 -5.806900e+00 5.024888e+00 -7.722519e-02
-7.800424e+00 -7.978723e+00 -3.900958e+00 -7.524336e-01
-5.853342e+00 -5.869808e+00 -1.159777e+00 6.335243e+00
-4.219294e+00 1.052494e+00 5.671805e+00 -6.377504e+00
-8.227254e-01 -4.975237e+00 2.393991e+00 -4.019684e+00
-1.495180e+01 -6.253913e+00 -2.532338e+00 -5.465612e+00
-1.249854e+01 -5.988581e+00 -3.138998e+00 -2.852692e+00
-4.368079e+00 -4.320792e+00 -5.355136e+00 -8.176979e-01
-6.237137e+00 -2.908175e+00 -1.383024e+00 3.194400e+00
-8.991924e+00 2.788574e+00 -9.154615e-01 4.705783e+00
-8.996766e+00 3.347559e-01 -5.965583e-01 5.160072e-01
-9.058837e+00 -6.459232e+00 -3.572364e+00 3.037484e+00
-4.631406e+00 -5.899746e+00 -6.504799e+00 3.744071e+00
-9.637172e+00 -1.033041e+01 -2.357555e-01 1.081457e+00
-4.201224e+00 -1.013929e+01 2.539363e+00 3.067293e+00
-1.079349e+01 -2.786890e+00 -6.423763e+00 -7.629887e+00
-1.176362e+01 6.434615e-01 -1.320916e-02 -2.050815e+00
-1.346336e+01 -4.690927e+00 1.611567e+00 -3.086474e+00
-9.578795e+00 -9.360271e+00 1.709943e+00 -6.138179e+00
-8.041368e+00 -5.132464e+00 2.646201e-01 3.016425e+00
-4.863368e+00 -5.662502e+00 -1.449387e+00 2.460628e+00
-9.379426e+00 -6.263422e+00 -4.583861e-01 1.060132e+00
-5.018525e+00 -1.532426e+01 -6.758438e+00 -1.719991e+00
-1.142102e+01 -9.557489e+00 -4.549632e+00 -4.190964e+00
-1.007901e+01 -7.024294e+00 -5.239761e+00 -1.497596e+00
-7.748340e+00 -7.035200e+00 1.732541e+00 8.276266e-01
-8.548611e+00 -7.352182e+00 -1.906870e+00 8.927848e-01
-9.955367e+00 -2.596093e-01 -5.874040e+00 3.763584e+00
-1.328041e+01 9.401603e-01 -6.655707e-01 -5.939847e-01
-3.665754e+00 6.139195e-01 -8.083949e+00 1.575938e+00
-1.980149e+00 2.285348e+00 -1.361676e+00 -1.546857e+00
-1.629121e+00 -8.606851e+00 -2.153932e+00 -4.756027e-01
-2.864443e+00 -1.047646e+01 -1.204741e+00 4.006178e+00
-5.436339e+00 -6.887952e+00 -1.665800e+00 2.522870e+00
3.152935e-01 -1.209521e+01 1.400381e-01 1.735054e+00
-1.047184e+01 -4.733884e+00 -1.912969e+00 2.254164e-02
-9.330510e+00 -6.233252e+00 -1.733565e+00 -3.510622e+00
-6.037797e+00 -2.390066e-01 1.632502e+00 4.872974e-01
-5.304399e+00 -7.799126e+00 -6.175170e+00 6.955015e+00
-4.081042e+00 -3.967847e+00 -3.923567e+00 -6.045059e+00
-1.163140e+00 -8.995372e+00 -7.208839e+00 -3.538697e+00
-5.927666e+00 -7.616520e+00 -5.420304e+00 3.456423e+00
-1.825537e+00 -7.893728e+00 -8.913453e-01 1.607088e+00
-8.546163e+00 -3.994400e+00 -5.348618e+00 2.262221e+00
-1.834338e+00 -6.904659e+00 -7.674955e+00 -1.153488e+00
-4.423114e+00 -7.780961e-01 -8.321148e+00 1.569768e+00
-2.460306e+00 -3.297330e+00 -1.032412e+01 -3.458088e+00
-3.256257e+00 -4.709065e+00 3.564728e-02 -1.508634e+00
-3.093400e+00 -6.546032e+00 -1.963862e+00 4.487784e+00
-7.299988e+00 -7.200273e+00 -4.654862e+00 -2.680369e-01
-7.332307e+00 -3.875920e+00 -1.313437e+00 -8.055334e+00
-3.429415e+00 -5.435425e+00 -3.759763e+00 -4.802060e-01
-2.872174e+00 2.191213e-01 6.643432e-01 -1.778183e+00
-7.589358e+00 -8.466010e+00 -4.637691e+00 -8.988938e+00
-7.156095e+00 -5.654235e+00 -2.251780e+00 -2.062531e+00
-1.211901e+01 -4.318779e+00 -2.579495e+00 -9.329585e+00
-1.118837e+01 -7.032855e+00 -3.865993e+00 -6.611901e+00
-5.026459e+00 -4.416917e+00 -3.250461e+00 -6.240481e+00
-6.161847e+00 -8.962512e+00 -6.121669e+00 5.238961e-01
-1.189332e+01 -2.736974e+00 -5.673700e+00 -6.376563e+00
-2.909969e+00 -7.542293e+00 -5.313062e+00 -5.854173e+00
-7.332753e+00 -6.864397e+00 -8.881696e+00 4.149336e-01
-4.529514e+00 -4.702162e+00 -1.561334e+00 -9.949910e+00
-5.243333e+00 -2.808107e-02 3.093153e+00 -4.822943e+00
-4.138535e+00 -2.774580e+00 -2.772521e+00 -6.587646e+00
-1.171086e+01 -3.415673e+00 2.944577e+00 -4.969733e+00
-2.946781e+00 -5.130804e+00 -3.260735e+00 -1.194582e+01
-5.392065e+00 -1.188088e+00 1.032806e+00 -6.814776e+00
-1.106910e+01 -2.472139e+00 -9.893964e+00 -7.922852e+00
-2.219687e+00 -4.305349e+00 -2.700080e+00 -8.229916e+00
-7.925726e+00 -5.158877e+00 -2.892680e+00 -8.829275e+00
-1.158814e+01 -5.377842e+00 5.450052e-01 -3.054111e+00
-1.283073e+01 -6.163249e+00 -5.382514e+00 -3.256741e+00
-1.183475e+01 -2.783778e+00 -6.937761e+00 -8.139729e+00
3.197462e-01 -7.275459e+00 -2.373779e+00 -7.878890e+00
-1.202407e+01 -4.087765e+00 -1.650134e+00 -2.946627e-02
-3.422864e+00 -1.122567e+01 -1.026000e+01 -4.650302e+00
-7.584248e+00 -3.475408e-01 2.353093e-01 -4.049741e+00
-4.229799e+00 -5.484689e+00 -6.512536e+00 -3.524228e+00
-8.229410e+00 -7.333362e+00 -7.120707e+00 -1.093027e+00
-1.507329e+01 3.661026e-01 -1.716036e+00 -8.621210e-01
-9.010460e+00 -2.532074e+00 6.854255e-02 -2.435315e+00
-5.745100e+00 2.484293e-01 -5.710746e+00 -2.960911e+00
-6.673651e+00 -4.751819e+00 -6.167630e+00 2.443720e-01
-1.444255e+01 -2.906253e+00 -1.011069e-01 -6.763496e+00
-3.533844e+00 -7.464146e+00 -1.736845e+00 8.172809e-01
-2.049899e+00 -3.302166e+00 -2.221958e+00 -2.392647e+00
-7.254822e+00 -2.090263e-01 1.057664e+00 7.649356e+00
-1.045318e+01 -5.983793e+00 -3.082387e+00 4.794343e+00
-2.929263e+00 -5.214899e+00 -1.101261e+01 -4.241841e+00
-5.230287e+00 -1.221680e+01 -7.351568e+00 4.097371e+00
4.575914e-01 -6.815374e+00 -7.264862e+00 -1.804381e-01
-1.378977e+01 -3.918026e+00 -3.011913e+00 -4.098771e+00
-4.316180e+00 -5.055518e+00 -1.068686e+00 -7.600697e+00
-1.382414e+01 -8.013256e+00 -2.060647e-01 3.224543e+00
-5.269654e+00 -6.058409e+00 -5.989589e-01 2.844711e+00
-6.052738e+00 1.183496e+00 -5.202343e-01 -1.289879e-01
-1.149814e+01 3.362308e-01 -7.552810e-01 -3.966055e+00
-1.572080e+01 -1.570644e+00 -2.697978e+00 -4.964904e+00
-6.870961e+00 -9.234013e+00 -2.519734e+00 2.509634e+00
-1.057920e+01 -1.180676e+01 -6.122896e+00 1.955701e+00
-1.185084e+01 -3.673075e+00 -3.213667e+00 2.181541e+00
-9.343308e+00 5.720592e+00 -1.855082e-01 1.736292e+00
9.222870e+00 -6.654543e+00 -7.937229e+00 2.890506e+00
7.630189e+00 -6.624711e+00 -4.526620e+00 -4.220584e+00
-8.037689e+00 -9.838421e+00 2.207475e+00 -5.371945e-02
-3.364316e+00 -7.891800e+00 -1.663992e+00 -3.335084e+00
-1.106260e+01 -3.546053e+00 -4.686802e-01 1.508806e-01
-8.423372e+00 -4.433699e+00 3.036178e+00 -3.168459e+00
-7.955129e+00 -6.705384e+00 -4.252420e+00 -3.970410e+00
-1.079691e+01 -3.089389e+00 8.798146e-01 -1.047566e+01
-8.893509e+00 2.914119e+00 -9.081426e-01 -1.189760e+00
-2.133571e+00 -9.687981e-01 3.534859e+00 -6.573453e+00
-1.173257e+01 -4.020493e+00 -1.784761e+00 -3.607246e+00
-1.121436e+01 2.283800e+00 -6.498912e-01 -7.807373e+00
-1.149150e+01 -3.940879e+00 -2.034431e+00 -4.911527e+00
-4.519556e+00 -7.482370e+00 -6.531481e+00 -7.690186e+00
-2.598764e+00 -5.087143e+00 -3.799403e+00 -6.895656e+00
-3.763777e+00 -4.514139e+00 -3.026989e+00 3.584670e+00
-7.231407e+00 -5.771599e+00 -6.922836e+00 -1.179466e+01
-2.442682e+00 -5.549717e+00 -4.156161e+00 -6.702390e+00
-6.721004e+00 -4.887594e+00 -4.210980e+00 -2.007732e+00
-6.493374e+00 -3.742411e+00 -8.033385e-01 -8.608129e+00
-5.880653e+00 -1.592391e+00 -1.365058e+00 -5.460561e+00
-2.570436e+00 -3.046897e+00 -9.772607e+00 -6.027866e+00
-6.708243e+00 -7.354020e+00 -4.206205e+00 -6.191103e+00
-8.535374e+00 -5.787128e+00 -1.798192e+00 -9.551073e+00
-3.987785e+00 5.296388e-01 -6.125116e-01 -3.781366e+00
-1.211685e+01 -3.713907e-01 -4.395851e+00 -5.717229e+00
2.161600e-01 -5.231798e+00 -8.770021e+00 -8.140926e+00
-7.541175e+00 -5.078126e+00 -4.688533e+00 -8.130816e+00
-9.131251e+00 -1.123267e+01 -7.537490e+00 -5.686330e+00
-9.480996e+00 8.540730e-01 1.015534e+00 -4.512674e+00
-8.276305e+00 -8.490774e+00 -6.999625e+00 -6.156412e+00
-5.047812e+00 -6.295390e+00 -7.444411e-01 -4.231834e+00
-1.282515e+01 -4.824464e+00 -9.025623e-01 2.846030e-01
-5.436948e+00 -5.634301e+00 -6.519525e+00 -3.463535e+00
-1.160384e+01 2.470888e-01 -3.701231e+00 -4.531485e+00
-4.488792e+00 -9.514052e+00 -4.496178e+00 -2.019525e+00
-7.409639e+00 -1.187580e+01 -4.658139e+00 3.391963e+00
-1.055515e+01 -2.298691e+00 -5.569358e+00 -5.245792e+00
-7.830172e+00 -1.964777e+00 -2.868788e-01 -2.906311e+00
-6.485948e+00 -2.953553e+00 -1.920470e+00 -7.493180e-01
-4.688495e+00 -6.895582e+00 -1.839092e+00 4.389571e+00
-1.084068e+01 -5.333581e+00 1.609200e-01 -7.510019e+00
-1.388003e+00 -9.187420e+00 -5.946298e+00 1.268184e+00
-4.662229e+00 -5.266671e+00 -3.212145e+00 -4.553527e+00
-1.222526e+00 -3.982881e+00 -4.993295e+00 4.636960e+00
-5.934418e+00 -1.007212e+01 -4.236341e+00 -6.801368e-02
-8.514546e+00 -4.438744e+00 -1.004345e+01 -1.773161e+00
-7.317293e+00 -1.187329e+01 -6.189329e+00 7.593502e-01
-4.307240e+00 -2.406949e+00 2.010501e+00 1.449284e+00
-7.686792e+00 -1.223491e-01 1.342457e+00 -7.872702e+00
-1.064015e+01 -3.211189e-01 -2.287075e+00 -1.183797e+00
-1.129890e+01 -3.113509e+00 -1.378362e+00 -3.817430e+00
-5.840439e+00 -6.544498e+00 1.513877e+00 3.399853e+00
-5.554954e+00 -3.656238e-01 -3.508031e+00 5.368860e+00
-1.032242e+01 -5.829246e-01 -2.546608e+00 -2.961791e+00
-1.322530e+01 -7.241926e+00 -5.304038e+00 -3.286248e+00
-1.230566e+01 -7.152250e+00 1.020371e+00 6.016969e-01
-6.488614e+00 -1.089408e+01 -4.841211e+00 1.236814e+00
-1.069248e+01 1.231717e+00 8.487399e-02 -4.873834e+00
-1.329360e+01 3.692208e+00 7.406046e-01 1.185488e+00
5.771917e+00 -6.566800e+00 -4.690114e+00 1.391393e+00
1.894229e+00 -2.424251e+00 -3.450224e+00 -4.164285e+00
-1.022251e+01 -3.602710e+00 3.229708e+00 -1.238128e+00
-2.197583e+00 -8.925079e+00 -6.272783e+00 2.979698e+00
-1.430857e+01 4.820039e-02 3.334988e+00 -1.012317e+00
-7.076263e+00 -2.141935e+00 -2.961737e+00 -2.810692e+00
3.268849e+00 3.414523e-02 -3.386820e+00 -1.027625e+01
3.613977e-01 -4.002033e+00 -3.111257e+00 -6.203338e+00
-2.573432e+00 5.325247e-01 -7.829289e-01 -1.377799e+01
-3.788065e+00 -5.119474e+00 1.158891e+00 -1.163609e+01
-7.570759e+00 -2.197942e+00 -2.692757e+00 -2.484732e+00
-9.020983e+00 3.591375e+00 -1.974382e+00 -3.979978e+00
-8.317999e+00 -7.009688e+00 -2.963919e+00 -3.070479e+00
-7.698031e+00 -7.743967e+00 -5.145786e+00 -4.946574e+00
-5.394901e+00 -1.412979e+00 -4.902785e+00 -4.037497e+00
-1.899510e+00 -5.313070e+00 -7.306753e+00 -5.153175e+00
-5.229651e+00 -4.147683e+00 -1.008452e+00 -4.985161e+00
-3.327267e+00 -6.378695e+00 2.549641e+00 -3.719598e+00
-1.877709e+00 -9.945250e+00 -6.063270e+00 -8.811750e+00
-5.208239e-01 -6.030050e+00 -5.407803e-01 -3.563703e+00
-6.693523e+00 -1.133553e+01 -8.196792e+00 -6.319603e+00
-2.668023e+00 -8.527252e+00 -6.871586e+00 -9.129746e+00
-3.292139e+00 -4.481501e+00 -6.868117e+00 -2.983449e+00
-5.671982e+00 -5.909465e+00 -2.623131e+00 -4.341940e+00
-1.216843e+01 -6.675956e+00 -1.437613e+00 -8.076709e+00
-9.507418e+00 -2.267859e+00 -3.274641e+00 -6.750424e+00
-5.687636e+00 -2.795500e+00 -1.629627e+00 -7.619601e+00
-6.120366e+00 -2.172980e+00 -1.570734e+00 -5.593004e+00
-7.733753e+00 -2.847131e+00 -4.204510e-01 3.374820e+00
-9.097902e+00 -3.349254e+00 3.134619e+00 -4.914201e+00
-3.735901e-01 -5.105424e+00 -7.892567e+00 -2.773603e+00
-3.615556e+00 -1.164034e+00 -3.577067e+00 -3.756879e+00
-1.047890e+01 -1.096068e+00 -5.057640e+00 -2.956351e+00
-7.963636e+00 -7.045782e+00 -6.564469e+00 -4.392568e+00
-5.426136e+00 -6.514049e+00 -1.754875e+00 8.249287e-01
-1.635007e+00 -6.649761e+00 -1.112298e+00 -5.234941e+00
-1.061743e+01 -6.656377e+00 1.490579e+00 2.081529e+00
-7.217047e+00 -7.144110e+00 1.900411e+00 -4.463093e-01
-2.729690e+00 -9.604190e+00 -4.220798e+00 1.678010e+00
-4.699122e+00 -8.204131e+00 -2.933115e+00 -5.373081e-01
-1.331126e+00 -7.970406e+00 -3.456667e+00 -1.957226e+00
-9.747598e-01 -8.274993e+00 -3.336184e+00 3.297498e+00
-8.876144e+00 -1.179207e+01 -5.109150e+00 1.381119e-01
-6.098631e+00 -1.202672e+01 -1.191916e+01 -9.044790e+00
-4.231377e+00 -5.042837e+00 -1.209096e+01 -7.741088e-01
-5.871305e+00 -1.027873e+00 -1.594794e+00 5.991973e+00
-1.059590e-01 -7.991615e-01 -8.289225e+00 6.886313e+00
8.070960e+00 -5.837989e+00 -5.618773e+00 5.670768e+00
-1.323673e+01 -2.540956e+00 -4.733309e-01 -3.352492e+00
-5.770282e+00 1.150419e+00 -1.163185e+00 1.058580e+00
-2.445134e+00 5.881715e-01 -7.186820e+00 -1.852596e+00
-4.689401e+00 -3.809293e+00 -2.597146e+00 -3.316714e+00
-1.752901e+01 -4.483839e+00 -2.838227e+00 -3.124295e+00
-1.034280e+01 -1.152943e+01 -2.079403e+00 -2.779360e+00
-7.396826e+00 -1.158011e+01 -3.189049e-01 -1.370651e+00
-8.484703e+00 -1.278925e+01 -7.983837e+00 6.722062e-01
-6.723819e+00 -4.746382e+00 -3.320129e-01 -4.563214e+00
-1.018981e+01 9.957256e-01 -4.078130e+00 2.036682e+00
-7.637860e-01 -1.203966e+01 -1.197142e+01 7.148609e-01
-5.344917e+00 -4.788512e+00 -7.231668e+00 -3.976441e+00
3.251039e+00 -3.115414e+00 -2.823207e+00 9.053365e+00
4.296666e+00 -3.996187e+00 -3.842582e+00 5.859145e+00
-1.247362e+00 2.719603e+00 -8.153551e+00 7.317654e+00
-5.666255e+00 -4.252801e-01 -1.946629e+00 6.068360e+00
-1.138897e+01 -4.986114e+00 -1.846968e+00 5.674955e+00
-1.551619e+01 -6.976942e-02 1.879524e+00 -2.844706e+00
