-7.329369e+00 2.652121e+01
5.677429e+00 2.708636e+01
-1.018565e+01 3.719217e+01
-4.825185e+00 3.623599e+01
-7.052501e+00 3.434648e+01
-5.429647e+00 3.332560e+01
-6.123408e+00 3.183152e+01
-1.929835e+00 2.421068e+01
-8.323529e+00 3.177332e+01
-4.182074e+00 2.685387e+01
3.191891e+00 1.760896e+01
9.070401e+00 9.663898e+00
1.597312e+00 3.180347e+01
1.566877e+00 2.723175e+01
5.542199e+00 1.965440e+01
2.043593e+00 2.139916e+01
4.373157e+00 1.944321e+01
8.479761e+00 1.681971e+01
2.829558e+00 2.422575e+01
9.570849e+00 1.968425e+01
-1.586280e+00 1.532900e+01
-6.063552e+00 1.803950e+01
-1.448296e+00 3.686322e+01
-2.636744e+00 2.965907e+01
4.483569e+00 2.062982e+01
1.574833e+00 1.448260e+01
-7.612450e-01 2.161008e+01
-5.688824e+00 1.824033e+01
-1.189928e+00 1.308082e+01
-2.607493e+00 1.487386e+01
6.229736e+00 2.710664e+01
6.385672e+00 3.053048e+01
-6.903457e-03 1.899485e+01
2.931324e-01 2.563012e+01
-7.880648e+00 1.908539e+01
1.354232e+00 2.581936e+01
8.046896e+00 2.069916e+01
4.192477e+00 1.809765e+01
6.554571e+00 2.310637e+01
1.179622e+01 1.236428e+01
5.190461e+00 2.628044e+01
4.028047e+00 2.375813e+01
-8.228287e+00 2.341520e+01
-1.056541e+01 2.272531e+01
-4.066388e+00 2.159647e+01
-7.271409e+00 2.288391e+01
2.273111e+00 3.412014e+01
4.662261e+00 3.406824e+01
-5.539105e+00 2.376080e+01
-6.978069e+00 1.954697e+01
-5.490739e+00 3.158313e+01
-1.509756e+00 2.725610e+01
-1.020513e+01 1.197747e+01
-6.318407e+00 1.563424e+01
8.080251e+00 1.823909e+01
7.890514e+00 2.245102e+01
6.154684e+00 1.850621e+01
8.339333e+00 1.745243e+01
5.397889e+00 2.308569e+01
4.653909e+00 2.610246e+01
2.901551e+00 2.815974e+01
-2.431805e+00 1.945089e+01
8.921646e-01 1.388858e+01
-2.597408e+00 2.200603e+01
-1.834386e+00 2.828151e+01
-6.378665e+00 2.944028e+01
-1.427181e+00 2.236583e+01
-6.553898e-02 2.409588e+01
-2.278291e+00 2.125727e+01
2.239467e-01 1.989243e+01
-7.172957e+00 3.356224e+01
-6.517055e+00 3.302446e+01
-1.064588e+00 2.016472e+01
-6.359356e-01 1.425686e+01
2.071005e+00 2.620896e+01
8.755756e+00 2.778762e+01
2.181484e-01 3.040879e+01
-5.729622e+00 2.229233e+01
-7.531405e+00 2.276703e+01
-3.580427e+00 2.940863e+01
4.060581e+00 2.659975e+01
5.298485e+00 2.361612e+01
-5.975046e-01 3.011888e+01
-2.089137e+00 3.272440e+01
1.557724e+00 2.412781e+01
6.762062e+00 2.897701e+01
3.451879e+00 1.901167e+01
-1.110549e+00 1.758626e+01
-2.165001e+00 2.276842e+01
-9.181770e+00 2.805809e+01
4.145967e-01 2.097449e+01
-5.777357e+00 2.672366e+01
-2.227862e+00 3.158339e+01
7.536634e-01 3.454780e+01
7.154512e+00 2.773560e+01
9.279183e+00 3.652541e+01
2.295435e+00 2.795226e+01
-1.082537e+00 2.719112e+01
1.356135e+00 2.574165e+01
-5.210813e+00 1.994235e+01
2.087866e+00 2.082919e+01
4.221492e+00 2.499681e+01
-3.854383e+00 2.342026e+01
-4.485740e+00 2.128100e+01
9.498259e-01 2.434317e+01
-1.826034e+00 2.451404e+01
-3.701694e+00 1.784908e+01
2.833575e+00 1.688743e+01
-4.975773e+00 3.379910e+01
-8.802759e-01 2.554140e+01
-3.251549e+00 2.038022e+01
6.217023e+00 1.648941e+01
-4.228118e-01 1.710912e+01
5.714750e+00 3.555324e+01
6.474564e-01 2.779595e+01
-1.090574e+00 2.478537e+01
-1.137802e+01 2.249573e+01
-5.939709e+00 2.643041e+01
1.465734e+00 3.194574e+01
2.053390e+00 2.670840e+01
-4.501650e-01 2.605202e+01
4.590446e+00 2.120319e+01
-1.344752e+01 2.298876e+01
-1.114182e+01 2.768951e+01
1.220104e+00 1.839360e+01
-1.360359e+00 1.846893e+01
3.830245e+00 2.472135e+01
3.619420e+00 2.250926e+01
-2.137965e+00 3.164896e+01
6.919719e-01 3.007460e+01
2.103643e+00 1.818035e+01
-4.417025e-01 2.541029e+01
-1.589737e+00 2.260918e+01
8.771976e+00 2.682372e+01
5.459528e+00 1.515824e+01
-1.959510e+00 2.929210e+01
4.941288e-02 1.997576e+01
6.699162e+00 2.561576e+01
6.557518e+00 2.750112e+01
-1.055050e+01 2.103185e+01
-1.567372e+00 2.814170e+01
-7.022382e-01 1.889104e+01
1.698289e+01 1.719153e+01
9.352769e+00 3.251268e+01
5.428578e+00 2.123864e+01
-3.872620e+00 1.768006e+01
7.779250e+00 2.774189e+01
5.785904e+00 2.491473e+01
-1.071051e+00 2.204051e+01
-8.492508e+00 3.061868e+01
-6.007831e+00 2.234375e+01
-5.685375e-02 1.970684e+01
3.810917e+00 2.755439e+01
8.909523e+00 2.054893e+01
1.477982e+01 1.347617e+01
-1.074737e+01 1.882937e+01
-1.554659e-01 2.560622e+01
-1.314956e+00 1.708983e+01
-5.268266e+00 2.381249e+01
2.252562e+00 2.112779e+01
5.378251e+00 1.500323e+01
9.237340e+00 1.791102e+01
1.753995e+00 2.349138e+01
-5.013645e-01 2.251859e+01
-3.729251e+00 1.991260e+01
-5.539867e+00 2.864779e+01
8.400442e+00 1.858136e+01
9.399627e+00 2.829585e+01
7.854636e+00 2.392362e+01
-9.641853e-01 2.639016e+01
-1.148400e+01 2.395086e+01
-2.250238e+00 2.806381e+01
-1.604263e+01 2.821350e+01
5.580796e+00 2.566906e+01
7.475665e+00 2.686910e+01
-3.803949e+00 2.249956e+01
3.134487e+00 2.209307e+01
-3.955401e+00 2.771537e+01
-8.514390e+00 2.013742e+01
5.116265e+00 2.747927e+01
-3.745266e+00 2.541475e+01
-3.764141e+00 2.473247e+01
-1.864793e-01 3.028696e+01
-9.426273e-01 1.617945e+01
1.648552e+00 2.909904e+01
-5.822156e+00 2.181203e+01
-3.004886e+00 2.012202e+01
-4.449247e+00 2.198907e+01
-1.997257e+00 2.803810e+01
1.200157e+00 1.747563e+01
-4.386019e-02 2.054640e+01
-2.657472e+00 2.616609e+01
5.363301e+00 1.824820e+01
3.082190e+00 2.030453e+01
5.187412e-01 2.306050e+01
1.344221e+00 2.600823e+01
4.720722e-01 2.139413e+01
3.952217e+00 2.171340e+01
6.914442e+00 2.195730e+01
-1.121964e+01 1.657739e+01
1.008566e-01 3.216422e+01
-6.971912e+00 2.118963e+01
1.359533e+01 2.140401e+01
3.179090e+00 2.590218e+01
4.236525e+00 2.571183e+01
-3.353520e+00 1.790266e+01
1.495723e+00 2.437074e+01
1.465710e+00 2.245755e+01
5.646260e+00 2.309751e+01
-8.156274e+00 2.398739e+01
-2.942265e+00 2.049173e+01
-4.430212e+00 2.194767e+01
-7.144626e-01 2.733343e+01
7.831903e+00 2.025460e+01
4.231511e+00 1.385222e+01
-9.650716e+00 2.179498e+01
1.077079e+00 3.069807e+01
-2.369454e+00 2.100676e+01
4.672982e+00 1.984801e+01
6.836369e+00 2.083208e+01
2.362143e+00 1.684463e+01
9.389018e+00 2.347586e+01
-7.172375e+00 1.880835e+01
-1.960137e+00 2.281611e+01
-3.409499e+00 1.468565e+01
-6.666402e-01 3.006923e+01
3.891462e+00 2.242817e+01
5.430275e+00 2.507017e+01
4.153606e+00 2.801368e+01
-1.744915e+00 2.426462e+01
-1.194328e+01 1.695728e+01
-3.817989e+00 2.653788e+01
-1.594371e+01 2.403357e+01
4.620566e+00 2.301105e+01
1.388436e+00 3.208883e+01
-4.175365e+00 2.071115e+01
4.646336e-01 2.960388e+01
-1.082127e+01 2.219281e+01
-1.014608e+01 2.592623e+01
4.506648e+00 2.465405e+01
-7.356715e+00 2.530142e+01
1.487444e-01 2.965708e+01
-4.552770e+00 2.999384e+01
-1.637202e+00 1.692961e+01
-1.002548e+01 2.734003e+01
2.979858e+00 2.028128e+01
-1.655832e-01 2.142491e+01
-5.664269e+00 2.516476e+01
-3.510889e+00 2.994897e+01
-7.291705e+00 1.808983e+01
8.304061e+00 2.609480e+01
4.080666e+00 2.102378e+01
-1.359759e+00 2.977764e+01
3.705270e+00 3.156968e+01
6.914585e-02 2.722551e+01
3.406986e+00 2.832102e+01
4.879813e-02 2.464378e+01
1.321913e+00 2.955421e+01
-5.932091e+00 2.315391e+01
-2.706530e+00 2.627063e+01
3.825868e+00 1.744649e+01
5.381612e-01 1.960787e+01
-2.745866e+00 3.006031e+01
-2.602932e+00 2.676607e+01
-2.383824e+00 2.528984e+01
-4.012539e+00 2.162023e+01
3.034450e+00 3.035547e+01
8.954840e-01 2.065555e+01
5.364863e+00 2.026037e+01
6.658319e+00 2.338145e+01
-6.516883e-01 2.592311e+01
7.062356e-01 2.769070e+01
5.669562e+00 2.988664e+01
7.688873e-01 3.559678e+01
-1.915530e+00 2.091809e+01
4.800884e-01 2.153634e+01
7.679171e+00 3.658587e+01
1.002573e+01 2.118870e+01
5.051376e+00 2.526883e+01
3.451845e+00 2.420109e+01
6.550509e+00 3.006524e+01
3.357500e+00 3.018033e+01
-3.779055e+00 3.052012e+01
-2.152804e+00 3.104672e+01
-1.022457e+00 2.883100e+01
3.513130e+00 2.700401e+01
-5.500000e+00 1.444486e+01
2.970685e+00 1.990836e+01
-3.964100e-01 2.590351e+01
-1.212118e+01 2.764477e+01
-6.906582e+00 2.407214e+01
-4.656474e+00 2.811957e+01
-7.255159e-01 2.487230e+01
1.290120e+00 2.145001e+01
-3.159199e+00 2.505959e+01
1.695017e+00 2.629479e+01
-1.567856e+00 2.726979e+01
-7.042504e+00 2.672854e+01
-9.499799e+00 2.118463e+01
-1.122835e+01 1.567848e+01
5.644715e+00 2.585895e+01
2.712903e+00 3.273195e+01
1.119636e+00 1.865302e+01
7.096570e+00 2.908934e+01
4.031963e+00 2.295546e+01
4.054201e+00 2.713221e+01
-1.270123e+00 3.572172e+01
2.980819e+00 3.250671e+01
5.302343e+00 1.966095e+01
2.976558e+00 1.583480e+01
9.971052e+00 9.808367e+00
1.282027e+01 1.840576e+01
-3.644290e+00 3.172343e+01
2.879917e-01 3.048147e+01
7.055527e+00 1.865442e+01
-1.516543e+00 1.469635e+01
-4.032958e+00 1.859012e+01
3.732659e-01 1.721260e+01
4.213034e-01 2.589609e+01
7.699404e-01 2.569196e+01
-4.724757e+00 2.195846e+01
5.101558e+00 2.628906e+01
-5.058393e+00 3.128477e+01
-1.036194e+00 2.890753e+01
2.435322e+00 1.498463e+01
-1.133827e+00 1.807018e+01
-4.432909e+00 2.761696e+01
-1.467552e+00 2.418794e+01
-1.230595e+00 1.831990e+01
-4.217222e+00 1.925555e+01
3.844934e+00 3.114444e+01
2.918769e+00 3.301478e+01
-4.239523e+00 1.831648e+01
2.077723e-01 2.765111e+01
8.041244e+00 2.269092e+01
3.617424e+00 2.135480e+01
2.277942e+00 2.810784e+01
8.147132e+00 3.072303e+01
6.034449e+00 2.465324e+01
1.117100e+01 1.780649e+01
-1.572317e+00 3.174671e+01
9.372480e-01 3.052940e+01
-2.881680e+00 2.582460e+01
-5.926414e-01 2.367621e+01
-5.497703e+00 1.858844e+01
-4.416358e+00 2.549075e+01
5.220459e-01 3.158931e+01
-8.261984e-01 3.195739e+01
1.177752e-01 2.702870e+01
-1.285833e+00 2.644429e+01
-1.394677e+00 2.513956e+01
1.388178e+00 2.284684e+01
-3.663434e+00 1.677722e+01
-3.339621e+00 1.837060e+01
4.984467e-01 2.562248e+01
3.778509e+00 1.823839e+01
6.543256e+00 2.160361e+01
9.892284e+00 2.311266e+01
5.002797e+00 1.851128e+01
-2.296003e+00 2.304795e+01
2.827012e+00 2.427844e+01
-2.631355e+00 2.324379e+01
1.057704e+01 1.734492e+01
-1.254393e+00 2.220942e+01
1.098324e+01 2.589169e+01
-3.214833e+00 1.744644e+01
-6.061807e+00 2.286554e+01
-6.109763e+00 2.008720e+01
8.480472e+00 2.233958e+01
2.821216e+00 2.648897e+01
2.843762e+00 3.852004e+01
-5.807379e+00 2.186713e+01
3.962908e+00 2.031127e+01
5.596782e+00 1.955350e+01
4.385152e+00 2.429567e+01
6.698209e+00 2.816093e+01
-4.175339e+00 2.968061e+01
-1.114216e+01 3.357665e+01
6.127152e+00 2.803930e+01
1.666325e+00 2.479917e+01
8.342839e+00 2.096777e+01
2.392640e+00 2.688873e+01
6.880093e+00 2.621178e+01
4.229245e+00 2.248322e+01
8.391005e+00 2.316592e+01
6.814600e+00 2.322091e+01
6.706639e+00 1.830991e+01
7.674176e+00 2.066746e+01
1.087792e+00 3.588800e+01
-3.402275e+00 3.447122e+01
-5.420010e+00 2.887711e+01
-3.259459e-01 3.071888e+01
5.944431e+00 3.128347e+01
-2.093475e-01 3.919325e+01
5.978562e+00 2.456992e+01
4.672253e+00 3.198662e+01
-1.496552e+00 2.712679e+01
1.242791e+00 3.003469e+01
-3.095494e+00 2.275142e+01
-4.673823e-01 1.816718e+01
1.212047e+01 2.360026e+01
9.658041e+00 2.424209e+01
-4.719699e-01 2.514308e+01
-1.892473e+00 2.385823e+01
-3.772691e-01 2.439158e+01
4.826920e-01 2.402688e+01
4.243284e-01 1.896106e+01
3.295690e+00 2.030006e+01
5.701522e+00 3.007661e+01
6.569454e+00 2.658800e+01
3.046774e+00 2.637252e+01
5.345074e+00 2.459935e+01
-2.246178e+00 3.030618e+01
-9.047745e-01 2.623883e+01
-2.524601e-01 2.478930e+01
-4.804844e+00 2.971663e+01
-6.469501e+00 2.873126e+01
-5.111774e+00 2.365563e+01
-4.259785e-01 3.356508e+01
3.470985e+00 2.782060e+01
1.971866e+00 2.556460e+01
6.131154e+00 2.502066e+01
1.528882e-01 2.421897e+01
-6.972395e+00 2.521932e+01
-1.702481e+00 1.831499e+01
2.604036e+00 1.888164e+01
-6.674558e+00 3.288184e+01
-6.749567e+00 2.747729e+01
3.339870e+00 2.102502e+01
2.333974e+00 2.083795e+01
-2.550615e-01 2.586508e+01
8.775494e-01 2.182075e+01
7.802603e+00 2.163115e+01
5.833074e+00 3.120028e+01
5.677240e+00 1.768832e+01
3.953358e+00 2.717897e+01
-3.431370e+00 1.588730e+01
4.121507e+00 2.037463e+01
4.530320e+00 1.413862e+01
3.831159e+00 2.980610e+01
-3.156082e+00 3.019446e+01
-1.383621e+00 1.445021e+01
1.239824e+01 2.937995e+01
9.697123e-01 2.739909e+01
-5.922636e-01 2.594247e+01
-1.051522e+00 2.783974e+01
4.616820e+00 2.610574e+01
4.220278e-01 2.142388e+01
8.421915e+00 3.012185e+01
-5.304373e-01 3.242174e+01
1.435759e+00 1.866052e+01
-1.748551e+00 2.523545e+01
-9.121116e-04 3.056492e+01
7.013924e+00 2.464213e+01
1.710374e+01 2.290970e+01
-5.773066e+00 2.368826e+01
-1.307670e+00 2.422675e+01
1.844378e+00 2.015860e+01
2.980945e+00 1.825489e+01
6.703704e+00 2.438859e+01
1.125815e+01 1.469927e+01
9.063661e+00 3.000357e+01
2.211974e+00 2.572153e+01
4.814575e+00 2.388332e+01
9.856973e+00 1.664525e+01
-5.509303e+00 3.498099e+01
1.103003e+01 2.454787e+01
9.624451e+00 3.410134e+01
2.952216e+00 3.856435e+01
6.301501e-01 2.755629e+01
-1.645208e+01 2.145924e+01
5.684692e+00 3.167302e+01
-9.898694e+00 1.793111e+01
3.434999e-01 3.471877e+01
8.290999e-01 2.998391e+01
4.485995e-01 1.917100e+01
1.872571e+00 2.338463e+01
-3.963575e+00 3.069906e+01
-1.099228e+01 2.014126e+01
8.302624e+00 2.868422e+01
3.295810e+00 2.510391e+01
3.192625e+00 2.654729e+01
-4.226430e+00 2.426568e+01
-7.822338e+00 2.787008e+01
-4.351609e+00 2.737560e+01
4.619545e+00 3.147107e+01
5.283213e+00 1.510608e+01
-4.012039e-02 1.843129e+01
-5.104811e-01 3.013283e+01
1.060564e+01 1.935111e+01
-1.061916e+00 2.089676e+01
5.446810e+00 2.577717e+01
3.148476e+00 2.721496e+01
1.045319e+01 2.454628e+01
3.412905e+00 1.793651e+01
-3.473450e+00 3.074954e+01
-3.279481e+00 2.332618e+01
7.498177e+00 2.182556e+01
4.026271e+00 1.489544e+01
-1.850201e+00 3.257412e+01
-2.240716e+00 2.674938e+01
-7.778491e+00 2.684622e+01
1.508643e+01 2.795203e+01
4.706088e+00 2.101298e+01
-4.993166e+00 2.480136e+01
4.977810e+00 1.415429e+01
3.906128e-01 2.562093e+01
4.117083e+00 2.189427e+01
8.031823e+00 2.673160e+01
-3.285145e+00 3.174702e+01
-2.987218e+00 2.734363e+01
1.700540e+00 2.383368e+01
3.307199e+00 2.799066e+01
5.536617e+00 2.529145e+01
1.772254e+01 1.488928e+01
-5.879676e+00 1.894135e+01
-2.197505e+00 2.361556e+01
-3.496319e-01 2.538950e+01
2.783044e+00 1.717410e+01
5.321609e+00 2.247118e+01
8.077672e+00 1.810409e+01
1.011160e+01 3.149373e+01
-6.476285e-01 1.926079e+01
7.545517e+00 2.811510e+01
5.092952e+00 2.363514e+01
4.961205e-01 3.395119e+01
1.029042e+01 2.756417e+01
-3.692605e+00 3.028516e+01
8.190188e-01 3.577036e+01
1.396480e+00 2.500286e+01
-1.598124e+01 2.007290e+01
1.368320e+00 3.685488e+01
-7.396000e+00 2.647556e+01
1.146453e+00 3.235698e+01
7.969077e+00 2.974087e+01
-6.639093e+00 2.333856e+01
2.216191e+00 2.070542e+01
-8.487390e+00 3.507507e+01
-6.409306e+00 2.887945e+01
-3.351913e-01 2.371349e+01
6.454125e+00 2.121339e+01
5.475988e+00 3.078193e+01
-1.602873e+00 2.943974e+01
-8.670640e+00 2.281151e+01
-4.237181e+00 2.364310e+01
-1.895740e+00 3.186810e+01
3.568108e+00 2.059926e+01
5.026007e+00 2.440162e+01
-1.886712e+00 3.290197e+01
6.752306e+00 2.578099e+01
1.164000e+01 2.284466e+01
1.430769e+01 2.361608e+01
3.885800e-01 1.829875e+01
-2.099270e+00 2.403136e+01
-7.744478e+00 2.806115e+01
1.958650e+00 2.847310e+01
-5.307806e+00 2.983997e+01
-2.416078e+00 2.436531e+01
-1.600178e+00 2.896873e+01
2.453933e-01 2.179885e+01
1.103986e+00 2.058897e+01
1.859356e-01 2.659699e+01
-4.407511e-01 2.787295e+01
-2.489799e+00 2.580195e+01
-1.276873e+00 1.946449e+01
-3.323378e+00 2.355495e+01
6.591256e+00 2.251791e+01
1.837163e+00 2.795909e+01
2.952592e+00 2.330314e+01
1.048865e+01 2.234858e+01
6.318774e-01 2.359395e+01
-7.495740e+00 2.126900e+01
-6.175287e+00 3.562586e+01
-1.681108e+00 2.792097e+01
-2.990171e+00 2.968296e+01
-2.969754e+00 2.596198e+01
7.706413e+00 1.344698e+01
5.618579e+00 1.925047e+01
5.610988e+00 2.761880e+01
6.259811e+00 2.499448e+01
-4.294645e+00 3.017356e+01
3.395901e-01 3.752796e+01
1.157350e+00 2.433800e+01
-2.448441e+00 2.391643e+01
5.959263e+00 2.582445e+01
7.727917e+00 2.772579e+01
-1.949860e+00 1.938457e+01
-7.142618e-01 1.919770e+01
2.795057e+00 2.255896e+01
1.348800e+01 2.000943e+01
-9.097241e-01 2.768932e+01
-4.930479e+00 3.519509e+01
3.509508e-01 1.849294e+01
4.313860e+00 2.303134e+01
4.172791e-01 2.907728e+01
5.932091e+00 2.496983e+01
-3.727552e+00 2.658543e+01
-9.865479e+00 2.107219e+01
-2.690314e+00 1.974260e+01
-4.537815e+00 2.274998e+01
-7.186607e-01 2.341939e+01
2.156154e+00 2.867713e+01
5.190605e+00 1.936827e+01
5.922294e+00 2.434057e+01
5.759673e+00 3.309026e+01
4.808558e+00 3.059370e+01
2.254830e+00 3.271966e+01
-2.615652e+00 3.269059e+01
2.858539e+00 2.064840e+01
1.155792e+01 2.615984e+01
7.866238e+00 1.763458e+01
8.935441e+00 1.369524e+01
-2.044593e+00 2.667085e+01
1.137144e+01 2.401708e+01
1.395905e+01 2.596640e+01
1.003722e+01 1.723767e+01
2.922634e+00 1.832018e+01
9.494991e+00 2.018118e+01
1.342846e+01 2.600215e+01
5.478205e+00 2.168650e+01
-2.265720e-01 1.698478e+01
-2.074335e+00 1.975517e+01
4.125482e-01 2.471601e+01
5.815942e+00 1.471607e+01
6.891655e+00 2.358256e+01
1.032827e+01 1.153406e+01
-1.171416e+00 2.505089e+01
7.561518e-01 2.186929e+01
-2.808746e+00 2.354320e+01
7.322104e+00 2.116434e+01
-1.999721e+00 1.448284e+01
8.770166e+00 2.945677e+01
4.618845e+00 1.433578e+01
3.890644e+00 2.665506e+01
6.247790e+00 2.269899e+01
1.401915e+01 2.231367e+01
7.728228e+00 2.512099e+01
1.083766e+01 2.574824e+01
1.440195e+01 2.895977e+01
1.438380e+01 1.972432e+01
-3.984627e-01 2.847490e+01
2.023515e+00 2.858269e+01
3.294905e+00 2.121905e+01
4.094782e+00 2.268414e+01
3.957944e+00 2.347940e+01
2.233868e+00 1.604326e+01
-3.701942e+00 2.171719e+01
-9.259642e+00 1.905114e+01
2.536127e+00 3.127813e+01
9.642287e-01 2.862803e+01
2.887060e+00 2.549357e+01
9.717055e+00 2.722405e+01
7.445385e+00 2.405466e+01
4.812744e+00 2.369972e+01
5.539343e+00 7.999358e+00
1.019844e+01 1.672765e+01
1.517994e+01 2.082094e+01
7.497887e+00 2.079409e+01
9.024228e+00 3.176429e+01
-5.183361e-01 3.124435e+01
6.694481e+00 2.167264e+01
1.068059e+01 2.492131e+01
3.674527e+00 2.341360e+01
4.232517e+00 2.858125e+01
9.384902e+00 2.503783e+01
2.068468e+00 3.028382e+01
2.260524e+00 2.378445e+01
8.296638e+00 2.387913e+01
7.360352e+00 2.676952e+01
6.930829e+00 2.621084e+01
1.852882e+00 2.830329e+01
4.369099e+00 2.630124e+01
8.394499e+00 1.661433e+01
1.451984e+01 1.504746e+01
6.355082e+00 1.475609e+01
8.564853e+00 2.185260e+01
-3.100080e+00 3.504400e+01
-7.879838e-01 2.874356e+01
2.259264e+00 1.040632e+01
3.972702e+00 1.993577e+01
4.922478e+00 2.312941e+01
3.244860e+00 2.950258e+01
8.806818e+00 2.226034e+01
9.365382e+00 2.104248e+01
1.241806e+01 1.710062e+01
1.720144e+01 2.270953e+01
8.815891e+00 1.479256e+01
7.527773e+00 1.893813e+01
3.994586e+00 2.482055e+01
2.634603e+00 2.634160e+01
-1.676747e+00 2.708623e+01
-1.143265e+00 2.777361e+01
6.855853e+00 2.312459e+01
8.382459e+00 3.008369e+01
3.082423e+00 2.041505e+01
6.988817e+00 2.430364e+01
9.637560e+00 2.112576e+01
-4.039799e+00 1.917012e+01
6.236281e+00 8.494659e+00
7.898521e+00 1.930264e+01
1.604198e+01 1.832886e+01
1.026325e+01 1.852654e+01
8.255449e+00 1.680526e+01
4.718065e+00 1.824015e+01
2.874906e+00 1.855196e+01
1.739399e+00 2.499346e+01
4.491009e+00 1.456782e+01
1.374873e+00 2.004907e+01
4.881923e+00 2.194400e+01
4.294450e+00 1.699295e+01
7.641648e+00 2.200314e+01
1.610720e+01 1.605709e+01
6.341800e+00 1.547598e+01
5.045370e+00 1.966488e+01
-1.012877e+00 1.832502e+01
-5.596332e-02 2.059796e+01
1.535090e+00 2.367929e+01
2.345853e+00 1.690649e+01
2.931903e+00 2.238129e+01
8.695429e+00 2.150772e+01
1.165138e+01 1.374927e+01
9.909913e+00 1.355731e+01
2.133902e+00 2.221718e+01
-1.857853e+00 3.078152e+01
7.069538e+00 1.588681e+01
3.581327e+00 1.896176e+01
-6.677161e+00 1.988249e+01
-9.756474e+00 2.303020e+01
5.962840e+00 1.400907e+01
4.955977e+00 2.140683e+01
1.673655e+00 1.822170e+01
8.110120e+00 2.109066e+01
-1.123106e+00 2.141494e+01
5.376875e+00 3.560107e+01
8.467440e+00 1.754514e+01
8.141499e+00 2.640808e+01
-2.569747e+00 2.070544e+01
9.611461e+00 1.740545e+01
4.982330e+00 2.877518e+01
1.075699e+00 2.486432e+01
4.188943e+00 2.141778e+01
-4.468171e-01 2.555188e+01
1.651066e+01 2.932659e+01
7.415623e+00 1.690820e+01
4.941537e-01 2.613604e+01
5.948099e+00 2.493074e+01
1.079189e+01 2.207029e+01
1.379032e+01 1.833475e+01
4.292664e+00 2.444591e+01
-6.274565e+00 2.512379e+01
1.494249e+00 1.853912e+01
1.068089e+01 2.588709e+01
3.231280e+00 2.954617e+01
1.138848e+01 2.523545e+01
1.895364e+01 9.655107e+00
1.211112e+00 1.615058e+01
3.673463e+00 2.281216e+01
1.085358e+01 2.282580e+01
5.015857e+00 2.326379e+01
7.852352e+00 2.058503e+01
1.947795e+01 1.525008e+01
9.544313e+00 2.266980e+01
8.530086e+00 2.048021e+01
1.718712e+01 1.491049e+01
2.285776e+01 1.217791e+01
-4.312019e+00 1.334988e+01
8.995743e+00 2.087915e+01
5.912708e+00 2.263677e+01
1.705686e+01 2.195240e+01
-8.294564e-01 1.798147e+01
-9.384697e+00 1.615713e+01
9.870790e+00 1.879506e+01
-3.693198e-01 1.704394e+01
2.761631e+00 2.139399e+01
1.038704e+01 7.545639e+00
4.936388e+00 1.619173e+01
1.223543e+01 2.629430e+01
2.528450e+00 2.172828e+01
2.943644e-01 1.580984e+01
-2.625977e+00 1.932708e+01
-7.247395e+00 2.497652e+01
1.457870e+00 2.923127e+01
1.395666e+00 2.043186e+01
-5.214990e+00 2.738855e+01
5.131943e+00 2.522127e+01
9.750103e+00 1.794061e+01
2.066911e+00 1.553084e+01
8.234806e+00 1.896889e+01
7.560594e-01 2.314575e+01
1.311526e+01 2.038161e+01
7.571021e+00 2.433422e+01
9.039655e+00 2.297414e+01
3.164241e+00 1.915263e+01
7.915270e-01 3.233169e+01
1.351117e+01 1.934091e+01
6.402118e+00 2.100128e+01
5.120907e+00 2.074534e+01
6.436029e+00 2.175858e+01
9.252446e+00 3.273224e+01
4.456138e+00 2.630218e+01
-3.151079e+00 2.947853e+01
2.059115e+00 2.797029e+01
1.313239e+01 2.232685e+01
4.448543e+00 2.730755e+01
3.905883e+00 2.720905e+01
6.116715e+00 2.235518e+01
1.194774e+01 1.625906e+01
1.145031e+01 1.414645e+01
-5.898855e-01 2.603503e+01
-1.342895e+00 2.183994e+01
2.946899e+00 1.796380e+01
4.675338e+00 2.379266e+01
2.241023e+00 1.865393e+01
7.812217e+00 1.798858e+01
6.605320e+00 1.561289e+01
-1.156238e+01 2.089764e+01
5.999367e+00 2.389062e+01
5.720349e+00 1.714581e+01
1.090749e+01 2.136738e+01
6.238048e+00 1.947956e+01
1.551691e+01 2.214298e+01
1.005609e+01 2.602705e+01
9.785584e+00 1.734921e+01
1.127641e+01 1.731009e+01
1.305972e+01 1.173031e+01
2.510255e+00 1.894598e+01
1.505024e+01 1.565670e+01
9.032653e+00 2.650175e+01
1.338692e+01 3.047691e+01
9.034870e+00 2.159836e+01
-2.950191e+00 1.377173e+01
4.203906e+00 1.474481e+01
3.319141e+00 2.364319e+01
9.941369e+00 1.809257e+01
1.556304e+01 1.278686e+01
3.442680e+00 2.440431e+01
6.384255e+00 1.913879e+01
-1.014484e+01 2.537247e+01
7.325766e+00 1.561896e+01
1.725835e+00 1.564978e+01
5.953424e+00 2.917945e+01
-5.898827e-01 2.719174e+01
1.746885e+00 1.740129e+01
-1.728736e+00 2.661484e+01
1.464264e+01 1.928524e+01
-4.252975e-01 2.312731e+01
1.149511e+01 1.489127e+01
6.638522e+00 2.250011e+01
-5.843101e+00 2.682903e+01
1.438355e+01 3.292354e+00
9.990197e+00 2.963511e+01
7.644942e+00 2.214197e+01
2.592700e+00 2.327902e+01
9.020463e+00 2.102605e+01
8.871331e-01 2.284996e+01
8.600982e-01 2.370836e+01
-4.362447e-01 2.224848e+01
2.659413e+00 2.823036e+01
8.097228e-01 2.273247e+01
3.000882e+00 2.387500e+01
6.625820e+00 2.340446e+01
6.800009e+00 2.417700e+01
1.847626e+00 1.881414e+01
-8.515017e-01 3.245146e+01
9.353309e+00 1.764282e+01
4.635140e-01 2.068663e+01
-8.677568e-01 2.450545e+01
9.576350e+00 2.378460e+01
1.161741e+01 2.210107e+01
6.460931e+00 2.738936e+01
5.356843e+00 2.105551e+01
-3.407850e-01 2.499676e+01
-4.906640e+00 2.758851e+01
-4.384702e+00 2.573283e+01
2.098212e+00 2.163638e+01
5.254017e+00 2.526966e+01
1.012785e+01 2.693439e+01
8.437518e+00 2.062643e+01
6.082738e+00 2.270556e+01
7.026220e+00 2.793519e+01
-5.385122e+00 2.740815e+01
-5.117026e+00 2.592595e+01
1.346696e+00 1.718223e+01
-2.374949e+00 1.313748e+01
1.623639e+01 2.055876e+01
1.300812e+01 2.110377e+01
2.717854e+00 1.890053e+01
7.891203e+00 1.281977e+01
3.030730e+00 1.117363e+01
6.277440e+00 2.182312e+01
2.005399e+00 2.305574e+01
6.405507e+00 2.843207e+01
8.729667e+00 1.691802e+01
7.995928e+00 2.058254e+01
1.026177e+01 2.677952e+01
1.410695e+01 1.495195e+01
-4.732364e+00 1.726904e+01
-3.283120e+00 1.209393e+01
-2.057095e+00 1.443958e+01
-1.461888e+00 1.958462e+01
8.041326e+00 8.967070e+00
1.103052e+01 2.635790e+01
5.143445e+00 2.831745e+01
7.609283e+00 1.581458e+01
6.826330e+00 2.741413e+01
7.463976e+00 2.372411e+01
8.260567e+00 2.377140e+01
1.615886e+00 2.193231e+01
1.096639e+01 1.093122e+01
1.670240e+01 1.868091e+01
