-8.918416e+00 -3.745077e+00
-1.158290e+01 7.887758e+00
-3.403378e+00 7.628886e+00
-3.759177e+00 6.306807e+00
-8.193000e+00 4.370138e+00
-3.878098e+00 3.993084e+00
-3.222669e+00 3.714496e+00
-7.492196e+00 -8.375340e-01
-6.765252e+00 2.408414e+00
-6.923791e+00 5.741362e+00
5.478648e+00 1.019174e+01
3.361176e+00 4.788607e+00
7.248358e+00 2.265226e+00
7.016829e+00 5.197380e+00
7.067490e+00 4.450643e+00
1.290601e+01 -3.362754e+00
5.854737e-01 4.612336e+00
2.989048e+00 5.242299e+00
8.958359e+00 4.975524e+00
1.051025e+01 8.974745e+00
4.064707e+00 7.067665e+00
1.007369e+01 5.520450e+00
1.385123e+01 3.797495e+00
9.967886e+00 3.083365e+00
1.124230e+01 7.984224e+00
1.391273e+01 7.136841e+00
1.591150e-01 -1.356094e+00
6.529035e+00 3.757259e+00
2.645217e+00 2.052407e+01
2.581391e+00 1.794058e+01
1.218104e+01 8.309747e+00
1.728005e+01 4.707850e+00
1.260979e+01 5.310574e+00
8.319745e+00 1.044933e+00
8.472027e+00 1.522520e+00
1.158538e+01 1.188841e+01
3.449269e+00 6.502342e+00
4.049506e+00 3.221479e+00
4.264756e+00 1.320817e+01
1.980328e+00 1.098382e+01
4.999093e-01 6.841161e+00
4.716843e+00 5.824312e+00
9.057669e+00 1.018720e+01
1.161530e+01 1.067913e+01
1.189875e+01 -2.017648e-01
7.797401e+00 1.654140e+00
1.216874e+01 1.170741e+01
1.590131e+01 8.488922e+00
1.088405e+01 5.422411e+00
1.165703e+01 4.224601e+00
6.684016e+00 4.637534e+00
-4.816409e-01 1.039386e+01
-1.239657e+00 5.211599e+00
6.639836e+00 1.013756e+01
1.213981e+01 1.423972e+01
9.501835e+00 1.246560e+01
1.157705e+01 8.787514e+00
6.274794e+00 5.971193e+00
1.306643e+01 1.072680e+00
1.244710e+01 7.199321e+00
7.318533e+00 1.102312e+01
1.112698e+01 3.362766e+00
1.187388e+01 1.200229e+01
9.216004e+00 1.695159e-02
1.047820e+01 1.062554e+00
-2.428012e+00 6.800638e+00
9.874716e+00 6.711407e+00
4.013274e+00 1.277798e+01
3.454791e+00 1.186363e+01
6.478083e+00 1.183732e+01
4.249774e+00 5.487146e+00
-8.633763e-01 1.821971e-01
1.093018e+01 1.287675e+01
1.492428e+01 8.277304e+00
7.378634e+00 8.620433e+00
9.164462e+00 1.156928e+01
4.980692e+00 -9.091910e-01
8.391484e+00 -1.372064e+00
5.522173e+00 3.184408e+00
9.516116e+00 9.286698e+00
9.269708e+00 -2.798541e+00
1.053831e+01 5.142592e+00
1.223095e+01 8.747745e+00
1.224412e+01 1.033481e+01
5.970118e+00 2.491100e+00
4.695654e+00 4.744780e+00
9.767630e+00 1.662699e+01
9.366427e+00 1.878357e+01
2.028515e+00 1.816560e+01
1.502299e+00 1.379199e+01
6.592959e+00 2.749920e+00
1.022473e+01 6.326811e-01
1.070709e+01 3.874454e+00
1.166016e+01 8.742634e+00
6.080254e+00 1.180662e+01
3.575733e-01 1.404298e+01
1.003614e+01 2.813627e+00
1.317779e+01 3.439567e+00
9.629497e+00 1.121620e+01
1.222026e+01 1.346595e+01
1.101625e+01 6.552439e+00
9.550737e+00 5.439897e+00
1.296781e+01 1.657029e+01
6.780142e+00 1.131155e+01
1.045681e+01 1.116850e+01
1.037104e+01 1.246511e+01
3.698075e+00 2.008094e+01
6.266630e+00 1.153313e+01
7.908712e+00 9.037711e+00
6.517720e+00 7.347729e+00
4.432529e+00 1.782807e+00
4.640143e-01 1.085670e+01
6.911588e+00 8.282788e-01
1.031750e+01 2.779271e+00
7.679211e+00 1.846033e+00
1.390908e+01 8.051348e+00
8.028717e+00 1.490879e+01
8.224032e+00 1.827899e+01
1.113206e+01 5.151296e+00
1.588475e+01 7.210063e+00
1.479960e+01 6.885395e+00
1.357188e+01 5.908897e+00
5.957139e+00 1.328011e+01
5.194999e+00 1.638239e+01
2.314016e+00 -2.773277e+00
4.487273e+00 3.033575e+00
3.985803e+00 1.038421e+01
1.630617e+00 1.178895e+01
1.744877e+01 8.459689e+00
2.044556e+01 2.156129e+00
1.152717e+01 -6.396743e-01
4.818783e+00 5.569153e+00
4.965979e+00 1.092066e+01
2.988947e+00 8.863363e+00
8.145760e+00 3.365776e+00
6.988856e+00 -1.082058e+00
9.984460e+00 6.653880e+00
9.531601e+00 1.462864e+01
9.043033e+00 6.588578e+00
5.115300e+00 1.597949e+01
3.930065e+00 -2.192794e+00
4.555738e+00 5.869298e+00
6.598573e+00 9.847192e+00
2.545350e+00 -4.899055e-01
6.244783e+00 1.563602e+00
9.953716e+00 1.514093e+01
1.042904e+01 -1.337460e+00
3.269239e+00 9.123221e+00
5.278312e+00 6.308711e-01
1.201665e+01 1.422051e+01
5.186483e+00 8.903624e+00
8.944129e+00 6.131931e+00
7.283798e+00 1.135231e+01
5.119591e+00 1.391475e+00
1.397414e+01 4.323345e-01
9.937334e+00 8.694307e+00
6.528346e+00 8.448581e+00
3.841975e+00 1.937732e+00
9.063630e-01 1.277427e+01
9.690360e+00 1.610489e+01
7.438545e+00 9.932668e+00
5.083362e+00 1.180631e+01
7.111400e+00 6.239249e+00
9.925617e+00 1.174243e+01
1.184464e+01 1.063174e+01
4.675887e+00 1.894291e+01
1.214629e+01 7.623316e+00
6.292609e+00 4.406495e+00
1.583925e+01 3.512070e-01
1.032234e+01 6.413136e+00
6.059171e+00 1.406678e+01
1.223952e+01 1.030822e+01
5.185435e+00 9.826755e+00
1.036505e+01 6.090227e+00
1.014418e+01 5.892217e+00
2.364033e+00 5.100133e+00
8.051568e+00 1.667148e+01
1.342628e+00 8.603608e+00
4.720798e+00 8.327445e+00
1.868459e+01 2.926255e+00
1.179815e+01 1.380765e+01
8.361632e+00 7.347895e+00
1.074731e+01 6.733216e+00
-1.548674e+00 5.582496e+00
6.337276e+00 4.251521e+00
9.679880e+00 8.015685e-01
1.315059e+01 1.810413e+01
4.847079e+00 1.039103e+01
4.273166e+00 9.830607e+00
4.403082e+00 9.572555e+00
1.166287e+01 1.085712e+01
1.005690e+01 8.796299e+00
7.015881e+00 1.130818e+01
2.795019e+00 1.072678e+01
-2.195847e+00 -1.403608e+00
3.563847e+00 1.556095e+01
1.117668e+01 -1.511899e+00
4.038536e+00 1.349636e+01
1.127222e+01 5.838195e+00
6.466308e+00 1.686210e+01
8.150411e+00 -2.463612e+00
8.329333e+00 4.908942e+00
5.747523e+00 5.427864e+00
1.082249e+01 -5.760187e+00
7.271017e+00 1.377154e+01
3.529221e+00 1.446872e+01
8.810473e+00 -5.418235e-01
6.005126e+00 1.986560e+00
7.146903e+00 2.157178e+00
6.256085e+00 1.539756e+01
5.925908e+00 2.627457e+00
1.050233e+01 7.901017e+00
1.061072e+01 1.232517e+01
2.016679e+00 5.329511e+00
9.959733e+00 3.883938e+00
9.533134e+00 1.345176e+01
5.773867e+00 9.111139e+00
9.478576e+00 1.197306e+01
6.854232e+00 8.063664e+00
5.929776e+00 8.010431e+00
7.676257e+00 6.837377e+00
2.882786e+00 1.016910e+01
1.050298e+01 9.994656e+00
5.304358e+00 1.613692e+01
6.335960e+00 1.185409e+01
3.534305e+00 1.472970e+01
6.608793e+00 1.723212e+01
8.231639e+00 1.980763e+00
1.317974e+01 -1.098395e+00
1.076579e+01 4.619398e+00
7.363722e+00 1.335434e+01
1.306824e+01 9.621840e+00
1.316287e-01 8.575954e+00
5.740885e+00 5.367641e+00
1.511049e+01 1.179875e+01
5.324112e+00 4.747748e+00
8.484073e+00 1.400433e+01
1.000627e+01 1.520071e+01
9.159480e+00 8.583701e+00
1.656229e+01 2.719111e+00
1.860939e+00 1.287740e+01
8.791358e+00 8.140941e+00
9.882886e+00 5.657357e+00
3.152233e+00 9.607615e+00
4.849640e+00 8.610725e+00
1.260652e+01 8.202457e+00
1.148572e+01 9.655542e+00
8.875942e+00 7.348611e+00
1.225602e+01 9.519260e+00
1.570858e+00 7.469519e+00
3.944501e-01 7.097049e+00
5.042223e+00 1.050467e+01
-3.355642e-01 6.998376e+00
8.103579e+00 8.097559e+00
4.841601e+00 4.515375e-01
7.156816e+00 9.138739e+00
6.135386e+00 3.130584e+00
1.060059e+01 1.049425e+01
1.067618e+01 8.196493e+00
8.698215e+00 5.800766e+00
5.383698e+00 7.331436e+00
7.039027e+00 8.623422e+00
9.746570e+00 8.057603e+00
6.163787e+00 8.796776e+00
9.237455e+00 1.054874e+01
7.815517e+00 4.979887e+00
7.486618e+00 8.141154e+00
9.320215e+00 9.155648e+00
8.606401e+00 8.547679e+00
5.894784e+00 9.303953e+00
-3.442705e+00 7.402482e+00
-3.066261e-01 3.960782e+00
1.756394e+01 1.123928e+01
1.207268e+01 7.502003e+00
6.392244e+00 1.743381e+00
1.184838e+01 3.399833e+00
3.120036e+00 2.971630e+00
8.199074e+00 3.917945e+00
1.375188e+01 8.529265e+00
1.246044e+01 3.449503e+00
1.216269e+01 1.421865e+01
1.000277e+01 9.960398e+00
6.132154e+00 5.493894e+00
1.239148e+01 2.132893e-01
6.368042e+00 3.787986e+00
4.103727e+00 4.388193e+00
6.336839e+00 1.201021e+01
4.496050e+00 1.302798e+01
1.968246e+00 8.048448e+00
7.625049e+00 1.486643e+01
1.400840e+00 9.355271e+00
6.682739e+00 9.802495e+00
4.550371e+00 9.282479e+00
4.059211e+00 5.483434e+00
1.331913e+01 8.982302e+00
5.494090e+00 7.812493e+00
1.287720e+01 5.001353e+00
1.081387e+01 7.328568e+00
6.648785e+00 3.886324e+00
7.019779e+00 1.363548e+00
1.223412e+01 4.499356e+00
6.629996e+00 6.237590e+00
1.124483e+01 3.789779e+00
1.434070e+01 1.241131e+01
8.726083e+00 9.513421e-01
8.541983e+00 5.980675e+00
1.007450e+01 5.204755e+00
6.375072e+00 9.278143e+00
2.651684e+00 8.299703e+00
3.307530e-01 1.581052e+01
9.676500e+00 2.020319e+00
5.557577e+00 -5.497915e-02
1.946767e+00 -2.195878e+00
6.517350e+00 -2.663689e+00
8.127181e+00 -1.041261e+01
1.190288e+01 -1.142752e+01
-3.326374e+00 -1.090470e+01
-7.556858e-01 -5.897865e+00
1.304342e+01 -7.287193e+00
5.696578e+00 -1.205415e+01
2.149590e+00 -6.666952e+00
5.505098e+00 1.514081e-01
7.473892e-01 -3.600400e+00
-5.889810e-01 -3.817787e+00
6.523922e+00 -5.266745e+00
2.744181e+00 -8.087981e+00
-5.945785e+00 -9.703802e+00
4.168543e+00 -2.835920e+00
4.979925e+00 -1.866417e+00
7.203639e+00 -1.401357e+00
1.035188e+01 -3.829702e+00
6.782751e+00 -8.199675e-01
8.769996e+00 -4.953577e+00
4.524563e+00 -2.528695e+00
7.992855e+00 -4.846802e+00
1.309020e+01 -9.022242e-01
5.150622e+00 -5.108139e+00
8.159434e-01 -5.604184e+00
-1.419942e+00 -6.713512e+00
3.003587e-01 -1.186404e+01
4.581162e+00 -4.676045e+00
7.148747e+00 -6.998833e+00
8.834215e+00 -9.311450e+00
8.715893e+00 -5.650942e+00
1.052594e+01 -4.077482e-01
7.587907e+00 -1.551000e+00
6.772850e+00 -1.536016e+00
8.710139e+00 -5.807532e-02
6.934206e+00 -4.354384e+00
9.910306e+00 -6.633249e+00
2.485048e+00 -7.691091e+00
-8.904752e-01 -1.944207e+00
2.052351e+00 -5.652061e+00
2.164332e+00 -6.347636e+00
8.316703e+00 2.719323e+00
3.751180e+00 -1.423261e+00
1.104999e+01 -1.056873e+01
1.057358e+01 -7.121658e+00
6.715221e+00 -4.677409e+00
5.650817e+00 -5.189394e+00
7.059525e+00 -2.248527e+00
2.816139e+00 4.390961e-01
4.764229e+00 -3.956969e+00
2.851145e+00 -4.389468e+00
5.249837e+00 -3.400932e+00
6.156401e+00 -1.246701e-01
3.318177e-01 7.496386e-02
1.279056e+00 9.965951e-01
7.017864e+00 -2.149072e+00
6.887749e+00 2.815236e+00
5.469471e+00 -1.141095e+01
-3.374783e+00 -5.201974e+00
9.411075e+00 -4.048681e+00
1.119030e+01 -2.737050e+00
7.921393e+00 1.005204e+00
2.664540e+00 -5.614325e+00
3.146309e+00 -1.990230e+00
-4.559651e+00 1.339810e+00
4.256181e+00 -1.409570e+00
3.312872e+00 -4.027358e-01
2.101649e+00 5.933134e+00
2.581032e+00 -1.908532e+00
1.615065e+00 -2.752737e+00
5.534199e+00 -6.694278e-01
-6.501102e-01 3.097332e+00
1.817207e+00 -1.233013e+00
5.451601e+00 3.846816e+00
1.767902e+00 4.026582e+00
-6.019178e-01 4.821211e+00
-3.700339e+00 -2.138846e+00
7.757383e+00 -3.939525e+00
2.497364e+00 -1.658681e+00
1.599699e+00 3.520700e-01
5.374369e+00 5.305626e+00
-2.975902e+00 1.778365e-01
2.975895e-01 2.807347e+00
1.535491e+00 -4.536240e+00
5.094432e-01 -3.873315e+00
1.087131e+01 -1.179391e+00
1.125631e+01 2.411873e+00
1.185683e+01 -1.546455e-01
6.384785e+00 5.058154e+00
7.435466e+00 4.123166e+00
5.760639e+00 1.407140e+00
7.444896e+00 -4.475045e+00
8.592131e+00 -2.612220e+00
8.205036e+00 -2.007175e+00
1.281579e+00 -5.767384e+00
-3.339147e+00 1.072365e-01
5.434233e+00 9.629176e-01
9.331216e-01 -4.116592e+00
-7.210830e-01 7.451953e+00
4.468990e+00 1.474173e-01
1.245759e+01 4.469301e-01
2.732860e+00 -2.404947e+00
3.603375e+00 -2.024650e-01
6.738625e+00 -3.421521e+00
4.490801e+00 -2.089361e+00
6.577894e+00 9.010822e-01
7.936413e+00 3.307309e+00
2.601235e+00 1.470831e+00
5.760701e+00 -1.228853e+00
9.458581e+00 2.165188e+00
1.042091e+01 4.672308e+00
3.494888e+00 1.164445e+00
2.618986e+00 -4.061870e+00
3.589351e+00 -2.116367e+00
9.279287e-01 -1.813842e+00
2.784765e+00 2.127359e+00
5.683088e+00 -6.059181e-01
8.213403e+00 -8.355195e+00
5.562475e+00 -1.003353e+00
8.615930e+00 -2.207679e+00
-3.154841e+00 -3.455979e+00
5.372669e+00 -8.554917e+00
4.970447e+00 -5.918417e-01
1.164308e+01 -1.287944e+00
4.739850e+00 -3.412514e-01
3.341595e+00 -3.425537e+00
8.014819e+00 4.061790e+00
1.044162e+01 -9.516010e+00
1.286246e+00 -9.272305e+00
-5.591694e-01 -1.027569e+01
1.389335e+00 -3.773572e+00
5.993930e+00 -1.374619e+00
4.418504e+00 -6.110523e+00
5.966316e+00 -1.335554e+00
1.576140e+00 -2.057795e+00
3.355146e+00 -9.506296e+00
1.529773e+00 -2.295903e+00
5.697720e+00 -6.264707e+00
5.322155e+00 -1.962294e+00
6.838145e+00 2.247475e+00
-2.351225e-01 4.446463e+00
-1.707635e+00 -9.799461e+00
-2.592487e-01 -3.121329e+00
7.131371e+00 -3.006547e+00
3.503603e+00 1.619889e+00
2.000497e-01 -3.572298e+00
-3.405981e+00 2.623077e+00
1.810760e+00 -5.587118e+00
-2.382202e+00 -1.130192e+00
-1.743815e+00 -5.385896e+00
6.590235e+00 3.619558e+00
4.066057e-02 4.701649e+00
-2.551465e-01 -3.791766e+00
5.237711e+00 -2.347627e+00
8.438875e-01 -1.890545e+00
2.821782e+00 2.112077e-01
7.325496e+00 -5.759680e+00
1.649018e+00 7.687111e-01
7.257589e+00 4.417275e+00
1.800647e+00 2.815929e+00
1.849297e+00 3.182747e+00
6.925571e+00 8.258520e+00
5.781284e+00 -1.792531e+00
-1.809643e+00 3.673978e+00
3.039488e+00 6.167989e+00
6.349633e+00 -1.051158e+01
3.934617e+00 -2.855689e+00
7.098737e+00 8.305220e+00
1.014042e+01 -6.145192e+00
-5.379497e+00 8.413293e-01
-1.594701e+00 -8.586300e-01
1.763065e+00 -3.338289e-01
1.817104e+00 -3.526807e+00
6.775553e+00 -1.897067e-01
1.225827e+00 -5.511767e+00
8.225743e-01 -4.230581e-01
-1.298865e+00 -5.392908e+00
5.849703e+00 -5.278715e+00
6.604128e+00 3.204566e+00
6.274403e+00 -1.103882e+00
5.357630e-01 -1.760645e+00
9.296176e+00 -6.414722e+00
5.738421e+00 2.892873e+00
5.249988e+00 -1.912193e+00
3.480377e+00 2.222464e+00
6.594352e+00 -5.766050e+00
1.231136e+01 -2.005464e-01
1.034211e+01 -6.122115e+00
2.734469e+00 -1.170914e+01
2.422312e+00 -4.038279e+00
-2.119789e+00 -4.314973e+00
3.891168e+00 -6.150844e-01
1.554505e+00 -3.505682e+00
5.646741e+00 -6.088434e+00
5.012805e+00 -6.443861e+00
1.469077e+00 -8.632402e+00
7.558084e+00 7.037299e-01
3.457228e+00 -3.712168e+00
9.532486e+00 -4.357325e+00
5.680644e+00 3.671653e+00
4.886871e+00 -2.793358e+00
3.325197e+00 -1.661408e+01
6.907207e+00 -5.701271e-01
3.624534e+00 -1.818474e+00
8.085661e+00 -1.574718e+00
6.356039e+00 -2.091127e+00
-2.354083e+00 1.256074e-01
5.189607e+00 -2.019825e+00
1.489521e+00 -1.193453e+00
1.909769e+00 -7.997288e+00
4.312988e+00 3.292638e+00
2.675092e+00 5.740153e+00
1.969468e+00 1.843044e+00
1.954359e-01 -3.543004e+00
5.692170e+00 3.728297e-01
5.224709e+00 5.411697e-01
6.067622e+00 -3.030586e+00
-2.647667e+00 -7.236254e+00
4.558612e+00 5.831750e+00
6.584360e+00 -5.228923e+00
6.066670e+00 -1.742531e+00
5.483718e+00 1.925737e+00
1.098114e+00 -5.445421e+00
2.523433e+00 -1.025549e+00
2.792156e+00 5.982518e+00
9.153573e+00 -1.073273e+01
7.749525e+00 7.951149e-01
6.859685e+00 3.109726e+00
1.241616e+01 -5.989250e+00
9.709351e-01 1.503825e+00
3.343321e+00 -3.699336e-01
8.218853e+00 3.807403e+00
5.041073e+00 -4.200706e+00
1.781423e-01 8.525537e-01
4.767786e+00 -7.581462e+00
-2.150262e+00 3.816887e+00
2.752192e+00 -7.818034e+00
2.060640e+00 -1.389234e+00
2.616523e+00 -1.510026e-01
5.452290e+00 6.397440e+00
8.341460e+00 3.723068e+00
4.290068e+00 1.231113e+00
5.960890e+00 -8.553361e+00
4.914145e+00 -5.685531e+00
5.006715e+00 -9.133562e+00
6.101118e-01 -9.515896e+00
3.199455e-01 -6.474987e+00
1.256731e+00 -1.235331e+01
1.520248e+00 -1.739395e+00
5.403620e+00 -1.438928e-02
2.293170e+00 -5.195763e+00
5.335683e+00 -2.027807e+00
6.102743e+00 -4.681749e-01
3.524079e+00 -8.709476e+00
4.996540e+00 -2.712636e+00
6.258937e+00 -8.601407e-02
3.738210e+00 -8.334824e+00
-6.217759e-01 1.047618e+00
2.172233e+00 -3.154532e-01
3.356563e+00 4.381386e+00
3.570326e+00 -3.356629e+00
6.983508e+00 -6.234951e+00
7.788903e+00 -4.201967e+00
3.220668e+00 -2.397719e+00
2.895707e+00 -4.243812e+00
8.255575e+00 -2.144021e+00
4.229174e+00 1.325730e+00
1.176640e+01 4.981615e+00
6.869768e+00 6.039653e+00
2.750859e+00 -9.148119e+00
8.613377e+00 -1.237855e+00
-1.413724e+00 -6.951595e+00
-2.884978e-01 -1.012853e+00
1.157119e+01 -3.381492e+00
8.141546e+00 -7.482391e-02
2.044426e-01 6.082716e+00
5.208937e+00 -1.941546e+00
-2.572489e+00 1.532045e+00
1.380947e-01 -1.136305e+00
5.398455e+00 2.508618e+00
1.853921e+00 1.530290e+00
5.136833e+00 -3.837925e+00
3.937174e+00 -2.428713e+00
7.745571e+00 1.156977e+00
2.855291e+00 1.966035e+00
2.740854e+00 -6.593614e+00
4.367264e+00 -4.251689e+00
1.854193e+00 5.069096e+00
-2.183066e+00 -1.221425e+00
-1.733929e+00 -4.230751e+00
2.064869e+00 1.622867e+00
4.856793e+00 -7.423168e+00
3.775682e-01 -8.531090e+00
4.644591e+00 -3.930535e+00
4.258816e+00 -2.911401e-01
3.462010e+00 3.101476e+00
1.886342e+00 -7.059312e+00
4.218234e+00 -1.501414e+01
1.619307e+00 -5.529965e+00
-2.177044e-01 -4.490149e+00
1.333045e+00 -4.511885e+00
8.319566e-01 -1.678505e+01
-2.611317e+00 -1.012184e+01
-2.612898e+00 -1.682604e+01
2.311120e+00 -1.229546e+01
6.560341e+00 -9.638545e+00
3.649368e+00 -1.960897e+00
1.195251e+01 -5.275982e+00
8.999985e+00 1.943713e+00
-5.893356e+00 -1.300087e+01
1.953876e+00 -4.528006e+00
8.918674e+00 -5.908217e+00
2.093208e-01 -1.573751e+01
-2.599959e+00 -9.416680e+00
-5.767361e+00 -7.404262e+00
-2.203009e+00 4.208178e-01
3.154666e+00 -2.599067e+00
2.650288e+00 -9.454388e+00
2.928407e+00 -4.765873e+00
4.858286e+00 -9.299070e+00
5.748969e+00 -4.724390e+00
4.007284e+00 -6.719390e+00
4.370869e+00 -5.342742e+00
1.749693e+00 -1.470698e+01
1.152568e-01 -5.387720e+00
1.399785e+00 -5.286954e-01
1.747931e+00 -1.210966e+01
3.913637e+00 -9.869400e+00
-8.552397e-01 -1.173236e+01
1.271743e-01 -2.520956e+00
1.468778e+00 -1.427697e+00
-2.105829e+00 -7.140399e+00
5.118658e+00 -1.471107e+01
-2.688656e+00 -7.678410e+00
4.169001e+00 -1.331421e+01
7.929531e+00 -8.958077e-01
4.679547e+00 -5.259060e+00
-5.187452e+00 -7.998105e+00
-1.591754e+00 -8.573769e+00
2.702013e+00 -1.339461e+01
3.688101e+00 -9.982699e+00
-1.595724e+00 -5.043362e+00
2.276331e+00 -5.915543e+00
4.100782e+00 -1.599653e+01
-6.451212e-01 -1.656336e+01
3.251313e-01 -6.250071e+00
3.412096e+00 -9.357550e+00
-1.475725e+00 -1.344191e+01
1.130558e+00 3.911709e-01
1.653622e+00 -1.200195e+01
-2.203235e+00 -5.560242e+00
6.333353e+00 -1.564110e+01
4.217644e+00 -1.135672e+01
-1.430927e+00 -2.201669e+00
-6.624410e+00 1.297264e+00
2.522311e+00 -5.953737e-01
2.869196e+00 -1.669451e+00
4.662835e+00 -9.107226e+00
3.811310e+00 -6.844339e-01
6.412251e+00 -2.525190e+00
2.196360e+00 -6.047695e+00
3.049918e+00 -6.515431e+00
4.271573e+00 -6.506713e+00
-1.642129e+00 2.171479e+00
-3.993860e+00 6.000824e-01
-5.368995e-01 4.203060e-01
-6.382951e-01 -6.582203e+00
2.675489e+00 -1.281833e+00
5.697830e+00 -1.869992e+00
5.787179e+00 -3.126551e+00
3.863828e+00 -5.227563e+00
1.879215e+00 3.204946e-01
2.234441e+00 -2.903954e+00
4.849879e+00 3.002298e+00
7.438397e+00 -3.692018e+00
-2.034932e+00 -3.873991e+00
1.179319e-02 -3.309846e+00
3.004261e+00 -5.388870e+00
6.166831e-01 -2.764955e+00
4.889383e+00 -2.489772e+00
2.424399e+00 5.757851e-01
-3.100648e+00 -4.834028e+00
1.869216e+00 5.475715e-01
1.476014e+00 -4.218938e+00
3.939195e+00 -3.891927e+00
2.884572e+00 -1.755783e+00
3.637133e+00 -3.465581e+00
7.602668e-01 -2.705524e+00
-1.891141e+00 -1.953790e+00
6.569163e+00 -3.606694e-01
4.385939e+00 -2.535173e+00
3.159434e+00 -4.008033e+00
2.501042e+00 -3.429194e+00
5.446765e-01 -6.593158e+00
6.338346e+00 -7.329540e+00
-8.848254e-01 1.216335e+00
-1.756274e+00 2.690957e+00
-2.550642e+00 2.228705e+00
2.817753e+00 6.944220e-02
7.088726e+00 -1.096771e+01
5.677878e+00 -1.060786e+01
9.807484e-02 -1.517706e+00
-9.205488e-01 -9.945447e-01
7.934956e-01 -6.900897e+00
4.084339e+00 -6.912643e-01
7.323294e-01 2.036983e+00
-1.109723e+00 -8.634028e+00
-7.565889e-01 -6.915879e+00
-2.489657e+00 -2.570577e+00
5.645288e+00 -8.498024e-01
2.159086e-01 5.035963e-01
4.764398e+00 -3.810779e+00
-7.718908e-01 -7.457719e+00
3.203888e+00 -7.873897e+00
-1.674900e+00 -2.728947e+00
4.253390e+00 5.265466e+00
5.333398e+00 -5.100162e+00
4.744575e+00 -6.647801e+00
5.241795e+00 -4.379396e+00
-1.572073e-02 -7.298860e+00
4.790542e-01 -1.149852e+01
2.295414e+00 -1.542391e+01
1.551671e+00 -1.804498e+00
1.187301e+01 -9.740979e+00
7.011209e-01 6.374464e-02
2.291412e+00 -5.596455e+00
-3.391085e+00 7.762292e+00
1.473789e+00 -4.908874e+00
5.943217e+00 -8.617195e+00
-5.492575e+00 -4.087562e+00
-2.412093e+00 -1.247263e+01
4.732736e+00 -7.938275e+00
5.231199e-01 -8.852173e+00
1.995782e+00 -5.246547e+00
9.255089e-03 -1.052146e+00
-4.618158e+00 -8.510304e+00
-3.909002e+00 -1.273348e+00
4.923475e+00 -1.135105e+01
-6.787709e-01 -1.103867e+01
1.162259e+00 -1.431775e+00
3.530190e+00 -7.441582e+00
-1.289732e+00 -9.404185e+00
2.581198e+00 -2.151323e+00
4.785311e+00 -3.660805e-02
3.860924e+00 -2.808668e+00
-5.712201e+00 -1.326178e+01
2.592567e+00 8.660457e-01
-1.430019e+00 -9.588113e+00
2.490542e+00 -1.007855e+01
-1.069123e-01 -5.264274e+00
-8.060493e+00 2.497756e+00
-2.719976e-01 3.018483e+00
2.536886e+00 2.682892e+00
1.862332e+00 -7.451992e+00
-4.049288e+00 -1.923026e+00
5.662901e+00 -1.534151e+00
6.172234e+00 -8.131014e+00
-6.997997e+00 -8.056812e+00
-5.274894e-01 -7.478891e+00
-4.369335e+00 1.729522e+00
-1.210902e+00 -4.988424e+00
-1.745722e+00 -5.408538e+00
5.029884e+00 -5.270323e+00
4.515766e+00 -4.932023e+00
1.335392e+00 4.870321e+00
-1.066273e+00 -1.222339e+01
-2.541529e-01 -5.545102e+00
3.629096e+00 -5.782686e+00
8.195047e+00 -1.226100e+01
1.562030e+00 -7.997032e+00
-4.869704e+00 3.336991e+00
9.961546e-01 -8.112142e+00
2.401775e+00 -6.642354e+00
2.362221e+00 3.318575e+00
6.886952e+00 -9.766014e-01
7.608131e+00 5.427558e+00
1.722031e-01 -4.474610e+00
6.345377e+00 -1.107436e+01
8.353516e+00 -6.532151e+00
4.785641e+00 -3.091937e+00
-6.162776e+00 -1.047481e+01
3.930330e+00 -1.176406e+01
3.474665e+00 -8.774162e-01
7.750217e+00 -6.592648e+00
-1.013125e+00 -1.658064e+00
1.347139e+00 -9.171871e+00
3.658037e+00 8.991514e-01
-1.883529e+00 -6.707385e+00
7.807670e-01 -4.193548e+00
2.603425e+00 -4.104351e+00
4.602018e-01 -7.696822e+00
3.766703e+00 -5.433499e+00
-2.026772e+00 -1.252677e+00
-7.275635e-02 -1.340389e+01
-3.189366e+00 -8.981047e+00
-1.306880e+00 -1.195066e+01
-5.134164e+00 -4.290721e+00
8.762887e-01 -4.311656e+00
1.029903e+00 -1.083153e+01
2.249926e+00 -4.132540e+00
2.876929e+00 -1.520654e+01
-4.395150e+00 -1.314151e+01
3.583072e+00 -5.534095e+00
-8.001192e-02 -4.099604e+00
9.698364e+00 -5.630982e+00
2.240364e+00 -5.317250e+00
-2.358274e+00 7.954405e-01
-1.197749e+00 -3.105599e+00
-1.032727e-01 -5.573226e+00
1.693864e+00 -9.439808e+00
1.026277e+00 5.324779e+00
2.256284e+00 2.871498e+00
-1.985459e+00 -2.694811e+00
1.298409e+00 5.878729e+00
-1.838535e+00 -5.489223e+00
1.770153e+00 2.041610e-01
5.043987e+00 -2.411816e+00
-6.592018e+00 -3.337336e+00
-6.630983e-01 -5.513989e+00
-3.524344e+00 -9.402583e+00
1.584438e+00 -7.220978e+00
2.480304e+00 -2.971764e+00
4.470910e+00 -5.359528e+00
3.451494e+00 -1.362160e+00
5.243303e+00 6.175451e+00
-4.852916e+00 -1.251445e+01
-6.615190e+00 -4.086300e+00
1.062316e+01 5.993113e-01
1.076655e+01 -9.571576e+00
-2.728388e+00 -6.319722e+00
-8.691159e+00 2.516806e+00
7.989444e+00 -2.722406e+00
1.005337e+00 -1.773773e+00
9.218182e-01 -1.228687e+00
6.148553e+00 -4.393551e+00
5.993066e+00 -2.421543e+00
-1.061256e+00 -4.842026e+00
2.197387e+00 -6.364506e+00
-4.847859e+00 -1.177301e+01
-2.513901e+00 -1.926123e+00
-2.009879e+00 2.373728e+00
4.896208e+00 -1.340523e+01
-4.251533e+00 -8.600203e+00
6.061370e+00 -9.797185e+00
2.449857e+00 -6.934033e+00
-3.392600e+00 -2.741959e+00
-4.359533e+00 -5.312442e+00
-8.934365e-01 -1.048282e+01
6.934805e+00 -1.134795e+01
3.557263e+00 -9.840789e+00
-2.600551e-01 -4.830549e+00
-1.506934e+00 -1.235086e+00
-9.648703e-01 3.947160e+00
-1.708066e+00 -1.415808e+01
4.287670e+00 -1.636382e+01
8.372989e-01 -8.135972e+00
2.219304e+00 -1.245010e+01
6.662000e-01 -5.287262e+00
4.876799e+00 -3.758591e+00
2.146244e+00 2.966466e+00
2.009373e+00 -2.769664e+00
-2.772472e-01 -7.526853e+00
-2.840259e+00 -8.622357e+00
-5.652481e+00 -4.572771e+00
-4.997865e+00 -6.597502e+00
1.849685e+00 -9.072030e+00
2.631279e+00 -7.084452e+00
-3.785487e+00 5.920377e-01
9.143101e-01 6.457919e+00
-5.708992e-01 -1.698137e+00
2.921334e+00 -3.392631e+00
-1.037200e+00 -1.086272e+01
4.512474e+00 -9.204107e+00
6.301029e+00 -5.984690e+00
4.913398e+00 -5.757956e+00
-2.268530e+00 7.141722e-01
-5.675232e+00 -1.215616e+00
-5.325873e+00 1.097365e+01
-8.406782e+00 6.328978e+00
-8.343675e-01 -2.451069e+00
-1.975130e+00 2.875272e+00
-1.034036e+00 -5.391328e-01
-1.756290e+00 1.675722e+00
6.385778e+00 -5.122364e+00
1.825814e+00 -6.384285e+00
3.738798e+00 -7.540313e+00
-4.161856e-01 -7.264896e+00
-5.702430e+00 -4.949925e+00
-1.218017e+01 -3.671236e+00
3.783763e-01 -5.239963e+00
6.100223e+00 5.773457e+00
4.232619e-01 -6.803005e+00
-3.413516e+00 -6.618107e+00
-6.681225e+00 -1.316363e+00
3.115508e+00 -1.428631e+00
-5.304253e+00 -3.460915e+00
-5.271490e+00 -5.249079e+00
