9.137831e+00 3.280670e+00 8.610866e+00 -4.638328e+00 -4.784730e+00 -1.499870e+00 2.843541e+00 -6.433920e+00
1.003870e+01 3.138480e-01 6.539096e+00 -5.013468e+00 -8.807968e+00 -6.363731e-02 4.709159e+00 -6.409893e+00
7.687643e+00 3.855028e+00 2.823152e+00 -7.628941e+00 -7.450017e+00 1.644802e-01 9.037421e+00 -6.411353e+00
7.622804e+00 4.671515e+00 2.531583e+00 -9.943039e+00 -9.548042e+00 -1.724818e+00 4.931469e+00 -4.424550e+00
9.905014e+00 3.038999e+00 6.560484e+00 -6.863053e+00 -7.384880e+00 -7.009727e+00 2.231429e+00 -4.012503e+00
6.065332e+00 -2.710076e+00 5.284980e+00 -7.755365e+00 -4.795870e+00 -6.175364e+00 6.395679e-01 -4.478312e+00
5.316207e+00 3.629294e+00 8.157755e+00 -4.070752e+00 -4.527215e+00 -4.053151e+00 3.625554e+00 -5.133639e+00
1.090021e+01 2.648306e+00 5.450854e+00 -4.447049e+00 -5.526257e+00 -2.506177e+00 9.976011e+00 -5.663734e+00
8.904666e+00 6.817708e-01 7.451926e+00 1.488351e+00 -5.436524e-01 -6.238938e+00 1.405050e+00 -2.775768e+00
8.968485e+00 4.642515e+00 1.083509e+01 -1.503156e+00 -5.683850e+00 -6.889003e+00 3.279721e+00 -4.931419e+00
2.467965e+00 6.881724e+00 3.144663e+00 -1.298575e-01 -1.250230e+00 -5.521829e+00 2.120673e+00 -5.255798e+00
6.978015e-01 7.160599e+00 4.665236e+00 2.603666e-01 -8.747060e-01 -5.955110e+00 4.275468e+00 -7.003917e+00
3.175073e+00 2.303731e+00 6.820038e-01 -1.042698e+00 -2.070969e+00 -6.131122e+00 7.289859e+00 -7.467441e+00
5.543525e+00 7.494457e+00 3.683497e+00 5.096389e-01 -2.669754e+00 -6.199260e+00 4.198181e+00 -7.535913e+00
-9.378951e-01 -9.805552e-01 3.804918e+00 1.798422e+00 3.140942e-01 -6.653267e-01 4.534622e+00 -6.848959e+00
-1.248796e+00 2.348507e+00 5.715092e-01 -4.729862e-01 -2.105139e+00 -4.946938e+00 3.572560e+00 -6.206433e+00
1.009348e+00 3.731312e+00 3.069396e+00 -2.998683e-01 -2.543425e+00 -6.317297e+00 2.275970e+00 -5.667252e+00
-1.565341e+00 2.777951e+00 1.760130e+00 2.296611e+00 1.085965e+00 -5.658537e+00 5.263631e+00 -1.035327e+01
-1.695979e+00 7.117394e+00 5.669724e+00 1.808025e+00 4.643115e-01 -3.612385e+00 3.448882e+00 -7.479577e+00
1.994593e+00 4.222882e+00 6.456851e+00 6.028900e+00 2.744910e+00 -2.126826e+00 2.616991e+00 -3.074334e+00
-2.428347e+00 5.237581e+00 1.939109e+00 1.621555e+00 -1.977557e-01 -2.399840e+00 3.985370e+00 -8.625248e-01
-1.652153e+00 1.708071e+00 9.685374e-01 1.135623e+00 -1.179067e+00 -1.824604e+00 3.268579e+00 -1.216352e+00
2.874121e+00 -2.820163e-01 3.538085e+00 -2.661129e+00 1.477265e+00 -4.046600e+00 6.076271e+00 -5.074236e+00
3.340296e+00 3.238598e+00 4.389279e+00 -3.552743e+00 -3.227043e-02 -4.471962e+00 4.958310e+00 -4.986754e+00
-3.720757e+00 1.626316e+00 2.666668e+00 3.173368e+00 3.372228e+00 -1.120213e+00 1.698015e+00 -5.523525e+00
-4.708707e+00 5.745781e+00 2.223394e+00 2.204436e+00 2.028998e+00 -3.899040e+00 -5.300008e-01 -2.569024e+00
2.250919e+00 2.301413e+00 8.400760e+00 1.757945e+00 2.164454e+00 -3.375223e+00 6.276183e+00 -7.864443e+00
6.286282e-01 1.287303e+00 4.729781e+00 2.110724e-02 5.797822e+00 -1.774751e-01 1.390991e+00 -8.484719e+00
-1.904653e+00 4.098062e+00 5.157926e+00 -6.808634e-01 -4.549429e+00 -2.455157e+00 4.353449e+00 -1.631128e+00
-1.385167e+00 7.569306e+00 3.082133e+00 1.548284e+00 -2.468849e+00 -2.827930e+00 4.327020e+00 -3.197954e+00
-2.913344e-01 2.600742e+00 3.381162e+00 1.713627e+00 3.650579e+00 -1.225937e+00 3.368563e+00 -8.548916e-01
-1.562158e-01 1.291203e+00 1.973339e+00 -4.301283e-01 2.273040e+00 -3.023530e+00 6.228338e-01 3.501599e+00
-2.627776e+00 1.126137e+00 3.699764e+00 3.342623e+00 1.992559e+00 -2.260767e+00 1.398443e+00 -2.666606e+00
-4.156516e+00 9.362505e-01 4.269696e+00 5.727294e-01 2.905466e+00 -3.644859e+00 3.738531e+00 -1.325563e+00
8.333156e-01 -9.541240e-01 5.032438e+00 -2.633607e+00 -3.627195e+00 -1.524946e+00 4.423394e+00 5.893438e-01
1.810041e+00 1.869443e+00 4.107189e+00 4.028862e-01 -1.476718e+00 -9.241605e-01 6.163319e+00 -4.785782e+00
7.239730e-01 4.177448e+00 6.962794e+00 5.852095e+00 3.128523e+00 -3.210809e+00 1.065507e+00 -2.185868e+00
4.115569e-02 4.525963e+00 3.084322e+00 2.314954e+00 3.129360e+00 -2.472234e+00 4.074785e+00 -4.355550e+00
1.595289e+00 7.609523e+00 2.081164e+00 -3.483786e+00 -3.404203e-01 -7.333300e+00 3.263730e+00 -6.442175e+00
8.723447e-01 7.449742e+00 7.463450e+00 -1.236969e-01 1.589585e+00 -4.950710e+00 5.001986e+00 -9.792112e+00
4.712614e+00 2.168914e+00 4.773930e+00 -7.004282e-01 4.595838e-01 -2.098934e+00 5.063378e+00 -6.790216e+00
7.607216e-01 3.241580e+00 6.233234e-01 2.292530e+00 -2.578931e-01 -6.026467e+00 1.742946e+00 -5.813609e+00
1.194409e+00 1.381237e+00 1.089417e+00 -5.784063e+00 1.805821e+00 -5.115460e+00 3.085852e+00 -5.321553e+00
2.558617e+00 4.106617e+00 5.758424e+00 -2.379656e+00 1.188612e+00 -1.178329e+00 2.766336e+00 -3.943274e+00
-9.673835e-01 2.520899e+00 -3.159941e-01 8.039173e-01 4.572937e-01 -2.984250e+00 2.608011e+00 -1.476284e+00
-9.804378e-01 3.486199e+00 2.464532e+00 -9.215908e-01 -5.363480e-01 -4.249275e+00 9.581881e-01 -1.976048e+00
4.280128e+00 3.932912e+00 2.692081e+00 -3.178397e-01 -3.152711e+00 -4.137352e+00 2.165244e+00 -9.088441e-01
3.584333e+00 -5.662808e-01 2.490858e+00 1.480139e+00 -1.316001e-01 -2.515716e+00 4.138625e+00 -1.403888e+00
1.609385e-01 3.663528e+00 1.849641e+00 -1.635589e+00 4.180996e+00 -2.419391e+00 1.052593e+00 -6.323846e+00
-4.468390e+00 2.909847e+00 2.953726e+00 -3.855707e-01 6.105215e+00 -1.064695e-01 1.513278e+00 -4.359973e+00
1.513185e+00 3.347241e+00 4.016811e+00 -4.474234e+00 5.568025e-01 -5.909047e+00 3.406445e+00 -7.858923e+00
2.584837e+00 7.508616e+00 6.633338e-01 -2.134018e+00 -1.255007e+00 -4.913828e+00 6.458361e+00 -1.224669e+01
-3.612850e+00 8.978230e+00 3.320195e-01 -4.725233e+00 -3.710727e+00 -3.176064e+00 7.620328e+00 -7.365499e+00
-7.378336e-01 7.805796e+00 -3.060443e+00 -4.719147e-01 -5.721387e+00 -3.608180e+00 6.042363e+00 -8.156015e+00
2.231954e-01 7.266349e+00 4.984963e+00 3.592895e+00 7.890194e-01 -2.455155e+00 2.636119e+00 -2.137634e+00
5.020294e-01 6.081105e+00 6.814051e+00 4.726565e+00 -1.819227e-01 -1.506774e+00 2.243186e+00 -3.772296e+00
-1.159238e+00 1.870631e+00 5.668150e+00 3.628185e+00 2.543997e+00 -2.729591e+00 1.362739e-01 -3.512759e+00
8.552734e-01 5.434787e-01 5.055559e+00 4.407793e+00 3.107110e+00 -3.679226e+00 8.119589e-01 -6.727755e+00
-1.973153e+00 -9.059461e-01 4.970584e+00 -4.313464e-02 1.185279e+00 -3.726859e+00 6.545236e-01 -3.750302e+00
6.769880e-01 4.157846e+00 6.698335e+00 4.966677e-01 -5.036246e+00 -1.654337e+00 1.488439e+00 -3.938868e+00
3.913779e+00 2.637537e+00 8.832986e-01 -2.628465e+00 -5.821180e-01 -3.810329e+00 1.221997e+00 -3.958236e+00
3.151789e+00 1.961211e+00 1.276158e+00 -2.179016e-01 4.674268e-01 -3.247947e+00 1.692071e+00 -6.182198e+00
-6.992230e-02 5.096818e+00 2.473265e+00 6.867008e+00 -1.366085e+00 -3.587806e+00 -4.881442e-01 -2.503030e-01
-1.781993e+00 3.856740e+00 3.614451e+00 3.920485e+00 1.768187e+00 -2.923611e+00 3.967769e+00 -9.055451e-01
-3.473680e-01 2.158832e+00 4.044472e+00 -1.411238e+00 9.521425e-02 -3.535881e+00 5.568342e+00 -6.456880e+00
6.097767e+00 7.769199e+00 5.290452e+00 1.779102e+00 -7.387890e+00 -6.118895e+00 4.370650e+00 -6.237656e+00
3.705963e+00 3.459147e+00 3.966938e+00 -4.687164e+00 2.344195e+00 -5.950696e+00 1.782589e+00 -5.664120e+00
2.993651e+00 3.233637e+00 5.279985e+00 -2.629453e+00 3.496560e-01 -5.755758e+00 1.756984e+00 -2.894278e+00
-1.365238e-01 2.745838e+00 1.968915e+00 4.557311e+00 -1.782359e+00 -1.401576e+00 5.054796e-01 -2.940458e+00
-2.067520e+00 3.463288e+00 -2.170488e+00 3.686646e+00 -2.048346e+00 -4.104135e+00 -1.766530e+00 -1.163517e-01
4.308151e-01 1.017305e-02 5.772263e+00 -3.708656e+00 -1.646325e+00 -3.897516e+00 2.590666e+00 -2.754399e+00
-4.100966e-01 3.953405e+00 6.317710e-01 -1.348784e+00 1.466157e-01 -4.369853e+00 3.467902e+00 -4.888357e+00
-2.303804e+00 2.445519e+00 1.726546e+00 4.439269e+00 -4.961458e+00 -3.171511e+00 -2.177835e-01 1.678782e-01
1.482654e+00 2.134148e+00 8.131072e+00 4.602064e+00 -3.201466e+00 -5.232704e+00 -1.643083e+00 -1.019200e+00
-2.014310e+00 1.001288e+00 2.256343e+00 3.070041e+00 -2.424119e+00 -2.081629e+00 2.807944e+00 -9.541415e-01
-2.141053e+00 -9.424749e-01 -7.367783e-01 1.266326e+00 -5.704337e-01 -3.945069e+00 4.466660e+00 7.183613e-01
3.859994e+00 4.065058e+00 6.001462e+00 -3.797353e+00 -4.255036e-01 -6.025166e+00 5.005441e+00 -7.995126e+00
4.505068e+00 2.473823e+00 4.776813e+00 -3.030804e+00 -4.309570e-01 -5.622044e+00 4.904786e+00 -8.739414e+00
-3.064056e+00 -3.064551e+00 3.560827e+00 -7.439337e-01 -2.622660e+00 -3.294954e+00 2.388031e+00 1.629055e-01
8.121404e-01 -6.066280e+00 2.687815e+00 -9.896549e-01 6.439897e-01 -2.097716e+00 2.260238e+00 5.495642e-01
4.721383e+00 2.158615e+00 8.810807e-01 1.354461e+00 -2.453963e+00 -3.855114e+00 2.764738e+00 -2.011685e+00
3.483331e+00 9.894321e-01 1.522630e-01 -2.390840e+00 -2.058406e+00 -5.084999e+00 2.750818e+00 -2.319610e+00
1.964845e+00 2.298331e+00 -1.552780e+00 1.120192e-01 -2.615085e+00 -3.830416e+00 3.929077e+00 2.034414e+00
1.580022e+00 4.462104e+00 -1.362253e+00 -2.585856e+00 -3.094370e+00 -5.078309e+00 5.942178e+00 -8.538192e-01
4.201768e+00 5.751268e+00 1.179315e-01 -2.752858e+00 -2.919411e+00 -6.223783e+00 4.471869e+00 -5.566345e+00
1.921903e+00 3.112480e+00 -4.789931e-01 6.139511e-01 -4.505406e-02 -5.231886e+00 7.883051e+00 -3.624939e+00
-3.201352e+00 3.487558e-01 4.421824e+00 2.016569e+00 1.732573e+00 -4.607040e+00 5.061908e+00 1.898009e+00
-1.516831e+00 4.403169e+00 3.971878e+00 -5.147534e-01 -1.191011e+00 -3.107517e+00 3.674162e+00 1.424480e+00
2.130381e+00 2.926288e+00 6.494869e+00 -3.954598e+00 -1.796685e+00 -1.909367e+00 5.034184e+00 -5.892709e+00
1.444307e+00 1.011120e+00 5.087346e+00 -4.860769e+00 -2.126303e+00 -1.499835e+00 4.572071e+00 -3.088537e+00
2.638710e-01 2.788834e+00 7.971031e-02 -8.729693e-01 -3.272254e+00 -5.230352e+00 4.744119e+00 -6.456468e+00
1.817384e-01 2.590807e+00 2.325487e+00 -3.911441e+00 -2.814265e+00 -2.004004e+00 5.012043e+00 -7.940413e+00
4.469181e+00 7.363612e-01 2.252144e+00 1.145050e+00 -1.323912e+00 -4.075032e+00 1.954567e+00 5.596689e+00
4.413599e+00 2.247471e+00 3.345952e+00 1.316556e+00 -6.106987e+00 -4.126608e+00 1.702450e+00 2.663399e+00
3.974803e+00 2.641370e+00 -1.917059e+00 -4.193853e+00 -6.856055e+00 -3.139405e+00 5.198697e+00 -3.333769e+00
6.266321e+00 3.302689e+00 -7.108668e-01 -5.943100e+00 -7.340770e+00 -8.073126e+00 4.171843e+00 -1.770905e+00
1.016400e+00 8.181971e-01 7.590112e-01 -2.415606e+00 2.309597e-01 -3.248324e+00 9.594945e-01 -1.350361e+00
-3.549325e-01 -1.770890e+00 5.216686e+00 -4.009822e+00 4.173207e-01 -3.920621e+00 2.215442e+00 2.358435e-02
-1.183060e+00 2.227003e+00 -3.729081e-01 1.120246e+00 3.156386e-01 -1.763242e+00 2.734384e+00 -3.252390e+00
-1.265081e+00 2.326769e+00 3.949418e-01 7.164863e-01 -3.121226e+00 -4.166524e+00 1.092626e+00 -6.088551e+00
2.163933e+00 2.533316e-01 -3.577724e-01 3.859082e+00 1.949507e+00 -2.503583e+00 2.771232e+00 1.342425e+00
3.344601e+00 -8.684472e-01 7.359895e-01 -9.167844e-01 -1.922461e+00 -5.605989e+00 7.877895e-01 -5.638995e-01
3.253173e+00 5.187077e+00 1.513179e+00 -4.661330e+00 -2.312161e+00 -6.680121e+00 2.451731e+00 1.498838e+00
1.575375e-01 2.753616e+00 1.141410e-01 -6.561736e+00 -3.158049e+00 -4.589910e+00 3.554234e+00 2.348756e-01
-1.039333e+00 6.315234e-01 1.528863e+00 -4.667456e-01 -9.920609e-01 -2.659655e+00 2.671970e+00 2.637274e+00
-3.149449e+00 -1.149237e+00 3.041141e+00 -4.910100e+00 -2.792472e+00 -9.064141e-01 3.890978e+00 3.320191e+00
7.603042e-01 8.255132e-01 -5.417142e+00 3.679681e+00 -6.302871e-01 -4.068006e+00 5.016588e+00 -3.484799e+00
-4.826561e-02 1.333240e+00 -2.474863e+00 3.655014e+00 -4.391290e+00 -3.104350e+00 4.266761e+00 -4.158023e+00
2.896083e-01 2.416183e+00 -9.110070e-01 -1.115193e+00 9.910041e-01 -6.978550e+00 4.065730e+00 1.560328e+00
3.366216e-01 2.696485e-01 -3.832538e-01 2.673868e-01 6.894946e-01 -3.851822e+00 3.002776e+00 -2.942796e+00
1.432252e+00 3.871297e+00 4.691353e+00 -5.874316e-01 -2.885093e+00 -5.152231e+00 2.611593e+00 -3.080074e+00
2.337960e+00 5.070441e+00 5.917704e+00 7.862981e-01 -5.383820e+00 -4.997324e+00 1.554973e+00 1.317556e+00
-8.112022e-01 2.936418e+00 -2.303317e+00 5.817576e+00 -2.022090e-01 -1.634918e+00 9.930627e-01 3.167190e+00
-2.717816e+00 3.627072e+00 -1.591706e+00 -1.018057e+00 -5.027027e+00 -1.938345e+00 1.595327e+00 3.548590e+00
1.885651e+00 1.228468e+00 -2.340733e+00 -1.432291e+00 -4.442667e+00 -4.217405e+00 2.139636e+00 1.065413e+00
-7.084436e-01 1.460788e+00 -4.196649e+00 -1.188453e+00 -5.646825e+00 -6.166798e+00 -9.183619e-01 1.499718e+00
9.496512e-01 4.284789e-01 -1.071071e+00 3.139301e+00 -1.450866e+00 -3.462386e+00 2.223961e+00 -4.652928e+00
5.545726e-01 7.048936e-01 8.761591e-01 -3.344664e-01 -1.917318e+00 -7.125354e+00 -3.824808e-01 -3.245911e+00
9.902689e-01 4.994685e+00 1.764546e+00 -2.482180e+00 -4.407346e+00 -4.441628e+00 1.680608e-01 2.068832e+00
1.086534e+00 6.900254e+00 5.894262e-02 2.598754e+00 -2.790894e+00 -4.639811e+00 8.571106e-01 -9.763472e-01
-1.436553e+00 2.710001e+00 -4.063703e+00 -1.929540e+00 -6.752006e-01 -5.752644e+00 3.933816e+00 -1.591227e+00
5.374895e-01 7.948810e-01 -2.581102e+00 -2.658116e+00 -6.070955e+00 -6.206444e+00 9.919500e-01 -3.644097e+00
6.228390e+00 4.577645e+00 2.273201e+00 -6.110325e+00 -4.045879e-01 -4.207387e+00 2.503691e+00 -9.029511e-01
7.169623e+00 8.036346e+00 6.607542e+00 -4.353960e+00 -1.950034e+00 -5.225531e+00 4.054678e-01 -7.174300e-01
-2.416745e+00 3.287964e+00 -9.605880e-01 -1.329328e+00 -2.083815e+00 -1.931080e+00 4.153821e+00 -6.319939e+00
-9.091603e-01 2.039238e+00 2.169204e+00 -3.096175e-01 -1.661038e+00 -3.104260e+00 4.321928e+00 -5.988306e+00
5.616875e+00 2.280649e+00 -1.376696e+00 -7.495607e-01 -2.680351e+00 -2.117699e+00 5.109593e+00 -2.768632e+00
7.984984e+00 5.106358e+00 2.089387e+00 -4.253109e-01 -4.823831e+00 -1.607351e+00 2.434069e+00 -5.978952e+00
-1.363952e+00 -8.502036e-01 1.057913e+00 1.814911e+00 -1.879136e+00 -5.403097e-01 -9.153559e-01 5.919065e+00
-3.090664e+00 -1.065892e+00 3.767104e-01 -2.264372e-01 -2.395074e+00 -7.726247e-01 -6.104627e-01 3.919723e+00
-1.542173e+00 2.930525e+00 9.372570e-01 4.149063e+00 1.772793e-01 -3.554902e+00 2.557119e+00 -2.930448e+00
1.111013e+00 2.002791e+00 2.195175e+00 -3.682444e-01 3.096643e+00 -2.525696e+00 2.473966e+00 -7.876636e+00
1.040442e-01 5.496311e+00 6.272535e+00 1.346826e+00 -1.326064e+00 -2.675541e+00 1.408694e+00 -5.553166e+00
2.794315e+00 6.909701e+00 5.451270e+00 1.172170e+00 2.263517e+00 -1.821333e+00 3.021652e+00 -7.876504e+00
-1.081212e+00 3.391730e+00 4.330251e+00 5.196424e+00 3.589833e+00 -2.489777e+00 3.020223e+00 -4.105329e+00
-7.171391e-01 3.658663e+00 4.169568e+00 2.615151e-01 -1.201796e+00 -3.612759e+00 -8.249114e-01 -1.373560e+00
1.781644e-01 3.761558e+00 3.386649e+00 2.024562e+00 3.259715e+00 -2.743247e-01 2.659755e+00 -3.862916e+00
2.138250e+00 2.443910e+00 4.821973e+00 4.315504e+00 2.088743e+00 -3.210286e+00 7.897880e-01 -5.676295e+00
5.160921e+00 8.510452e-01 6.097999e+00 2.498731e+00 -1.214054e-01 -4.430001e+00 -6.174047e-02 -5.270601e+00
2.122508e+00 7.346482e+00 -4.867698e+00 -7.779959e+00 -1.005639e+00 -5.552307e+00 3.031464e+00 6.385505e-01
5.581009e+00 3.210271e+00 6.752499e+00 -3.834372e+00 7.639229e-01 -2.599390e+00 4.203907e+00 -9.516507e+00
-2.442249e+00 3.987066e+00 3.625585e+00 -4.744593e-02 -2.647111e+00 -5.924316e+00 2.931107e+00 -1.962548e+00
-6.656863e-01 2.857382e+00 4.708861e+00 1.540532e+00 1.084702e+00 -1.033190e+00 2.931546e-01 -6.417110e+00
4.352292e+00 2.845437e+00 4.319377e+00 1.842505e+00 6.321332e-01 -2.614506e+00 3.231841e+00 -3.943615e+00
1.910259e+00 2.907434e+00 3.746346e+00 4.553563e+00 1.464778e+00 -4.202929e+00 -5.220858e-01 -3.481069e+00
-1.643939e+00 5.820841e+00 8.528718e-01 3.453030e+00 -1.932631e+00 -2.623545e+00 3.215445e+00 -3.858976e+00
-1.245893e+00 1.701747e+00 6.679603e+00 2.143768e+00 2.536547e+00 -5.799870e+00 2.276624e+00 -3.452151e-01
8.177137e-01 5.631970e+00 5.279359e+00 1.140462e+00 -1.083670e+00 -6.678389e+00 6.047892e+00 -6.488347e+00
1.718726e+00 2.671557e+00 6.211692e+00 3.823644e-01 2.063100e+00 -6.887049e-01 6.097665e+00 -8.526176e+00
-1.498361e+00 1.329267e+00 4.719967e+00 -4.059917e+00 8.871679e-01 -4.946751e+00 3.089770e-01 -2.850910e-01
-1.396028e+00 1.615641e+00 4.564331e+00 -4.251215e+00 -2.003451e+00 -3.861822e+00 2.557456e-01 -4.151386e+00
-3.054982e+00 2.176431e+00 4.562016e+00 -1.174805e+00 4.549826e+00 -2.555895e+00 1.574454e+00 -1.556824e+00
5.291010e+00 7.054176e+00 5.217775e+00 3.214559e-02 8.809316e-01 -3.990198e+00 8.234556e-01 -4.187852e+00
2.749828e+00 3.870620e+00 5.714198e+00 6.178957e-01 2.826368e+00 -4.060072e+00 -1.205557e+00 -5.232393e+00
-3.073218e+00 -3.308034e+00 6.705586e+00 1.884316e+00 7.808012e+00 -6.906724e+00 3.735714e+00 -2.307331e+00
3.542940e-03 4.174338e+00 1.827074e-01 -6.431186e+00 2.973966e-01 -7.345612e-01 1.350301e+00 -3.786162e+00
1.379590e+00 2.636737e+00 4.533104e+00 -7.125708e-01 4.264006e-02 -2.551740e+00 2.666709e+00 -3.259169e+00
-1.070140e+00 4.525364e+00 2.683528e+00 1.362417e+00 9.213985e-01 -2.586178e+00 -5.754985e-01 -6.850630e-01
6.876496e-01 6.211020e+00 2.767595e+00 -5.130201e+00 -1.330293e+00 -2.244488e+00 4.769873e+00 -7.383021e+00
2.788614e+00 2.016033e+00 3.574418e+00 1.265399e+00 1.314852e+00 -1.116209e-01 3.175246e+00 2.619784e+00
8.916517e-01 1.724644e+00 -3.691550e+00 5.820273e+00 -3.304505e+00 -1.961601e+00 2.157519e+00 -3.121893e+00
3.872903e+00 8.418162e-01 7.957958e+00 4.231304e+00 -1.671452e+00 -2.030764e+00 5.870823e+00 -4.724050e+00
1.899299e-01 2.231368e+00 6.911632e+00 2.263871e+00 -9.420082e-01 -2.256470e+00 4.589998e+00 -3.614467e+00
2.114739e+00 1.649192e+00 -4.660635e-01 -4.480459e-01 -5.613222e-01 -4.290644e-01 8.444394e-01 -7.257815e-01
-3.694313e-01 1.525565e+00 -4.154639e-01 1.236435e+00 -3.802212e+00 -3.350501e+00 -5.746852e-01 1.582343e+00
-8.703834e-01 4.204425e+00 -1.676225e+00 -5.062037e-01 -3.292503e+00 -1.146461e+00 6.482726e+00 -2.383584e+00
-3.214859e+00 2.321143e+00 -5.238400e-01 2.451976e+00 -2.168528e+00 -4.076473e+00 1.002370e+00 -4.607760e+00
4.958867e+00 1.468107e+00 1.147327e+00 1.779700e+00 -2.483756e+00 -2.595347e+00 -1.940330e+00 2.828162e-01
-4.117928e-01 2.268108e+00 4.212250e+00 6.350317e+00 -3.788965e+00 -4.522297e+00 1.582062e+00 2.049256e+00
1.967591e-01 3.791604e-01 4.120740e+00 5.471620e-01 -1.377415e+00 -4.391466e+00 3.603181e+00 4.327820e-01
1.254824e+00 4.024588e+00 2.712915e+00 -3.235604e+00 -2.429009e+00 -5.498038e+00 4.067780e+00 -1.110524e+01
-1.500902e+00 4.329103e+00 -4.814956e+00 -2.462445e+00 -1.858086e-01 -4.755282e+00 9.335144e-01 -2.263357e+00
3.005984e+00 2.566804e+00 2.465836e+00 -2.630679e+00 -4.108806e+00 -6.132064e+00 4.369805e+00 -5.447540e+00
1.972269e+00 2.830497e+00 2.368511e+00 -1.298470e+00 1.277965e+00 -3.421939e+00 2.637091e+00 -3.865636e-01
6.116016e-01 -3.662140e-01 1.548286e+00 -3.338100e+00 -9.978607e-01 -3.671466e+00 -4.384243e-01 8.998537e-01
-4.802039e+00 5.022322e+00 3.394970e+00 2.048895e+00 -1.148379e+00 -2.638105e+00 8.637590e+00 -5.191692e+00
1.752187e+00 5.785445e+00 -2.918899e-01 -3.474508e+00 -6.423790e+00 -4.524334e+00 -3.425796e-01 2.800473e+00
5.387222e+00 4.457454e+00 2.628297e+00 -4.555583e+00 -4.093855e+00 -3.886053e+00 5.354185e+00 -5.076530e+00
-4.748505e-01 7.416341e+00 4.110140e-01 1.102409e+00 -2.437162e+00 -5.288696e+00 6.193194e+00 -8.048028e+00
-1.740585e+00 1.202190e-02 -2.260702e-01 2.042340e+00 6.120142e-01 -5.429871e+00 4.505875e-01 1.333921e+00
-1.963608e+00 1.318174e+00 -8.370286e-01 2.079683e+00 -3.301483e+00 -2.885130e+00 3.527159e+00 2.270904e+00
-3.332854e+00 -5.087277e+00 2.054277e+00 2.440431e+00 -3.353410e-01 -3.533586e+00 4.697344e+00 2.992550e+00
-7.053762e-01 -1.478630e+00 1.183798e+00 -2.674652e+00 2.090641e+00 -4.235089e+00 4.251368e+00 -2.545243e+00
2.800220e+00 5.791163e+00 6.239046e+00 8.411817e-01 -2.251469e+00 -3.939576e+00 2.454755e+00 -7.431921e+00
1.283055e+00 1.762563e+00 -2.254914e+00 7.743941e-01 -2.889930e+00 -4.732681e+00 4.065254e+00 8.200174e-02
7.136168e+00 1.584771e+00 2.204146e+00 -3.586107e+00 -6.105832e+00 -4.545456e+00 7.848105e-01 -1.693012e+00
-1.137988e+00 2.304927e+00 3.249679e-01 -2.171172e+00 -3.113464e+00 -5.031032e+00 1.868858e+00 -7.396031e-01
1.314533e+00 3.764732e+00 -4.843004e-01 -1.944362e+00 -4.476584e+00 -3.213416e+00 4.205636e+00 -3.035898e+00
8.436380e-01 2.629609e+00 -3.487019e+00 -4.010904e-01 -5.203220e+00 -4.346961e+00 1.275145e+00 -8.948769e-01
8.520916e-01 6.782894e-01 6.558552e+00 -1.662544e+00 -3.390307e+00 -1.731520e+00 5.020733e+00 1.443798e+00
-7.031469e-02 5.342771e+00 4.190949e+00 6.555599e+00 -8.147849e-01 -4.459522e+00 -7.756393e-01 -1.885374e+00
-1.342986e-01 2.945057e+00 4.047414e+00 1.230066e-01 4.927650e+00 -3.242995e+00 1.574887e+00 -4.545601e+00
1.607972e+00 5.929058e+00 6.351594e+00 2.447169e+00 1.210271e+00 -3.853444e+00 1.406242e+00 -3.329597e+00
6.074083e+00 4.581390e+00 1.007169e+01 1.205048e+00 -3.668303e+00 -4.654299e+00 1.878713e+00 -9.921942e+00
6.329593e-01 2.884254e+00 4.410759e+00 1.086608e-01 5.071823e+00 -3.126177e+00 4.505776e+00 -7.067584e+00
4.848699e-01 6.423980e+00 3.784319e+00 1.938302e+00 -1.837130e+00 -4.482121e+00 -2.502667e+00 6.011241e-01
-3.277683e+00 3.840306e-01 4.961650e+00 1.042618e+00 2.566493e+00 -3.498929e+00 -8.374133e-02 -1.916231e+00
1.482980e+00 6.205915e+00 4.060554e+00 7.589911e-01 -2.427800e+00 -3.551784e+00 -1.598335e+00 -7.605096e+00
5.196831e+00 2.494925e+00 6.054661e+00 3.409489e+00 -2.567312e-01 -2.414193e+00 6.974988e-01 -4.469626e+00
-1.126593e+00 -1.509994e+00 -2.369901e+00 -1.513857e+00 -5.462693e+00 -2.142909e+00 1.375221e+00 3.845271e+00
2.043629e+00 2.664379e+00 6.534810e+00 -2.857110e+00 -2.272713e+00 -4.579789e+00 7.798672e+00 -6.026132e+00
-2.992419e-01 7.139132e+00 3.161585e+00 -2.125645e+00 -5.883560e+00 -5.411060e+00 2.193970e+00 -5.591421e+00
-2.389179e-01 4.515552e-01 4.474306e+00 2.995350e+00 7.979556e-01 -3.160346e+00 -2.706952e-01 -6.129576e+00
2.386084e+00 1.650565e+00 2.850313e+00 -1.772029e+00 1.865985e+00 -2.915490e+00 3.770120e+00 -4.556365e+00
4.009378e+00 1.420108e+00 3.221362e+00 3.321782e+00 1.437955e-01 -2.868306e+00 1.107821e+00 -6.133178e+00
-4.651165e+00 4.799646e+00 1.595723e+00 3.312701e+00 -2.510308e+00 -5.673307e+00 -8.856078e-01 -2.934986e+00
-1.070625e-01 2.069337e+00 8.047108e+00 1.794681e+00 3.399364e+00 -2.867483e+00 3.266504e+00 -2.925502e-01
1.026958e+00 1.925276e+00 6.468978e+00 6.197874e-01 5.302697e-01 -2.785358e+00 5.634849e+00 -4.819751e+00
3.557683e+00 2.528871e+00 5.545761e+00 2.208646e+00 9.644476e-01 -8.138725e-01 5.158080e+00 -7.783291e+00
-5.923734e-01 4.460377e+00 2.532011e+00 -2.182061e+00 5.719099e-01 -2.916142e+00 2.727253e+00 1.149981e+00
-1.861141e+00 4.320974e+00 3.235302e+00 -5.721461e+00 6.818114e-01 -2.397724e+00 -1.590902e-01 -2.383507e+00
-2.365054e+00 9.779518e-01 2.657718e+00 6.021830e-01 4.438400e+00 -1.722800e+00 2.560781e+00 -2.400028e+00
1.467387e+00 5.239785e+00 4.028397e+00 -3.186198e+00 1.017137e+00 -5.025843e+00 1.533314e+00 -2.932804e+00
1.060277e+00 3.308355e+00 5.883453e+00 1.980885e+00 1.500868e+00 -5.095280e+00 -4.907016e-02 -5.748110e+00
-5.812711e-01 2.514261e+00 4.583315e+00 5.414623e+00 1.720427e+00 -4.780961e+00 -7.004570e-01 -2.464457e+00
-2.762669e-01 2.619319e+00 1.185090e+00 -8.760983e+00 -2.676615e+00 -5.398425e-01 5.688454e-01 -1.199150e+00
1.025211e+00 3.309878e+00 5.185882e+00 -3.713174e-01 -1.558926e+00 -3.626007e-01 2.547012e+00 -1.525837e+00
-1.065746e+00 7.638647e+00 1.091064e+00 -3.662953e-01 -3.252192e+00 -4.189329e+00 -2.061771e-02 -4.419391e+00
7.613754e-01 3.416481e+00 6.940671e+00 3.517098e+00 6.775924e-01 -7.375736e-01 2.536452e+00 -8.261290e+00
1.442623e+00 3.145627e+00 2.135745e+00 2.799119e+00 6.702159e-01 -2.270911e+00 5.402633e+00 7.950493e-01
2.468730e+00 -8.138141e-02 -1.788088e+00 2.489398e+00 -2.160268e+00 3.843615e-01 9.779989e-01 -1.515352e+00
3.191817e+00 2.263134e+00 6.668190e+00 4.385062e+00 -1.435394e-01 -1.151094e+00 4.167178e+00 -3.037458e+00
-6.296643e-01 3.102770e+00 5.061920e+00 4.284254e-01 -2.052349e+00 1.093371e-01 4.893948e+00 -5.185438e+00
2.492165e+00 -1.508583e+00 2.802933e+00 2.792379e+00 2.874735e+00 -1.296243e-01 4.486493e-02 7.266084e-01
1.209827e-01 3.326702e+00 3.760903e+00 1.780005e+00 -8.694105e-01 -1.513468e+00 4.333505e-01 3.187873e+00
-1.908213e+00 3.933585e+00 3.384870e+00 -4.224283e+00 -1.460246e+00 -3.906370e+00 7.768115e+00 -3.023551e+00
3.965433e-01 4.735035e+00 -1.911916e+00 8.454523e-01 -4.996192e+00 -3.048340e+00 1.372381e+00 -1.208758e-02
5.237874e+00 1.300210e+00 3.576788e+00 2.400856e+00 -1.513239e+00 -2.118874e+00 2.044360e+00 1.929231e+00
1.981597e-01 3.546328e+00 1.217310e+00 1.434953e+00 -3.037882e+00 -6.717077e+00 2.911740e+00 1.154445e+00
-3.151260e-01 5.644823e-01 -2.649838e-01 -5.057388e-01 -8.443702e-01 -4.338086e+00 3.668393e+00 -2.839171e+00
-1.248888e+00 2.406306e+00 1.220963e+00 -1.763203e+00 -3.657895e+00 -2.803628e+00 4.781291e+00 -7.238100e+00
-5.317384e+00 4.581703e-01 -1.884830e+00 -2.481780e+00 -1.998266e+00 -3.382707e+00 2.703739e+00 -4.636309e+00
1.372803e+00 2.476424e+00 5.714517e-01 -9.844208e-01 -6.430691e+00 -8.894734e+00 1.531881e+00 -2.918544e+00
8.991269e-01 3.146615e-01 4.250936e+00 2.716771e+00 -6.067639e-01 -2.011217e+00 4.565874e-01 -1.112864e+00
1.911215e-01 -9.980598e-01 -2.054973e-01 2.278530e-01 -1.563906e+00 -3.684873e+00 4.560897e-01 1.303628e+00
-4.084790e+00 6.097207e-01 4.987804e+00 3.851166e+00 9.581117e-01 -9.980900e-01 2.561368e+00 -8.460096e-01
1.232106e+00 4.844337e+00 -1.768319e+00 -6.363148e-01 -7.229914e+00 -3.862612e+00 -1.936665e+00 1.228061e-01
2.570232e+00 6.583817e+00 2.883092e-01 -2.231071e+00 -4.599356e+00 -4.579689e+00 1.590116e+00 -1.890914e+00
-2.646452e+00 6.869854e+00 -2.932601e+00 -2.036278e-02 -2.205870e+00 -5.649259e+00 3.896386e+00 -5.033685e+00
-2.603272e+00 -1.495546e+00 4.054488e-01 -1.800305e+00 9.781739e-01 -4.465850e+00 3.641780e+00 1.800982e+00
5.557570e-01 3.560775e+00 -1.237268e+00 -5.547014e-01 -8.299695e+00 -3.452499e+00 4.671270e-01 -3.581308e+00
-2.756157e+00 -3.050005e+00 -1.069783e-01 2.538436e+00 -1.091080e+00 -1.420285e+00 3.669593e+00 2.884789e+00
-4.528596e-01 -1.641531e+00 3.126138e+00 -3.672469e+00 2.851988e-04 -4.614325e+00 5.402033e+00 -3.563739e+00
4.970170e+00 2.863771e+00 2.940755e+00 8.035332e-01 -3.699760e+00 -5.494681e+00 3.319086e+00 -8.574792e+00
-8.614691e-01 1.385249e+00 -2.609523e+00 8.947553e-01 -3.101719e+00 -2.993278e+00 -1.396797e-01 1.453156e+00
8.855508e+00 7.486830e+00 2.710943e+00 -5.473722e+00 -3.019548e+00 -2.933227e+00 5.156023e-01 -3.174658e+00
2.090324e-01 4.803346e+00 1.538820e+00 -3.208843e+00 -1.878197e+00 -4.925041e+00 3.129263e+00 -2.334961e+00
8.543476e-01 1.132156e+00 -2.839742e+00 4.935620e-01 -4.503853e+00 -5.307158e+00 3.577233e+00 1.267418e+00
-1.099581e-02 4.460583e+00 1.199489e+00 -6.216111e+00 -7.417796e+00 -2.964736e+00 2.353115e+00 -1.574059e+00
8.929762e-01 7.407347e-01 3.947530e+00 9.584953e-01 -5.975812e-01 -2.030309e+00 4.539454e+00 -9.108567e-01
4.133594e+00 6.498916e+00 5.841310e+00 1.969764e-01 -6.364315e+00 -5.595221e+00 4.323650e+00 -7.216394e+00
6.704777e+00 3.474635e+00 8.432951e+00 -1.449039e+00 -3.673431e+00 -4.579447e+00 2.397204e+00 -7.109743e+00
4.543720e+00 3.886490e+00 3.975013e+00 -8.072578e-02 -1.132825e+00 -2.525706e+00 4.327284e+00 -7.837376e+00
3.774267e+00 2.699264e+00 6.630338e+00 7.712864e-01 -1.391465e+00 -4.152711e+00 1.551367e+00 -5.350515e+00
1.803260e+00 3.470786e+00 3.330774e+00 -1.510425e+00 9.982795e-01 -6.832432e+00 3.209125e+00 -6.741759e+00
2.480179e+00 4.407387e+00 4.594295e+00 1.359182e+00 8.184292e-01 -4.453787e+00 1.749997e+00 -5.197767e+00
2.601692e+00 4.749867e+00 5.442541e+00 -1.445283e+00 -2.207545e+00 -2.432046e+00 6.544520e+00 -4.270587e+00
1.863298e+00 2.446017e+00 9.682335e-02 4.269574e+00 1.989722e-01 -1.754528e+00 3.396553e+00 -4.147311e+00
-6.629466e-01 2.513655e-01 2.321370e+00 -4.682329e+00 -1.982287e+00 -2.610052e+00 3.269120e+00 -1.810815e+00
-1.103716e+00 1.658525e+00 1.993035e-01 -2.659994e+00 -1.094271e+00 -3.414377e+00 4.287897e+00 -2.421941e+00
-1.995719e+00 8.239268e+00 7.519818e-01 4.409554e+00 -2.736483e+00 -3.087699e+00 1.965468e+00 -8.314065e+00
-1.229850e+00 7.165735e+00 -7.388578e-01 2.771473e-01 -2.298770e+00 -5.694115e+00 3.584185e+00 -7.616288e+00
6.974466e-01 3.922455e+00 2.006137e+00 8.318257e-01 -2.792273e+00 -2.786966e+00 5.780779e+00 -4.610682e+00
1.997839e+00 3.434766e+00 4.503991e-01 -7.674506e-01 -1.511121e+00 -3.911523e+00 3.398209e+00 -3.782384e+00
-2.289198e+00 2.812712e+00 5.377545e+00 -6.662807e-01 3.631649e+00 -2.835280e-01 2.415056e+00 -4.682664e+00
-1.132117e-01 2.493737e+00 7.482594e+00 -1.449641e+00 3.356287e+00 -3.974532e+00 3.075374e+00 -2.984274e+00
1.362150e+00 5.023942e+00 5.022797e+00 3.507548e+00 -1.535458e+00 -5.682089e+00 1.557078e+00 -5.795175e+00
1.920150e-01 6.398191e+00 6.976134e+00 1.867752e+00 -4.849772e+00 -6.594756e+00 3.352838e+00 -7.480195e+00
4.820518e-01 2.010629e+00 6.860145e+00 5.147971e+00 2.451365e-01 -3.043885e+00 1.110264e+00 -4.287742e+00
5.037235e+00 6.011648e+00 8.505874e+00 3.595937e+00 -1.096253e+00 -2.450795e+00 2.301044e+00 -2.409835e+00
4.576427e+00 4.116151e+00 6.424990e+00 -4.529474e+00 -3.110089e+00 -1.231985e+00 2.679842e+00 -5.407598e+00
4.514180e+00 5.096198e+00 7.857572e+00 -1.107047e+00 -1.131741e+00 -6.045431e+00 1.008073e+00 -8.281980e+00
5.018150e+00 -1.970277e+00 7.177373e-03 -3.333026e+00 -2.537795e-01 -3.815303e+00 7.824450e-01 1.122268e+00
2.966951e+00 6.028662e-01 3.103739e-01 -3.658142e+00 1.091099e+00 -7.498317e+00 9.751238e-01 -1.847532e+00
6.175586e-02 2.363417e+00 3.774649e+00 -2.248625e-01 2.849525e+00 -5.291194e+00 3.292459e+00 -3.539512e+00
-2.153809e+00 3.875125e+00 4.130680e-01 -2.334975e-01 4.161609e-01 -5.512049e+00 6.616374e-01 -4.340780e+00
2.236695e+00 1.860987e+00 5.691990e+00 -3.086030e-01 1.584296e+00 -5.162435e+00 3.479845e+00 -5.860407e+00
1.207002e+00 2.307965e+00 4.462630e+00 4.744582e+00 2.706689e+00 -3.886753e+00 2.466464e+00 -5.667870e+00
4.487735e+00 3.633407e+00 4.925854e+00 1.481748e+00 -1.153602e-01 -6.831627e+00 6.544979e-01 -5.190277e+00
3.869548e+00 2.346837e+00 2.527015e+00 4.049865e+00 -4.204975e-01 -4.875780e+00 3.311774e-01 -1.714439e+00
-6.136263e-01 1.112874e+00 -2.640581e+00 -5.727208e-01 -2.158818e+00 -4.204278e+00 2.805998e+00 -2.395550e+00
1.613457e+00 1.937726e+00 -3.000605e+00 -3.137623e+00 -5.629850e+00 -4.984842e+00 4.069965e+00 1.249688e+00
2.745834e-01 -8.134760e-01 -6.709868e+00 -5.885102e+00 8.230740e-01 -2.134667e+00 3.554502e+00 1.832719e-01
-4.960533e-01 -3.471217e-01 -4.097731e+00 -4.990272e+00 -1.072849e+00 -3.842989e+00 -2.654183e-01 1.505162e-01
3.522735e-02 7.018409e-01 2.897957e+00 3.171657e+00 -3.714211e+00 -2.006139e+00 3.077551e+00 -4.472725e+00
4.823854e-01 1.519833e+00 1.961750e+00 1.537568e+00 -1.104371e+00 -3.403191e+00 4.335772e+00 -1.446157e+00
2.761544e-01 4.167145e+00 2.042608e+00 2.017764e+00 -5.024727e+00 -4.552772e+00 1.586504e+00 -4.818999e+00
3.585427e+00 2.446887e+00 1.087728e-01 -1.179416e+00 -5.410746e+00 -5.463698e+00 3.078822e+00 -5.670964e+00
2.312339e+00 1.919482e+00 8.216299e-01 -4.585863e+00 6.935068e-01 -4.563113e+00 4.840664e+00 -7.607212e-01
2.085340e+00 -1.159299e+00 1.082726e+00 -3.224661e+00 -2.327682e+00 -4.429384e+00 -4.717892e-01 4.793208e-01
2.506758e+00 2.316231e+00 -2.116259e+00 -6.731238e+00 -4.200433e+00 -2.962414e+00 5.497492e-01 -2.539345e+00
5.293734e+00 2.241693e+00 -1.277182e+00 -6.170166e+00 -7.915005e+00 -8.440307e+00 1.993906e+00 3.000232e-01
5.488695e-01 8.829658e-01 3.595657e+00 -2.160450e+00 -3.397736e+00 -5.961929e+00 6.958232e+00 -3.749876e+00
3.124721e+00 1.579734e+00 1.375732e+00 -1.221497e+00 -5.368885e-01 -6.598691e+00 3.578516e+00 -5.556824e+00
1.328724e-01 -1.459331e+00 -1.406272e+00 -1.002637e+00 -2.123559e+00 -2.768998e+00 -6.818082e-01 4.653607e+00
-7.709572e-02 3.961749e+00 3.937473e+00 -3.214376e+00 -1.641124e+00 -4.637326e+00 4.720704e+00 1.106151e+00
-8.121087e-01 -1.837815e+00 8.654483e-01 -5.858214e+00 1.961054e+00 -7.714083e-01 2.260231e+00 3.085935e-01
6.585441e-02 1.085985e+00 4.309764e+00 -5.934706e+00 2.514116e-01 -2.054632e+00 3.146799e+00 -7.679189e-02
-1.347621e-01 1.223888e+00 3.163005e+00 3.238929e+00 -3.449035e+00 -1.397004e+00 2.675806e+00 -2.842750e+00
-1.738587e+00 -1.003844e+00 1.198999e-01 5.075379e+00 1.809752e+00 -4.954865e+00 3.015707e+00 1.206200e+00
2.981417e+00 6.501461e+00 3.560812e+00 -2.871371e+00 -6.031742e-01 -4.610772e+00 2.758052e+00 -1.752660e+00
5.722697e+00 4.963277e+00 2.913610e+00 -2.831134e+00 -3.448934e+00 -3.255026e+00 3.820464e+00 -2.884465e+00
2.558232e+00 1.403031e+00 2.749513e+00 -2.835849e+00 -6.745831e+00 -5.364626e+00 1.379990e+00 -2.324087e+00
2.166156e+00 4.911694e+00 6.237614e-02 -4.309066e+00 -4.956484e+00 -4.312523e+00 2.673824e+00 -5.429387e+00
4.294349e+00 2.580312e+00 2.078888e+00 2.294664e-01 -1.472082e+00 -9.416926e-01 1.285140e+00 1.622074e-01
4.320384e+00 3.085525e+00 2.093288e+00 -1.825594e+00 -2.827254e+00 -3.144273e+00 2.839671e-01 -8.145237e-01
1.536383e+00 -1.220915e+00 2.184833e+00 1.148600e+00 -4.021139e+00 -5.351898e+00 2.909196e+00 -3.138669e+00
3.160700e+00 3.739221e+00 1.396401e+00 1.208220e+00 -4.342044e+00 -6.943460e+00 3.953451e+00 -5.280060e+00
-3.219604e-01 1.649932e+00 4.206871e+00 2.038198e+00 -8.293135e-01 -3.735331e+00 2.707219e+00 -2.738181e+00
-9.649646e-01 4.538029e+00 5.695150e+00 -2.087307e+00 -6.709446e+00 -3.875912e+00 4.111068e+00 -6.322470e+00
1.474465e+00 6.951828e+00 2.443281e+00 5.835516e+00 -4.763278e+00 -1.391248e+00 1.228427e+00 -6.908581e+00
-1.170769e-01 8.602545e+00 1.371126e+00 5.469747e+00 -4.229717e+00 -1.129945e+00 3.004675e+00 -7.018630e+00
6.885977e+00 6.909083e+00 1.224508e+00 -7.452425e-01 -6.038143e+00 -3.400762e+00 2.610714e+00 -9.154425e+00
2.761137e+00 6.042051e+00 1.221193e+00 2.439229e+00 -7.034042e+00 -1.548966e+00 3.183890e+00 -7.885808e+00
1.008448e+00 3.975600e+00 2.527458e+00 1.647912e+00 -1.932181e+00 -9.764821e-01 4.696273e+00 -3.230632e+00
-1.813409e+00 4.637456e+00 -4.049243e-01 2.897349e+00 -2.790210e+00 -7.438696e-01 5.033798e+00 -5.811611e+00
1.646492e+00 5.681587e+00 9.405821e-01 1.670343e+00 -5.535549e+00 -4.235984e+00 5.054669e+00 -7.644926e+00
7.451430e-01 8.096437e+00 3.016928e+00 5.405607e+00 -1.541088e+00 1.381054e-01 5.437808e+00 -1.258255e+01
-8.296332e-02 4.865912e+00 3.753973e+00 2.052388e+00 -5.048089e+00 1.119237e+00 4.085451e+00 -6.446922e+00
1.145081e+00 7.855630e+00 4.692884e+00 4.268907e+00 -4.080906e+00 1.555743e+00 2.614339e+00 -8.047513e+00
-3.288559e-01 6.111854e+00 1.023186e+00 2.480277e+00 -6.036784e+00 -1.672601e+00 2.450103e+00 -4.424055e+00
2.949614e+00 5.591072e+00 6.366652e-01 2.602485e-01 -8.847844e+00 -3.142498e+00 3.248293e+00 -5.704345e+00
2.168756e+00 9.354891e+00 1.202257e+00 1.791437e+00 -3.626878e+00 -2.310740e+00 2.958941e+00 -8.943009e+00
2.561585e+00 3.585563e+00 4.256620e+00 1.227006e-01 -4.260208e+00 -4.023692e+00 4.895727e+00 -7.147322e+00
1.134748e+00 5.645639e+00 5.181499e+00 2.056380e+00 -2.764282e+00 1.530229e+00 1.043366e+00 -6.394878e+00
5.932179e-01 5.317966e+00 4.065161e+00 1.730639e+00 -4.950153e+00 -2.608985e+00 4.079268e+00 -4.827520e+00
6.636535e+00 7.105326e+00 5.947356e+00 5.206051e-01 -3.388823e+00 -4.578246e-01 3.822498e+00 -1.205963e+01
4.441551e+00 7.653726e+00 9.274543e+00 4.420702e+00 -3.374735e+00 3.232736e+00 1.468744e+00 -8.573387e+00
2.024301e+00 7.999507e+00 6.942710e+00 4.050331e+00 -3.403456e+00 -8.046628e-01 1.250088e+00 -5.895454e+00
-1.145404e+00 8.187605e+00 1.941666e+00 1.831695e+00 -7.441067e+00 -3.586635e+00 3.428314e+00 -6.827652e+00
-9.593924e-01 6.077246e+00 -4.434168e-01 6.414828e+00 -3.470251e+00 2.302064e+00 1.609839e+00 -6.273340e+00
-2.418305e+00 7.660915e+00 -6.476588e-02 6.069848e+00 -2.030857e+00 1.252000e+00 1.818637e+00 -5.323912e+00
-5.862994e-01 6.251115e+00 6.963684e+00 2.620442e+00 -2.968519e+00 5.728297e-01 3.579513e+00 -6.868183e+00
-1.341120e+00 8.679385e+00 2.307691e+00 5.783571e+00 -4.494138e+00 2.113960e+00 4.386144e+00 -8.071208e+00
2.453223e-01 4.689473e+00 2.970495e+00 5.422474e+00 -1.765863e+00 7.506719e-01 5.061064e+00 -6.308524e+00
8.525203e-01 6.092907e+00 2.852981e+00 4.098035e+00 -6.891811e+00 1.933943e+00 3.713182e+00 -7.033236e+00
2.472586e+00 6.329557e+00 3.421564e+00 3.397222e+00 -4.767490e+00 1.161313e+00 5.204314e+00 -7.852681e+00
2.441034e+00 9.979929e+00 2.312551e+00 2.009146e+00 -1.571922e+00 -2.637269e+00 4.329338e+00 -9.215427e+00
4.822241e+00 3.863072e+00 1.461007e+00 1.376194e+00 -5.453703e+00 -5.973553e+00 4.934778e+00 -5.162136e+00
-1.990330e+00 6.564367e+00 2.525283e+00 2.945735e+00 -1.243334e-01 -6.667732e-01 7.574060e+00 -1.009151e+01
4.218447e+00 6.445686e+00 -2.663603e-01 -1.031143e+00 -1.731446e+00 -1.262061e-01 5.229373e+00 -5.707521e+00
3.725475e+00 4.165349e+00 1.750901e+00 1.327926e+00 -4.758336e+00 -1.934221e+00 2.978302e+00 -7.523634e+00
3.256604e+00 3.560343e+00 -5.313908e-01 -1.465659e+00 -6.832880e-01 -8.319328e-01 7.689651e+00 -1.019256e+01
6.489173e+00 4.682097e+00 -5.803399e-01 -2.261129e+00 -3.985176e+00 -4.890836e-01 7.276588e+00 -9.142099e+00
2.467322e+00 6.467038e+00 3.989996e+00 1.490878e-01 -3.626100e+00 -4.043510e+00 3.391704e+00 -7.142218e+00
6.084578e-01 7.145388e+00 6.634752e+00 1.581876e+00 -3.263464e+00 -2.240593e-01 4.736597e+00 -6.768077e+00
5.126210e+00 6.651405e+00 1.907653e+00 3.513576e+00 -5.278774e+00 -2.219075e-01 6.212859e+00 -8.312814e+00
3.845072e+00 6.453868e+00 1.797350e+00 6.788714e+00 -4.132690e+00 2.113752e-01 5.210993e-01 -7.063681e+00
4.328562e+00 5.922249e+00 -2.485911e+00 2.822359e+00 -4.311372e+00 1.212871e+00 3.293954e+00 -7.940629e+00
2.558772e+00 6.934070e+00 -1.443428e-01 8.818313e-01 -3.762686e+00 2.126606e-01 4.169965e+00 -9.794490e+00
4.238677e+00 7.736065e+00 3.342845e-01 1.531744e+00 -1.459665e+00 -2.533167e+00 7.187240e+00 -1.134184e+01
1.840847e+00 7.186534e+00 3.784617e+00 -8.247532e-01 -4.944597e+00 -3.852388e+00 4.964473e+00 -7.947978e+00
2.886646e+00 1.029849e+01 9.196472e-02 -4.791310e+00 -4.884244e+00 -1.523800e+00 5.562242e+00 -9.734519e+00
-1.213083e-01 1.092662e+01 -1.867568e+00 4.308262e+00 -7.731789e+00 -6.575537e-01 3.642288e+00 -5.588407e+00
2.593323e-01 8.296101e+00 3.784038e+00 2.114847e+00 -5.077298e-01 1.223538e+00 2.329627e-01 -7.560492e+00
-7.723182e-01 4.847877e+00 6.660647e+00 2.485339e+00 -1.163734e+00 1.002332e+00 1.122928e+00 -8.318800e+00
-2.024478e-01 7.762427e+00 5.256014e+00 5.866426e+00 -4.494481e+00 2.853338e+00 3.841733e+00 -6.739573e+00
7.792371e-01 7.561677e+00 1.268224e+00 9.516041e+00 -1.862674e+00 1.956143e+00 3.662923e+00 -5.435414e+00
-3.355599e+00 5.759985e+00 1.019673e+00 6.969993e+00 -3.242859e+00 -1.237282e+00 4.030978e+00 -7.869404e+00
9.231408e-01 4.679947e+00 6.077605e+00 3.923095e+00 -3.176404e+00 -1.150702e-01 9.115043e-01 -7.032059e+00
2.753034e+00 5.521341e+00 1.741762e+00 2.980034e+00 -3.345908e+00 1.097613e-01 3.894583e+00 -6.895860e+00
3.397996e+00 7.866141e+00 2.947016e+00 -1.527534e+00 -4.857668e+00 -2.956629e+00 4.435964e+00 -8.250887e+00
1.983471e+00 7.716790e+00 4.859580e+00 3.342388e+00 -2.198376e+00 1.234617e+00 6.151954e+00 -5.097442e+00
3.317006e+00 5.856384e+00 5.267260e+00 3.453667e+00 -3.233835e+00 -1.018392e+00 4.970965e+00 -6.870837e+00
3.497323e+00 6.474264e+00 2.185774e+00 -4.089632e-01 -1.549680e+00 -9.427543e-01 4.361647e+00 -1.069876e+01
2.385924e+00 1.054100e+01 1.273052e+00 1.340107e+00 -4.752843e+00 -3.710738e+00 3.882098e+00 -1.024184e+01
5.223339e+00 8.523030e+00 4.683551e+00 1.035674e+00 -7.810923e+00 1.042439e+00 1.697273e+00 -6.195755e+00
3.630569e+00 8.685224e+00 6.088769e+00 2.540060e-01 -6.859528e+00 -2.674656e+00 -3.433693e-01 -6.801709e+00
-5.894561e-01 7.299087e+00 -2.966816e+00 4.213066e+00 -7.847803e+00 -1.226525e+00 1.055199e+00 -3.396533e+00
-7.338251e-01 7.533789e+00 -1.109581e+00 6.604936e+00 -7.071238e+00 -4.977023e-01 1.354255e+00 -1.580693e+00
5.708365e+00 3.868904e+00 -1.813027e+00 1.613128e+00 -8.799648e+00 -2.205958e+00 4.818594e+00 -6.950693e+00
3.378753e+00 8.289479e+00 7.791185e-01 2.097824e+00 -5.273741e+00 -4.050141e+00 2.408030e+00 -6.216758e+00
-7.590570e-01 6.255388e+00 3.854395e+00 5.114167e+00 -7.138461e+00 -3.895051e-01 8.250928e-01 -6.975801e+00
3.266022e+00 5.992118e+00 2.904204e+00 7.705748e+00 -4.713121e+00 -1.894162e+00 3.588478e+00 -5.935755e+00
-8.130029e-01 7.785310e+00 -3.350726e+00 4.756446e+00 -6.493492e+00 2.000934e+00 4.692140e+00 -6.601280e+00
-8.593033e-01 5.769612e+00 -1.095892e+00 5.431738e+00 -6.696916e+00 -2.026578e+00 8.554579e-01 -4.036150e+00
2.087776e+00 7.494472e+00 -9.207278e-01 7.556092e-01 -8.497194e-01 -2.663257e+00 3.170456e+00 -1.126322e+01
5.334701e+00 8.340830e+00 2.854790e+00 -7.698515e+00 -2.601534e+00 -4.867808e+00 4.398691e+00 -9.950589e+00
3.616512e+00 4.501476e+00 -1.371567e+00 1.957710e+00 -5.760634e+00 -2.046211e+00 1.360510e+00 -8.366080e+00
1.494966e+00 3.593588e+00 1.034284e+00 3.192852e+00 -9.308005e+00 2.761511e-01 1.717168e+00 -6.715268e+00
5.346772e+00 4.275801e+00 -4.859381e-01 2.683328e+00 -4.566604e+00 -1.393778e+00 2.475448e-01 -3.933772e-01
4.292839e+00 4.007961e+00 -1.852046e+00 9.635389e-01 -5.357600e+00 -1.650783e+00 3.359202e+00 -5.211556e+00
8.544829e-01 4.615443e+00 -4.054093e+00 6.632240e+00 -4.805883e+00 -3.172791e+00 6.451231e+00 -3.049215e+00
1.729094e+00 7.524943e+00 -7.510309e+00 5.999222e+00 -4.921802e+00 -2.955845e+00 3.365626e+00 2.839549e-01
4.343748e+00 1.005907e+01 8.066295e-01 6.178211e-01 -4.719623e+00 -2.744091e+00 4.556604e+00 -7.809345e+00
2.454020e+00 9.746842e+00 -1.150941e+00 3.451245e+00 -7.214310e+00 -1.870102e+00 2.791425e+00 -6.530285e+00
1.376147e+00 7.367791e+00 2.908886e-02 7.205554e+00 -5.073247e+00 2.718742e-01 -5.676419e-01 -3.997134e+00
3.620050e+00 7.329153e+00 1.996319e+00 7.533605e+00 -6.553779e+00 7.602389e-01 -1.455435e+00 -4.271910e+00
2.071944e+00 1.976354e+00 2.825176e+00 2.300898e+00 -5.864357e+00 1.602337e+00 3.781408e+00 -4.519170e+00
4.228462e+00 3.256040e+00 3.375956e+00 -3.562743e-02 -8.364958e+00 1.020986e+00 1.888345e+00 -4.916808e+00
2.830093e+00 3.523917e+00 -2.583110e+00 3.287887e+00 -6.501417e+00 -1.016589e+00 2.954664e+00 -8.675098e+00
-3.021594e+00 2.201350e+00 -1.080943e+00 1.006657e+00 -4.692625e+00 1.040064e+00 2.989304e+00 -8.448203e+00
5.890093e+00 4.780531e+00 -2.043599e+00 3.400703e+00 -4.453259e+00 -3.860092e-01 2.675003e+00 -9.829895e-01
6.773285e+00 6.127764e+00 5.342562e-01 2.825207e+00 -8.789226e+00 -7.705472e-01 2.064881e+00 1.076690e-01
4.796043e+00 6.083162e+00 -3.478919e+00 5.906481e-01 -5.717994e+00 -3.758291e+00 -1.151272e-01 -5.212314e+00
3.488703e+00 6.887625e+00 -5.044019e+00 1.823598e+00 -7.623590e+00 -2.489496e-01 2.032543e+00 -4.694057e+00
2.178298e+00 6.073149e+00 1.126858e+00 3.180986e+00 -3.455927e+00 -1.109158e+00 2.318830e+00 -5.052114e+00
-8.882762e-01 7.141796e+00 2.707797e+00 1.218723e+00 -4.677330e+00 -2.016929e+00 3.979403e+00 -7.991486e-01
1.796598e-01 5.136916e+00 2.854416e+00 1.823584e+00 -8.102004e+00 8.279780e-02 -6.774583e-01 -7.320408e+00
-1.003028e+00 5.266200e+00 8.060801e-01 2.913546e+00 -6.578806e+00 1.274897e+00 2.804972e-01 -7.305616e+00
9.268400e-01 4.354138e+00 -3.512815e+00 4.023986e+00 -4.904716e+00 1.256057e+00 3.660559e+00 -5.280493e+00
3.767520e+00 6.623176e+00 -3.099980e+00 3.370079e+00 -7.070934e+00 -9.206006e-01 3.722233e+00 -3.592049e+00
4.794905e+00 7.536669e+00 -2.854305e+00 1.009636e+00 -9.180685e+00 -3.026138e+00 4.494163e-01 -2.562406e+00
3.660231e+00 3.657445e+00 -1.876603e+00 -1.851684e+00 -9.225377e+00 -1.185881e+00 4.827322e-01 -5.314981e+00
-9.070569e-03 5.524158e+00 -1.072792e+00 3.175337e+00 -6.375467e+00 2.391359e+00 2.419027e+00 -9.884702e-01
4.199787e-01 3.700929e+00 -2.459828e-02 5.284432e+00 -3.684972e+00 1.860814e+00 9.294109e-01 -4.430660e+00
1.195215e+00 3.970217e+00 -5.464101e+00 8.707619e+00 -7.987670e+00 1.268125e+00 2.517941e+00 -5.676322e+00
-1.949077e+00 3.766226e+00 -3.292700e+00 4.302684e+00 -8.050321e+00 3.299563e-01 1.648595e+00 -7.117564e+00
8.310866e-02 5.405845e+00 -2.115739e+00 9.765379e-01 -3.887847e+00 -2.478286e+00 8.649406e+00 -8.388504e+00
1.028974e+00 2.781078e+00 -2.014374e+00 3.432268e+00 -6.669770e+00 -1.106860e+00 6.728139e+00 -7.262886e+00
4.701776e+00 3.545541e+00 4.083552e+00 2.156438e-01 -7.910243e+00 2.477334e+00 4.138802e-01 -5.035192e+00
3.345261e+00 7.783834e+00 -4.781208e-01 3.452274e+00 -9.181834e+00 -3.792217e-01 2.287205e+00 -2.424478e+00
3.104429e+00 5.854642e+00 -2.013746e-01 1.592645e-01 -7.489518e+00 1.095320e+00 2.850807e+00 -6.282045e+00
-1.799058e+00 5.264020e+00 -4.787234e+00 1.914229e+00 -8.508151e+00 1.681901e+00 4.766913e+00 -3.672589e+00
2.624839e+00 4.894141e+00 -2.819617e+00 -1.545256e+00 -6.258372e+00 -5.438553e+00 1.245899e+00 -4.071717e+00
1.722066e+00 5.421815e+00 -6.360834e+00 -8.210720e-01 -9.211165e+00 -7.093472e-01 2.206961e+00 -6.882726e+00
2.748778e+00 3.964596e+00 -4.857929e+00 3.444937e+00 -8.723582e+00 -6.470606e-01 -1.786622e-01 -6.394927e+00
2.049022e-01 6.119697e+00 -6.061254e+00 3.380451e-01 -6.772135e+00 -3.142204e+00 2.966837e+00 -5.680905e+00
1.020249e+00 6.885645e+00 -2.713647e+00 3.394848e+00 -7.011815e+00 8.521666e-01 3.015416e+00 -3.980393e-01
1.164651e-02 7.282975e+00 -3.279277e+00 7.152348e+00 -4.924139e+00 -2.702528e+00 1.714260e+00 -3.880584e-01
3.429804e+00 4.185912e+00 -1.308955e+00 2.455215e+00 -9.312420e+00 -1.609604e+00 3.069856e+00 -6.732265e+00
5.691039e+00 4.434696e+00 -4.058661e+00 2.497759e-01 -9.937950e+00 -4.596534e+00 3.607241e+00 -7.011868e+00
2.355576e+00 5.084571e+00 -1.017942e+00 1.860030e+00 -8.148406e+00 -8.795777e-01 -3.997616e-01 -5.690444e+00
1.418314e+00 6.819985e+00 6.975066e-01 -2.047364e-01 -8.642562e+00 -2.756982e+00 -1.952424e+00 -5.648321e+00
5.161646e-01 4.254750e+00 -2.656051e+00 2.949869e+00 -8.514678e+00 -1.081288e+00 4.162447e+00 -8.959367e+00
2.554473e+00 4.004756e+00 1.378922e-01 1.930213e+00 -7.751073e+00 -1.086027e+00 3.137650e+00 -5.228343e+00
9.997898e-01 7.148568e+00 -4.575776e+00 -1.521706e+00 -8.764394e+00 -1.260997e+00 3.297129e+00 -3.404051e+00
7.346603e+00 2.097218e+00 4.766280e-01 -1.309922e+00 -5.139886e+00 -2.708098e+00 3.244090e+00 -1.271015e+01
-1.371446e+00 4.355471e+00 1.678605e+00 5.099474e+00 -8.044779e+00 1.160008e+00 1.795362e+00 -5.201306e+00
-2.569396e-01 3.968022e+00 6.642523e-01 3.953200e+00 -8.856930e+00 1.671679e+00 2.636695e+00 -3.902635e+00
1.206106e+00 7.509849e+00 -1.026787e+00 7.382613e+00 -4.795202e+00 -3.599956e+00 -1.138560e+00 -4.496688e+00
3.253899e+00 8.300915e+00 2.694583e+00 3.044674e+00 -4.762841e+00 -8.852667e-02 4.393003e+00 -7.670652e+00
1.233338e+00 9.658961e+00 4.259080e-02 4.598882e+00 -2.735733e+00 -8.177425e-01 9.646768e-01 -5.069843e+00
6.292157e+00 5.954156e+00 4.404552e+00 -9.782188e-01 -4.075121e+00 -2.785069e-01 4.874169e+00 -1.125088e+01
5.577475e-01 9.703504e+00 3.061026e+00 2.178169e+00 -4.958929e+00 -1.558102e+00 6.108044e+00 -6.200167e+00
-8.663727e-01 1.034859e+01 2.319643e+00 3.691041e+00 -4.502430e+00 -1.705671e+00 -3.023351e+00 -4.044995e+00
-9.569300e-01 9.572439e+00 4.122974e+00 3.625307e+00 -4.172609e+00 -2.574896e+00 3.404275e-01 -8.802667e+00
3.489916e+00 8.804409e+00 1.933986e+00 2.946287e+00 -2.818818e+00 8.361762e-03 5.730783e-01 -5.867325e+00
3.384126e+00 8.827975e+00 -2.138519e+00 3.223781e+00 -5.748618e+00 -2.457174e+00 5.153130e+00 -8.816007e+00
4.883824e+00 3.634175e+00 -5.097021e+00 -1.182248e+00 -5.803721e+00 -2.954018e+00 4.333504e-01 -1.482212e+00
5.886248e+00 7.942528e+00 5.852982e+00 1.276555e+00 -1.141418e+00 -4.314056e-01 2.279941e+00 -7.533840e+00
2.987962e-01 7.464000e+00 1.390156e+00 1.451418e+00 -8.129304e+00 -7.489517e+00 -3.580660e-01 -5.039195e+00
1.026770e+00 6.267596e+00 3.347513e+00 2.010808e+00 -3.553487e+00 -3.546391e+00 6.909419e-01 -7.970234e+00
1.651775e+00 7.797590e+00 2.302950e-01 2.066369e+00 -3.870425e+00 -4.617720e-01 4.804245e+00 -8.070927e+00
3.561018e+00 5.390438e+00 5.902933e+00 3.374893e+00 -4.084384e+00 2.109082e+00 1.329210e+00 -8.577622e+00
1.361504e+00 8.142531e+00 1.015169e+00 6.262867e+00 -4.351337e+00 -3.921506e+00 1.710144e+00 -5.624633e+00
3.616546e-03 9.421674e+00 3.498583e+00 7.050934e+00 -6.799220e+00 -2.248908e+00 4.222237e-01 -4.315812e+00
2.710533e-01 7.463174e+00 4.153885e+00 -6.472606e-02 -3.291316e+00 1.274109e+00 5.041067e+00 -7.030808e+00
3.940942e+00 5.530238e+00 3.880279e+00 4.100943e+00 -2.530656e+00 1.934331e-01 7.020823e+00 -5.783262e+00
3.458470e+00 8.774172e+00 2.114104e-01 3.078300e+00 -7.640478e+00 1.160847e+00 3.203190e+00 -5.757151e+00
-1.194275e+00 8.366856e+00 4.146328e+00 1.502748e+00 -6.156051e+00 1.080657e-01 3.013621e+00 -3.980495e+00
2.059768e+00 7.297540e+00 5.949273e+00 1.761829e+00 -2.185446e+00 2.069471e+00 3.228633e+00 -5.157838e+00
3.764491e+00 7.814248e+00 2.530869e+00 3.993436e-02 -8.803283e+00 -1.159356e+00 2.258941e-01 -8.889286e+00
1.432817e+00 1.161327e+01 3.740978e+00 1.820876e+00 -2.100537e+00 -2.878328e+00 2.698252e+00 -6.976636e+00
-1.885244e+00 9.252409e-02 4.004457e+00 6.160135e+00 -1.002220e+00 6.287343e+00 4.177007e+00 -7.145262e+00
2.444808e+00 -2.569122e-02 1.764757e+00 -1.620732e+00 -8.666315e+00 3.786554e-01 2.265011e+00 -8.428836e+00
2.173381e+00 8.537509e+00 1.524738e+00 5.033972e+00 -4.723602e+00 -1.868365e+00 -9.048759e-01 -6.541347e+00
1.665009e+00 5.505890e+00 -1.026901e+00 5.767121e-01 -4.833317e+00 -2.491310e+00 2.335725e+00 -6.802995e+00
2.975565e-01 6.785508e+00 3.205885e+00 4.933867e+00 -2.393420e+00 2.970792e+00 3.583778e+00 -1.200730e+01
1.900038e+00 7.222965e+00 4.708948e-01 4.831199e+00 -4.831441e+00 9.995651e-01 3.575407e+00 -5.665206e+00
-1.671841e+00 1.687885e+00 1.316425e+00 7.898425e+00 -6.811657e+00 -3.391086e+00 3.049994e+00 -6.597168e+00
1.356767e+00 5.399800e+00 3.128497e+00 5.985705e+00 -4.184365e+00 -2.774137e-01 3.882179e+00 -6.307733e+00
4.049557e-01 7.144316e+00 4.110078e+00 3.696749e+00 -2.610489e+00 2.661348e-01 2.498125e+00 -8.384236e+00
3.685596e+00 5.521041e+00 -4.134005e-01 1.644326e+00 -4.215616e+00 1.231106e-01 -9.226497e-02 -4.172116e+00
2.898589e+00 5.164895e+00 -3.003160e+00 2.540624e+00 -1.086685e+01 1.524521e-01 1.890506e+00 -2.230913e+00
1.134824e+00 6.060327e+00 -2.575395e+00 -5.094336e+00 -2.404480e+00 -4.540224e-01 9.089476e+00 -9.432950e+00
1.368871e+00 3.493328e+00 -1.475999e+00 3.544107e+00 -7.744466e+00 -3.104072e-01 -8.702754e-01 -2.809715e+00
8.850717e+00 3.312112e+00 -2.776342e+00 2.888950e+00 -6.166786e+00 -4.580111e+00 1.021923e+00 9.174847e-02
4.723563e+00 5.561813e+00 -2.288401e+00 1.530466e+00 -7.756654e+00 -2.586396e+00 2.676987e-01 -1.445412e+00
-1.900145e+00 6.086848e+00 -6.176228e+00 8.404638e+00 -4.849281e+00 2.084496e+00 3.047508e+00 -4.456662e+00
-7.517456e-01 5.474581e+00 2.292186e+00 3.652704e-01 -5.437807e+00 -3.615330e+00 4.793215e+00 -7.338551e+00
2.242333e+00 4.932560e+00 -5.728816e+00 -2.886298e+00 -8.727963e+00 -2.933385e+00 3.671084e+00 -2.599205e+00
9.086251e-01 7.123222e+00 3.838812e+00 2.844926e-01 -1.062022e+01 -5.933572e+00 5.581581e+00 -7.834757e+00
3.678987e+00 3.898070e+00 7.196091e-01 3.091702e+00 -3.591164e+00 4.675654e-01 4.903211e+00 -4.124031e+00
5.312707e+00 6.576552e+00 1.218859e+00 -2.379058e+00 -2.535602e+00 -3.131672e+00 4.033285e+00 -5.612459e+00
-2.426906e+00 5.223250e+00 -2.583794e-02 6.448453e+00 -3.885950e+00 2.581092e-01 5.783164e+00 -8.515851e+00
3.421776e+00 7.904620e+00 -3.595571e-01 -1.024332e+00 -9.788263e+00 -1.562206e+00 1.155974e+00 -1.076432e+00
2.936237e+00 4.655133e+00 -1.219812e+00 2.595941e+00 -7.025570e+00 -1.460723e+00 1.052992e+00 -2.532829e+00
-1.235919e+00 8.258325e+00 4.200163e-01 -1.162314e+00 -4.826327e+00 1.365950e-02 6.245042e+00 -7.327182e+00
2.512577e+00 5.226828e+00 1.497047e+00 5.029695e+00 -3.349536e+00 7.797083e-01 3.758135e+00 -6.550332e+00
-6.560174e-01 5.430393e+00 3.817356e-01 2.859871e+00 -8.471006e+00 -4.321644e-01 1.392415e+00 -4.052745e+00
1.742187e+00 1.702696e+00 1.243225e+00 4.609559e+00 -3.280616e+00 8.859711e-01 1.548275e+00 -6.693122e+00
2.725127e-01 6.241408e+00 3.926379e+00 -2.196641e+00 -4.182983e+00 -3.966476e+00 7.518747e+00 -4.686847e+00
3.275336e+00 9.181713e+00 3.699440e+00 3.220823e+00 -7.445406e+00 -1.780548e+00 1.667889e+00 -9.377571e+00
4.402015e+00 3.163787e+00 -3.272495e+00 2.768527e+00 -8.307996e+00 -2.798680e+00 4.443616e+00 -3.111337e+00
8.137909e+00 4.734845e+00 7.885270e-01 2.139674e+00 -7.030532e+00 -2.389227e+00 2.311891e-01 -4.991802e+00
1.394299e+00 5.179343e+00 -3.960618e+00 1.824508e+00 -4.546289e+00 -1.374646e+00 1.937716e+00 -5.451958e+00
4.262645e-01 1.688303e+00 -3.451177e+00 -4.099517e-01 -6.708242e+00 -1.546303e+00 3.472276e+00 -7.262575e+00
4.165497e+00 6.647237e+00 -3.592420e+00 -3.571380e+00 -1.130780e+01 -4.437565e+00 1.888246e+00 -5.509173e-01
9.736985e-01 6.085578e+00 1.433817e+00 1.670395e+00 -6.489714e+00 -5.091017e-01 3.553253e+00 -5.125364e+00
7.656046e-01 6.873400e+00 2.060934e+00 4.793175e+00 -5.024936e+00 -2.336753e+00 -4.345030e-01 -7.434319e+00
1.168200e+00 9.097114e+00 6.941383e-01 2.745970e+00 -4.883394e+00 -8.173235e-02 3.169561e+00 -6.101705e+00
5.183088e+00 7.764358e+00 2.964605e+00 -3.032241e-01 -3.861668e+00 -3.468461e+00 3.453939e+00 -6.415764e+00
4.920372e+00 8.859058e+00 5.311904e+00 2.119039e+00 -1.112165e+00 -1.162522e+00 6.403767e+00 -8.686897e+00
1.008889e+00 5.381292e+00 1.488412e+00 4.482762e+00 -3.331825e+00 -2.584759e+00 1.537993e+00 -6.343862e+00
1.245458e-01 9.282064e+00 4.842748e+00 3.373964e+00 -5.362960e+00 -6.991321e-02 -3.123277e+00 -5.752531e+00
1.401420e+00 6.969678e+00 4.119394e+00 4.913788e+00 -7.922683e+00 -1.013887e+00 3.774585e+00 -6.889898e+00
5.833575e+00 8.343949e+00 3.572184e+00 3.759179e+00 -4.370796e+00 -2.605440e-01 1.165417e+00 -4.853802e+00
3.949084e+00 3.442695e+00 -1.438643e+00 6.513982e+00 -1.253493e+00 -5.979859e-01 7.645932e+00 -7.080346e+00
4.101707e+00 6.217446e+00 3.316081e-02 -1.068441e+00 -5.108817e+00 -1.054298e+00 2.578331e+00 -5.472564e+00
3.317891e+00 8.305977e+00 4.818971e+00 -2.938851e+00 -1.583312e+00 -3.861365e+00 2.694735e+00 -8.901895e+00
1.029224e+00 4.844642e+00 -3.125005e-01 -1.799173e+00 -8.200719e+00 -5.242463e+00 2.536414e+00 -8.715433e+00
3.883628e+00 8.390146e+00 3.932024e-01 6.855510e-01 -3.353978e+00 1.031182e+00 2.824694e+00 -6.884900e+00
1.267097e+00 8.320996e+00 3.058374e+00 1.060349e+00 -1.303250e+00 -6.628365e-01 5.977267e+00 -7.787305e+00
8.664745e-01 6.172401e+00 6.304745e+00 6.198557e+00 -3.387351e+00 1.481814e+00 1.182132e+00 -6.985760e+00
-3.517674e-01 9.894984e+00 5.971790e+00 5.425129e+00 -3.605737e+00 -4.014868e+00 2.167555e+00 5.898420e-01
-1.987228e-01 5.624557e+00 5.637728e+00 5.997076e+00 -7.061611e+00 -9.824134e-01 2.037382e+00 -3.854872e+00
-1.174469e-01 5.868211e+00 3.844981e+00 5.089806e+00 -3.555567e+00 -2.377698e-01 3.572714e+00 -7.915108e+00
4.359005e+00 6.751139e+00 5.161707e+00 5.825796e+00 2.635951e-01 2.125775e+00 5.259743e+00 -4.885862e+00
1.474423e+00 9.314540e+00 -4.412740e-01 8.954219e-02 -5.926444e+00 -1.371552e+00 2.897509e+00 -3.702314e+00
1.880740e+00 1.052647e+01 1.258924e+00 -1.122017e+00 -4.199330e+00 -3.481725e-01 6.682732e+00 -9.250287e+00
8.511399e-01 8.064699e+00 3.216778e+00 2.322651e+00 -7.979108e-01 -1.742829e-01 3.624568e+00 -7.785180e+00
4.210903e+00 5.030315e+00 1.806121e+00 1.328951e+00 -4.944333e+00 -8.751327e-01 1.438736e+00 -7.209048e+00
1.678908e+00 6.918943e+00 5.324187e+00 2.173647e+00 -1.620810e+00 -8.962316e-01 1.289434e-01 -9.239428e+00
-1.072068e+00 6.121103e+00 2.022063e+00 9.370057e-01 2.358033e-01 -8.784854e-01 5.848257e+00 -7.652591e+00
3.406577e+00 5.391498e+00 -9.517486e-01 -8.133067e-01 -8.014458e+00 3.060930e-01 1.007286e+00 -5.601141e+00
1.749336e+00 9.090634e+00 1.876778e+00 6.053713e+00 -6.531170e+00 -2.914385e+00 -1.203720e+00 -6.174593e+00
1.722546e-01 4.473665e+00 4.244088e+00 2.769280e+00 -7.228505e+00 -1.182850e+00 -1.874013e+00 -8.108852e+00
-2.625715e+00 5.921291e+00 3.750588e+00 4.552129e+00 -1.940030e+00 2.379717e+00 2.214346e+00 -7.541967e+00
2.901644e+00 6.468691e+00 3.313930e+00 3.446164e+00 -6.343641e+00 2.111240e+00 4.386955e+00 -4.863027e+00
-3.053039e-01 4.633131e+00 -3.129465e-01 8.022101e+00 -4.764667e+00 -1.356712e+00 2.929883e+00 -5.676095e+00
2.415755e+00 4.566052e+00 4.151383e+00 6.910725e+00 -3.136195e+00 2.844707e+00 4.575797e+00 -6.198557e+00
-6.764238e-01 5.778188e+00 2.548276e+00 5.419731e+00 -2.755968e+00 -1.909552e+00 1.454700e+00 -4.313756e+00
4.601660e+00 4.264288e+00 2.757135e+00 6.314269e-01 -2.952248e+00 -1.372780e-01 2.094967e-01 -3.379487e+00
6.943719e+00 6.405371e+00 1.897277e+00 2.467328e+00 -8.674486e+00 -2.109639e-01 3.686853e+00 -3.555406e+00
1.583068e+00 9.030129e+00 -2.977131e+00 -3.436395e+00 -4.960337e+00 -8.812658e-01 9.163463e+00 -8.259562e+00
1.284431e+00 4.452317e+00 -4.118586e-01 2.640724e-01 -5.665567e+00 -2.879918e+00 2.470345e+00 -3.664380e+00
6.107066e+00 5.740405e+00 4.332074e+00 4.033761e+00 -4.894738e+00 7.945555e-02 1.183660e+00 -4.198764e+00
4.406065e+00 9.016324e+00 -1.624935e+00 -1.070570e-01 -8.499076e+00 -3.652298e+00 3.181777e-01 -4.827125e-01
-2.830452e-01 5.002453e+00 -6.460900e+00 4.896637e+00 -4.793638e+00 -3.951901e-01 1.152889e+00 -2.658805e+00
1.169709e+00 2.672563e+00 1.298348e+00 3.657865e-01 -9.000899e+00 -1.777599e+00 1.743679e+00 -5.196980e+00
3.448694e+00 4.656848e+00 -4.246346e+00 -2.459589e+00 -7.537115e+00 -2.534821e+00 3.816714e+00 -6.869597e+00
9.787998e-01 3.089415e+00 -1.359738e+00 1.304175e+00 -1.350373e+01 -4.846325e+00 1.221909e+00 -5.750651e+00
3.961598e+00 3.997781e+00 4.365953e+00 3.913740e+00 -2.903049e+00 7.438622e-01 5.447983e+00 -4.297407e+00
1.724282e+00 4.822233e+00 -1.821609e+00 2.306149e+00 -3.794589e+00 2.982000e-01 4.889857e+00 -3.617535e+00
2.736248e-01 5.763188e+00 9.727880e-01 4.696543e+00 -5.612157e+00 -3.285084e+00 4.054555e+00 -8.676511e+00
4.926990e-01 9.208497e+00 -5.461607e+00 1.831696e+00 -9.264521e+00 -1.398770e+00 1.949443e+00 -2.981640e+00
3.309278e+00 4.670846e+00 -9.003192e-01 -2.351983e-01 -9.647827e+00 -1.604392e+00 -1.397378e-01 -5.873576e+00
4.768023e+00 3.653551e+00 -1.808620e+00 1.943216e+00 -6.865256e+00 -5.169452e-01 3.705400e+00 -5.258102e+00
5.239613e+00 6.364996e+00 4.157676e+00 2.706054e+00 -6.216930e+00 5.488521e-01 3.955366e+00 -6.257538e+00
1.910147e-01 4.501743e+00 1.191003e+00 2.778118e+00 -6.533866e+00 -1.286697e+00 2.173021e+00 -4.080915e+00
2.348451e+00 2.738914e+00 -6.002982e+00 4.833004e+00 -5.665845e+00 5.425664e-01 4.476745e+00 -7.326612e+00
1.278600e+00 4.904690e+00 3.950385e+00 -5.935492e-01 -6.717767e+00 -2.175553e+00 3.394390e+00 -8.790444e+00
3.154867e+00 9.032958e+00 2.509325e+00 3.405541e+00 -5.166352e+00 -2.648688e+00 2.405757e+00 -1.039587e+01
5.235890e+00 2.332919e+00 -2.614338e+00 2.407704e+00 -9.955878e+00 -3.172986e+00 3.800052e+00 -5.896407e+00
9.635177e+00 7.596798e+00 7.450722e-02 -2.324565e+00 -7.217282e+00 -2.082196e+00 2.609464e+00 -5.370009e+00
2.096082e+00 7.885770e+00 -8.716896e-01 1.181062e+00 -4.903514e+00 -1.715505e+00 4.155979e+00 -5.644473e+00
2.222537e-01 1.175617e+00 -1.493472e+00 -1.043444e+00 -9.302128e+00 -1.566682e+00 5.191899e+00 -5.965855e+00
4.660413e+00 6.807539e+00 -1.973892e+00 -9.948116e+00 -8.294160e+00 -2.628646e+00 3.741501e+00 1.128520e+00
1.544530e+00 3.099295e+00 1.310379e+00 2.208284e+00 -5.936423e+00 1.254408e+00 2.614824e+00 -2.841668e+00
5.378570e+00 7.866302e+00 1.068715e+00 3.873285e+00 -5.989275e+00 -9.819287e-01 1.388384e+00 -7.670259e+00
6.580298e+00 4.448005e+00 8.783518e-01 5.706574e+00 -5.963397e+00 -2.588452e+00 3.778709e+00 -7.876812e+00
1.470322e+00 7.719150e+00 3.961168e+00 5.773955e+00 -3.595910e+00 6.525542e-01 7.928796e-01 -8.008206e+00
3.311281e+00 6.778742e+00 2.798239e+00 3.544891e+00 -4.484415e+00 7.375124e-01 8.353245e-01 -7.613931e+00
3.405880e+00 8.376494e+00 3.248105e+00 5.919833e-01 -4.989998e+00 -2.228046e+00 7.061091e-01 -6.239747e+00
2.538396e+00 7.028997e+00 8.974765e-01 2.207883e+00 -3.117266e+00 -2.675526e+00 1.907725e+00 -8.364951e+00
-7.644059e-01 5.323853e+00 2.432248e+00 3.043224e+00 -9.311710e+00 1.696188e-02 3.333268e+00 -3.837473e+00
4.697505e-01 4.419943e+00 3.863227e-01 4.997304e+00 -5.388089e+00 1.013139e+00 2.716867e+00 -5.366575e+00
5.410734e-01 7.168421e+00 -1.955703e+00 -2.449471e+00 -1.009518e+01 -3.872642e+00 2.569004e+00 -8.432596e+00
2.702228e+00 5.866980e+00 -2.066319e+00 8.614467e-01 -6.818786e+00 -2.469968e+00 1.904820e+00 -7.746161e+00
7.649192e-02 6.781731e+00 -3.955752e+00 1.733543e+00 -1.482118e+00 -4.510550e+00 6.958738e+00 -1.042700e+01
3.416749e+00 8.518935e+00 4.057008e+00 3.793963e+00 -5.080441e+00 -4.232855e+00 6.709352e+00 -8.401598e+00
1.305455e+00 9.468795e+00 1.061042e+00 1.918094e+00 -5.975899e+00 -3.659242e+00 2.343334e+00 -6.193301e+00
2.623114e-01 6.953471e+00 -1.032668e+00 4.278000e-01 -5.868642e+00 -2.499904e+00 5.179362e+00 -6.235635e+00
6.141975e-01 1.015348e+01 4.007171e+00 1.800001e+00 -5.119803e+00 1.080808e+00 4.350216e-01 -7.683811e+00
1.070082e+00 4.896818e+00 5.739770e+00 -1.081887e+00 -4.639873e+00 -1.513477e+00 2.213655e+00 -1.030298e+01
4.358044e+00 4.758378e+00 4.588270e+00 4.658492e+00 -2.355827e+00 1.659810e+00 2.333363e+00 -7.479650e+00
1.023874e+00 4.699958e+00 4.462416e+00 3.009617e+00 -4.599166e+00 -3.671033e+00 6.044346e+00 -8.126840e+00
1.073642e+00 5.120708e+00 4.636535e+00 5.133776e+00 -7.785565e+00 -1.408892e+00 1.934487e+00 -4.365411e+00
3.726834e+00 2.439478e+00 3.741489e+00 4.687849e+00 -4.890074e+00 -1.720666e+00 6.278013e+00 -4.802461e+00
2.391241e+00 5.775268e+00 4.294525e+00 3.517557e+00 -5.709946e+00 7.995252e-01 -1.251615e+00 -6.792392e+00
3.032975e+00 5.925725e+00 5.319376e+00 2.744605e+00 -6.748568e+00 -1.111664e+00 -5.176379e-01 -7.361770e+00
5.092599e+00 6.659728e+00 -2.063306e+00 -9.151701e-02 -7.548227e+00 -2.189448e+00 5.551509e+00 -4.329152e+00
5.595796e+00 4.103566e+00 -1.381175e+00 -1.801328e+00 -4.706689e+00 -2.113262e+00 1.725049e+00 -7.301834e+00
3.016438e+00 6.908775e+00 1.626468e+00 1.743110e+00 -5.437337e+00 -2.395168e+00 3.055029e+00 -1.041753e+01
2.351826e+00 8.396226e+00 2.229502e+00 1.000973e+00 -3.069292e+00 5.759146e-01 5.678861e+00 -1.005801e+01
5.303550e-01 7.003876e+00 1.284645e+00 8.481390e+00 -3.305185e+00 -7.122788e-01 5.037266e+00 -4.601459e+00
9.857426e-01 9.670810e+00 2.649786e+00 4.793812e+00 -5.008492e+00 -2.561997e+00 4.627285e+00 -7.818632e+00
2.694649e+00 8.020156e+00 2.877620e+00 3.594730e+00 -2.919567e+00 -5.476303e-01 2.527368e+00 -6.571743e+00
2.361102e+00 8.312989e+00 -2.014567e+00 4.072430e+00 -5.682735e+00 -6.114659e-01 2.463490e+00 -6.594416e+00
6.460574e-01 7.290269e+00 -2.992583e+00 -9.267415e-01 -6.086288e+00 -4.265948e+00 4.446933e+00 -4.247044e+00
4.668980e+00 5.212890e+00 -3.606071e+00 -7.705532e-01 -5.831339e+00 -4.836502e+00 4.504727e+00 -4.691403e+00
1.901881e-01 -5.011729e-01 -2.323554e+00 -3.902760e-01 -5.627940e+00 -5.459976e-01 3.349428e+00 -3.554966e+00
-8.940696e-01 -1.526958e+00 -6.446158e+00 6.361423e-01 -4.691014e+00 1.937359e+00 2.982468e+00 -4.030271e+00
2.832492e+00 2.594481e+00 -7.733692e-01 7.030182e+00 -6.760297e+00 -3.188150e+00 1.802450e+00 -7.362274e+00
2.396435e+00 1.700054e+00 4.652696e+00 8.912368e-01 -5.184514e+00 1.029974e+00 2.948134e+00 -6.910127e+00
-2.291290e-01 6.042961e+00 -1.359184e+00 1.909162e+00 -5.868949e+00 -1.635796e+00 4.272734e+00 -2.849154e+00
6.491910e-01 5.199660e+00 -1.396461e+00 3.011972e+00 -7.571284e+00 -1.808428e+00 1.594776e+00 -4.761359e+00
4.159107e+00 2.314623e+00 7.419602e-01 -6.376577e+00 -9.186448e+00 -8.393925e+00 1.969240e+00 8.861455e-02
7.396223e-01 2.593129e+00 8.898784e-01 -4.417810e+00 -6.491208e+00 -8.323959e+00 -5.423382e-01 2.584432e+00
8.690570e+00 6.212921e+00 -2.844757e+00 -4.377252e+00 -8.164912e+00 -5.367842e+00 -2.850094e-01 -1.914520e+00
8.205356e+00 4.668339e+00 -6.768644e+00 -3.565068e+00 -6.457899e+00 -4.528243e+00 -1.165408e-01 -1.653103e+00
1.781152e+00 4.896090e+00 3.411431e+00 1.698554e+00 -7.577756e+00 -1.901510e+00 2.083904e+00 -9.860589e+00
1.534162e+00 3.837311e+00 1.329602e+00 -5.606636e-01 -6.572079e+00 -1.675010e-01 6.418495e+00 -5.003423e+00
5.022867e+00 5.535645e+00 -2.567914e+00 2.963488e-01 -8.010702e+00 -3.969866e+00 1.553030e+00 -2.649084e-01
4.432448e+00 3.854478e+00 4.673306e-01 1.316431e+00 -6.815085e+00 -3.155315e+00 2.774290e+00 -2.163023e+00
-5.290392e-01 5.157997e+00 -2.464240e+00 2.359023e+00 -9.623263e-01 1.776827e+00 3.749184e+00 -9.590402e+00
4.901832e-01 7.852955e+00 1.701617e+00 -2.712276e+00 -7.970712e+00 -3.143691e+00 2.088062e+00 -9.775008e+00
-5.315607e-02 5.466833e+00 5.132717e-01 -3.126059e-01 -4.558114e+00 9.812543e-01 -2.164590e-01 -1.706512e+00
-1.390984e+00 6.400763e+00 -2.805172e+00 2.008991e+00 -6.025357e+00 1.113598e+00 2.814160e+00 -6.708919e+00
5.148082e+00 6.573686e+00 3.720590e+00 -2.783558e+00 -4.651681e+00 -6.084604e-01 5.432395e+00 -9.023902e+00
3.209573e+00 7.359787e+00 3.151031e+00 8.131116e-02 -5.136614e+00 -1.290890e-01 5.106914e+00 -6.261609e+00
4.084840e+00 4.833058e+00 8.149989e-01 2.696176e+00 -7.917315e+00 -4.345259e+00 2.479175e-01 -7.021972e+00
2.799870e+00 1.597074e+00 1.439048e+00 1.850536e+00 -6.263220e+00 -1.157560e+00 -2.305904e+00 -6.303444e+00
3.744674e+00 4.919423e+00 -2.492660e+00 3.155141e+00 -6.918488e+00 -4.287309e-01 2.078550e+00 -1.516085e+00
4.127080e+00 3.235925e+00 -2.262869e+00 2.003567e+00 -6.514193e+00 3.401880e-01 -5.489437e-01 -3.683851e+00
3.929779e+00 1.931202e+00 -9.483071e-01 -5.916202e-01 -6.927142e+00 -1.986022e+00 -4.077508e-01 -4.675212e+00
2.811913e+00 4.168391e+00 1.870632e+00 9.400349e-01 -7.999017e+00 -4.602473e-01 2.439813e+00 -3.570338e+00
-4.340402e-01 5.136541e+00 4.731070e-01 2.834447e+00 -7.307376e+00 -7.307726e-01 4.700088e+00 -9.679578e+00
-9.666134e-01 4.984618e+00 2.123586e+00 5.067739e+00 -4.792517e+00 -1.864720e-01 6.023866e+00 -6.714377e+00
-4.975992e+00 2.908601e-01 -1.047136e+00 4.155206e+00 -8.185096e+00 -4.320954e+00 3.086484e+00 -7.788293e+00
1.070270e+00 4.698055e+00 -1.283106e+00 1.550491e+00 -5.564851e+00 -5.977448e+00 4.432142e+00 -6.770978e+00
4.763635e+00 4.414882e+00 2.787726e+00 3.615217e-01 -4.978586e+00 -2.823299e+00 4.515151e+00 -8.406878e+00
4.256067e+00 4.703819e+00 -3.038563e+00 8.554299e-02 -5.131554e+00 -2.487975e+00 6.159232e+00 -5.210695e+00
-1.856481e+00 3.264445e+00 5.926410e-01 4.406391e-01 1.218693e+00 -6.119120e-01 5.214468e+00 -4.030265e+00
-2.648692e-01 8.773189e-01 1.434064e+00 3.508522e+00 -2.074508e+00 -4.331172e+00 5.274194e+00 -6.440962e+00
-2.401522e+00 3.349517e+00 -2.240454e+00 5.452996e+00 -2.822612e+00 -3.405067e+00 4.442673e+00 -9.520909e+00
-2.198935e+00 5.069361e+00 -2.788866e+00 4.622147e+00 6.661212e-01 -4.497813e+00 6.566858e+00 -5.187359e+00
-2.463085e-01 7.287520e+00 -2.227016e+00 6.411197e+00 -3.668342e+00 -2.691773e+00 3.337380e+00 -2.330356e+00
5.258048e-01 6.369039e+00 3.360711e-01 -4.567541e-01 -4.098234e+00 -2.862601e+00 3.800310e+00 -2.638362e+00
1.926270e+00 4.190712e+00 -1.947000e+00 5.732871e+00 -4.942285e+00 -4.872861e+00 5.331167e-01 -4.559851e+00
3.612886e+00 6.284735e+00 -1.138658e+00 6.067364e+00 -6.911184e+00 -6.588845e+00 1.157682e+00 -5.669100e+00
2.651893e+00 3.651060e+00 1.602623e+00 8.710824e-02 -5.317321e+00 -2.311499e+00 4.637146e+00 -7.915774e+00
3.365629e+00 2.751025e+00 3.391570e+00 -3.451661e+00 -4.823507e+00 -4.680291e+00 5.202041e+00 -2.714829e+00
1.264875e+00 4.545982e+00 1.846872e+00 2.570593e+00 -6.559959e+00 -4.804878e+00 3.409862e+00 -3.648668e+00
-2.838637e+00 2.725648e+00 -1.647129e+00 4.327837e-01 8.508171e-01 4.814410e-01 6.983976e+00 -5.584424e+00
3.840985e+00 3.931128e+00 5.004418e+00 1.436148e+00 -6.704443e-01 -7.044807e-02 5.333755e+00 -9.449178e+00
6.452538e+00 5.274328e+00 6.076336e+00 3.185744e+00 -3.250018e+00 3.952543e-01 1.391935e+00 -4.851511e+00
3.823757e+00 8.055991e+00 8.686417e-01 -4.155657e-01 -8.929366e+00 -2.453876e+00 4.059908e+00 -7.044715e+00
-1.785277e+00 7.105712e+00 -3.451633e-03 3.149264e+00 -7.987930e+00 -2.978577e+00 2.310709e+00 -3.823123e+00
1.120142e+00 4.918493e+00 2.248920e+00 2.325203e+00 -3.292250e+00 -1.485675e+00 2.515660e-01 5.317125e-01
-3.901358e-01 5.596587e+00 4.889612e-01 9.044905e+00 -3.017219e+00 -1.143216e+00 -1.143774e+00 -3.008783e+00
3.339646e-01 4.619560e+00 1.525328e+00 4.102938e+00 -2.154996e+00 -1.742184e+00 2.160679e+00 7.197174e-02
-1.631275e+00 5.162101e+00 2.192657e-01 4.633583e+00 -3.826147e+00 -7.979819e-01 2.063437e+00 -2.916378e+00
4.624610e+00 6.376308e+00 5.811270e+00 1.310404e+00 -7.068984e+00 -4.336244e+00 4.845412e+00 -7.686841e+00
3.985537e+00 1.019147e+00 5.143347e+00 2.496037e+00 -7.161500e+00 -5.596745e+00 5.691414e+00 -2.976722e+00
1.078978e+00 3.624033e+00 -9.110525e-01 -2.692214e-01 -1.410038e+00 -4.033416e+00 4.942639e+00 -3.976236e+00
3.032435e+00 4.355895e+00 1.188424e+00 1.603538e+00 -4.428488e+00 -1.552145e+00 7.985410e+00 -3.437180e+00
1.346460e+00 5.045569e+00 -5.082933e-01 -5.992449e-01 -8.357548e+00 -4.062213e+00 5.160732e+00 -5.435566e+00
-2.219002e+00 4.387307e+00 1.260728e+00 5.207068e+00 -2.119904e+00 -1.443651e+00 4.866136e+00 -7.866673e+00
1.213114e-02 4.081726e+00 8.614125e-01 -1.933585e+00 -4.791490e-01 -5.267214e-01 6.598103e+00 -6.594130e+00
8.573773e-02 5.122219e-01 1.195673e-01 -2.719469e+00 -3.717035e+00 3.507014e-01 7.424637e+00 -4.520889e+00
7.771326e+00 3.799163e-01 1.152835e-02 -3.013308e+00 -4.259000e+00 -5.719600e+00 5.956168e+00 -2.292539e+00
7.481528e+00 3.724065e+00 1.567970e+00 -5.420207e+00 -4.282282e+00 -4.327744e+00 7.511095e+00 -4.248300e+00
4.606359e+00 5.524058e+00 -8.022785e-01 -5.756979e-01 -3.371729e+00 -1.414161e+00 7.842429e+00 -3.591865e+00
3.213788e+00 1.539205e+00 7.472624e-01 -2.481962e-02 -1.383727e+00 1.085454e-01 7.740983e+00 -3.844837e+00
3.326989e+00 -1.377385e+00 2.476099e+00 5.108508e+00 -7.294193e+00 -2.531407e+00 2.042745e+00 -5.379327e+00
9.860562e-02 3.038163e+00 2.095978e+00 3.984021e+00 -2.811395e+00 1.231078e+00 8.816041e-01 -7.337579e+00
1.908355e+00 5.184409e+00 -1.561581e-01 -8.872693e-01 -4.876819e+00 -6.404412e+00 2.631427e-01 -7.505685e+00
1.208367e+00 2.465165e+00 -6.861469e-01 1.633089e-01 -4.645680e+00 -3.559875e+00 4.518002e+00 -3.429633e+00
5.137267e+00 6.471804e+00 -9.399742e-01 4.538472e-01 -3.158795e+00 -6.619882e+00 3.860635e+00 -5.199597e+00
6.747713e-01 5.388667e+00 -5.246763e-01 2.995792e+00 -3.510435e+00 -2.827595e+00 2.348930e+00 -6.617377e+00
2.933478e+00 -8.642042e-01 -2.785743e+00 -6.364619e-01 -6.305971e+00 -3.593499e+00 3.867611e+00 -5.077266e+00
-2.825873e+00 7.165162e+00 -7.541417e+00 -1.142436e+00 -9.620539e+00 -2.627432e+00 3.879436e+00 -5.633801e+00
-7.402067e-01 9.330289e+00 3.291642e+00 2.646334e+00 -1.971702e+00 -4.604157e+00 2.956175e+00 -3.861737e+00
-1.170530e+00 6.707276e+00 3.343058e+00 5.724182e+00 6.394599e-01 -3.926481e+00 3.500931e+00 -2.018806e+00
-1.891140e+00 8.271900e+00 -6.175935e-01 3.739384e+00 -1.967039e+00 -2.008405e+00 5.428869e+00 -3.307922e+00
-1.069819e+00 5.163761e+00 -1.713984e+00 9.626112e-01 -4.814579e+00 -3.983896e+00 2.853517e+00 -2.930802e+00
3.093847e+00 4.889455e+00 4.193895e-01 2.602813e+00 -3.257954e+00 -2.183655e+00 1.266778e+00 -5.677793e+00
1.488721e+00 3.984514e+00 3.697039e+00 1.122839e+00 -7.342806e-01 1.778360e+00 5.515745e+00 -6.914350e+00
-2.661231e+00 5.361299e+00 -4.288587e+00 1.174415e-01 -3.370105e+00 -2.288448e+00 4.365662e+00 -5.330801e+00
2.972751e+00 3.310165e+00 -8.437709e-01 -5.525144e-01 -6.296995e+00 -3.628782e+00 3.075447e+00 -3.572236e+00
5.934282e+00 6.666426e+00 8.399911e-01 2.253949e+00 -6.840147e+00 -1.959680e+00 5.283662e+00 -2.431076e+00
4.507324e+00 5.695100e+00 2.705740e+00 2.771064e+00 -7.781666e+00 -2.483316e+00 4.173127e+00 -4.387026e+00
1.799631e+00 4.499613e+00 -8.971545e-01 1.713632e+00 -6.568712e+00 -1.527927e+00 4.791711e+00 -5.346292e+00
5.061708e-01 7.412866e+00 -2.172103e+00 1.459783e+00 -8.797961e+00 -2.179815e-01 5.629495e+00 -5.006069e+00
3.915660e+00 4.788724e+00 3.131200e+00 3.418701e+00 -6.315999e+00 -4.021549e+00 2.145923e+00 -6.257250e+00
7.244440e+00 7.539812e+00 4.321904e+00 -1.148720e+00 -6.290964e+00 -6.215999e+00 2.280849e+00 -4.791553e+00
1.346894e+00 7.462991e+00 -2.632979e+00 3.403521e+00 -5.004405e+00 -2.609840e+00 1.829169e+00 -4.110847e+00
4.652772e-01 4.333533e+00 -1.200439e+00 7.933496e+00 -4.773894e+00 -2.654892e+00 8.169231e-01 -4.617440e+00
1.420520e+00 6.193511e+00 2.677289e+00 1.720508e+00 -6.704635e+00 -5.292520e+00 3.475165e+00 -3.902020e+00
6.109165e+00 5.758375e+00 -2.198384e-01 5.749557e+00 -4.912787e+00 -3.463805e+00 6.704292e+00 -6.074900e+00
3.380728e+00 3.979255e+00 3.011778e+00 5.296103e+00 -8.421337e+00 -2.636423e+00 1.206774e+00 -6.709655e+00
2.839339e+00 5.735843e+00 -1.884821e-02 8.025479e+00 -5.231314e+00 -4.469034e+00 2.294854e+00 -4.159290e+00
-1.128676e-01 1.767003e+00 -4.166708e-01 3.559688e+00 -7.858599e+00 -6.036079e+00 3.950130e-01 -1.080810e+00
-1.445506e+00 2.163030e+00 -3.313647e+00 5.398561e+00 -4.423917e+00 -3.999535e+00 2.943172e+00 -3.568691e+00
6.933403e+00 2.063288e+00 9.037114e-01 -7.193125e-01 -5.674459e+00 -2.524572e+00 4.524279e+00 -4.653552e+00
8.240618e+00 6.403884e+00 4.852127e-01 -2.435736e+00 -4.977545e+00 -4.504500e+00 2.259603e+00 -5.410154e+00
9.868702e-01 2.736781e+00 3.769424e+00 2.688283e+00 -3.953315e+00 -3.178127e+00 7.927301e-02 -1.573090e+00
9.172650e-02 8.273446e+00 3.411934e-01 6.241060e+00 -5.782045e+00 -1.701082e+00 -6.344155e-01 -4.615646e+00
7.184624e+00 6.591551e+00 -5.248368e+00 1.195584e+00 -7.286713e+00 -5.775693e+00 -1.439644e-01 -3.626825e+00
4.943637e+00 6.451682e+00 -3.440544e+00 3.012345e+00 -6.598539e+00 -3.695113e+00 -3.151148e+00 -3.378214e+00
2.034041e+00 1.532563e+00 -1.052530e+00 2.203705e+00 -4.099675e+00 -2.949962e+00 3.405793e+00 -1.001855e+00
-2.086010e-01 1.938354e+00 -5.304502e+00 7.009362e+00 -6.464251e+00 -1.204809e-01 1.153382e+00 2.118726e+00
1.741469e+00 7.224111e+00 -5.914083e-01 7.106784e+00 -9.581961e+00 -4.815445e+00 -1.218121e+00 6.781745e-02
3.693036e+00 7.140459e+00 -1.107322e+00 3.409439e+00 -5.159434e+00 -6.029029e+00 1.293752e-01 -1.566411e+00
-1.748067e+00 7.172362e+00 -3.213564e+00 7.917237e+00 -3.409050e+00 -1.771759e+00 -9.722824e-01 -1.921771e+00
3.126864e-01 6.646512e+00 -3.393909e+00 9.312410e+00 -2.378987e+00 -4.069810e+00 2.036421e+00 3.562178e-01
7.325600e-03 4.395737e+00 2.142928e+00 4.345703e+00 -2.368782e+00 -2.482877e-01 1.931767e+00 -6.212497e+00
4.663567e+00 3.533253e+00 5.153320e-03 2.832962e+00 -4.718327e+00 -1.202396e+00 1.312116e-01 -6.612154e+00
3.401773e+00 5.459877e+00 -7.550675e-01 1.100417e+00 -5.143342e+00 -4.046690e+00 4.724306e+00 -6.454708e+00
3.093435e+00 6.522867e+00 7.345599e-01 1.785491e+00 -5.083059e+00 -3.039213e+00 3.165880e+00 -8.206395e+00
3.942884e+00 2.163400e+00 -1.756309e+00 5.018664e+00 -4.910791e+00 -9.390150e-01 1.299085e+00 -5.629381e+00
7.753572e+00 2.105682e+00 -4.671409e-01 5.469446e+00 -5.474307e+00 -2.840394e+00 -1.546285e+00 -9.973141e-01
2.183124e+00 5.069629e+00 -4.460234e+00 6.227902e+00 -6.454027e+00 -3.900573e+00 -6.824353e-01 -4.314644e+00
5.760974e+00 5.737950e+00 -2.798229e+00 4.897126e+00 -8.285046e+00 -1.209667e+00 -2.774221e+00 -3.906478e+00
2.217840e+00 2.520845e+00 3.381014e+00 2.283280e-02 -5.296058e+00 -1.697303e+00 -1.879556e-01 -1.653706e+00
-5.215676e-01 5.745143e+00 5.081031e+00 3.071031e+00 -3.910445e+00 -4.404543e+00 4.587959e-01 -2.265049e+00
-1.705142e-01 8.666215e+00 1.982422e+00 3.403258e+00 -2.667152e+00 -1.476900e+00 -8.923327e-01 -4.203118e+00
1.545370e+00 6.846248e+00 -3.086380e+00 4.601146e+00 -3.842360e+00 -1.460530e+00 1.681643e+00 -7.128705e+00
-1.758903e+00 2.798918e+00 -4.900494e-01 2.648500e+00 -6.904129e+00 1.753891e+00 2.381966e+00 -3.663845e+00
1.082581e+00 4.657589e+00 1.682017e-01 1.846825e+00 -4.549107e+00 -2.871520e+00 8.735334e-01 -3.948348e+00
2.671481e+00 7.256746e+00 -3.774438e+00 4.737929e+00 -4.718068e+00 -5.185976e+00 -2.784225e+00 3.752300e+00
3.130043e+00 2.147159e+00 -1.984292e+00 2.267038e+00 -8.567944e+00 -5.778861e+00 8.830070e-01 -1.021474e+00
-1.701877e+00 5.977713e+00 3.082924e+00 5.482673e+00 -2.742583e+00 -3.136996e+00 2.479544e+00 -1.435451e+00
2.787167e+00 5.797331e+00 3.694193e+00 4.375803e+00 -4.665541e+00 -4.854296e+00 1.736600e+00 -1.327117e+00
6.285227e-01 4.662561e+00 -4.694375e+00 6.579190e+00 -6.907352e+00 -3.801819e+00 2.302422e-01 -3.849007e+00
2.196416e+00 3.231500e+00 -1.057469e+00 5.326452e+00 -9.321136e+00 -5.690949e+00 2.879140e+00 -7.902557e+00
1.486161e+00 4.190079e+00 -2.101752e+00 4.460315e+00 -7.980432e+00 -3.062162e+00 6.810566e-01 -6.107079e-01
-3.448920e-01 3.581410e+00 -9.948331e-01 9.543296e+00 -7.484681e+00 -4.392699e+00 -1.806544e+00 -4.268002e+00
7.294231e+00 3.064188e+00 2.513408e+00 -2.698695e+00 -1.049588e+01 -6.617884e+00 6.435349e-01 -2.274472e+00
6.670428e+00 5.006655e+00 4.222878e-01 2.996226e+00 -8.443024e+00 -4.134742e+00 -2.794124e+00 -1.938028e+00
3.791210e+00 5.431114e+00 -1.117129e+00 2.978077e+00 -9.267282e+00 -3.349079e+00 5.758360e-01 -4.217703e+00
5.406617e-01 6.447546e+00 -3.654797e+00 5.121005e+00 -9.394191e+00 -4.426196e+00 -1.357285e-01 -4.280162e+00
4.307970e+00 8.084983e+00 -1.112969e+00 3.391523e+00 -9.893254e+00 -5.510010e+00 -3.400173e+00 -5.307404e+00
2.386875e+00 6.650440e+00 -5.244842e+00 7.252343e-01 -5.973996e+00 -4.511529e+00 3.568141e-01 -3.444454e+00
-1.556880e+00 7.537440e+00 -4.055516e+00 4.296309e+00 -4.183245e+00 -4.660772e+00 2.495217e+00 -2.582072e+00
1.518549e+00 4.104955e+00 1.380939e+00 8.309158e-01 -7.835569e+00 -4.046012e+00 5.426691e-01 -1.048678e+00
2.896326e+00 4.072900e+00 6.116491e+00 8.951154e-01 -3.992966e+00 -7.742973e-01 2.529906e+00 -2.204194e+00
1.325406e+00 6.001227e-01 -5.408459e-01 6.252908e+00 -7.984589e+00 -3.623081e+00 1.194518e-02 -5.983807e+00
1.333195e+00 5.907545e+00 -6.325502e-01 3.639106e+00 -7.135279e+00 -4.274196e+00 6.943553e-01 -4.827585e+00
-1.276610e-01 1.412168e+00 -2.968658e+00 -6.925786e-01 -9.043037e+00 -3.752523e+00 3.470804e+00 -1.070730e+00
5.241091e+00 4.430084e+00 2.188222e+00 1.701237e+00 -6.299417e+00 -3.951424e+00 -1.136010e+00 -7.874350e+00
2.264015e+00 4.413363e+00 -1.510769e+00 1.607947e+00 -1.008636e+01 -4.988642e+00 -3.686869e+00 -5.124686e+00
-1.248094e-02 1.926966e+00 -4.003652e+00 -4.805488e-01 -5.172971e+00 -2.955624e+00 3.737648e+00 -6.917097e+00
1.219015e+00 -1.247962e+00 -6.023516e-01 1.663881e+00 -9.227871e+00 -2.909705e+00 1.634171e+00 -7.468550e+00
3.930821e+00 1.749358e+00 -2.846042e+00 -5.733157e+00 -7.418812e+00 -2.616015e+00 8.148771e-01 -7.115018e+00
9.040406e-01 4.567363e+00 -2.331000e+00 4.026242e-01 -7.360576e+00 -5.003846e+00 -2.871344e+00 -5.000874e+00
3.039840e+00 4.168896e+00 -1.562461e-01 3.919866e+00 -6.357797e+00 -1.335724e+00 1.908576e+00 -3.094093e+00
4.828569e+00 4.016361e+00 -4.005379e+00 2.292917e+00 -6.773964e+00 -6.955049e-01 2.823044e-01 -3.288834e+00
2.560032e-01 4.820183e+00 -4.090924e+00 6.638201e+00 -6.480494e+00 -5.700178e+00 3.556779e+00 -1.974635e+00
3.113866e+00 1.847474e+00 -2.525754e-01 -2.437328e+00 -4.996912e+00 -2.406794e+00 3.751316e+00 -5.022796e+00
2.066688e+00 4.108110e+00 2.370720e+00 1.741090e+00 -3.257574e+00 -1.799256e+00 9.374745e-01 -5.556090e+00
7.322940e+00 5.131345e+00 2.002892e+00 -4.038170e-01 -4.161980e+00 -2.657091e+00 4.312781e+00 -8.033503e+00
-6.145621e-01 2.664463e+00 -1.050764e+00 4.462366e-01 -7.814042e+00 -3.091756e+00 4.958977e+00 -5.949826e+00
-6.555645e-01 4.181634e+00 -4.677583e-02 2.803096e+00 -5.802342e+00 -3.925325e+00 -1.123748e+00 -2.046695e+00
2.165927e+00 6.014192e+00 3.996989e+00 -1.073845e+00 -4.989129e+00 -2.870874e+00 3.769480e+00 -5.032898e+00
1.261760e+00 5.583705e+00 1.453284e+00 6.154138e-01 -1.078057e+00 -1.829093e+00 3.303491e+00 -1.698784e+00
5.549426e+00 4.676756e+00 1.443341e+00 2.226278e+00 -3.579737e+00 -1.919453e+00 3.840029e+00 -6.262414e+00
5.370864e+00 5.540911e+00 -2.993668e+00 3.136482e+00 -8.536631e+00 -1.907009e+00 5.624533e-01 -3.332438e+00
1.559045e+00 4.666614e+00 5.616472e+00 -1.069433e+00 -2.876258e+00 3.738560e-01 5.210200e+00 -1.974307e+00
4.325047e+00 6.149729e+00 -2.535771e+00 -2.328693e+00 -8.298153e+00 -7.789362e+00 4.952731e+00 -3.468917e+00
5.473519e-01 4.191337e+00 1.887107e+00 1.714649e+00 -7.964268e+00 -2.145601e+00 8.287847e-01 -2.477356e+00
-1.526965e+00 2.902311e+00 6.840576e-01 2.599717e+00 -4.175421e+00 1.426774e+00 5.338753e+00 -5.205601e+00
3.581168e+00 4.127886e+00 5.549483e+00 1.894387e+00 -5.762754e+00 -2.332584e+00 2.958622e+00 -5.720878e+00
-1.559342e+00 5.886078e+00 -4.720861e+00 3.179163e+00 -5.662131e+00 -3.289518e+00 5.512210e+00 -4.249070e+00
2.155889e+00 6.507186e+00 3.609901e+00 4.705087e+00 -3.231951e+00 -2.205252e+00 4.397350e+00 -6.900404e+00
1.257622e+00 7.215688e+00 5.643261e+00 3.082874e+00 2.069363e-01 -1.812736e+00 5.210761e+00 -4.552628e+00
5.037112e+00 5.350431e+00 6.518862e+00 6.718144e-01 -6.669432e-01 -5.960611e-01 6.417461e+00 -6.143079e+00
2.525031e+00 6.406614e+00 1.744287e+00 -3.827472e+00 -5.880746e+00 -3.833163e+00 4.018883e+00 -2.233221e+00
5.350761e-01 3.359648e+00 1.426269e+00 5.430138e+00 -6.368158e+00 -1.315041e+00 2.534312e+00 -4.137907e+00
5.327558e+00 1.879317e+00 8.987925e-01 -2.359406e+00 -8.872283e-01 1.221255e+00 7.552094e+00 -5.062536e+00
3.351354e+00 5.562947e+00 1.403632e+00 2.298079e+00 -5.163247e+00 -3.550928e+00 3.213115e-01 -5.907238e+00
5.583206e-01 6.517479e-01 1.985756e+00 3.375962e+00 -2.248132e+00 -3.290406e+00 3.948728e+00 -8.417117e+00
-1.749662e-01 -3.302962e-01 5.275866e+00 1.611516e+00 1.768577e+00 1.015511e+00 6.922829e+00 -4.632702e+00
8.327083e-01 8.780859e+00 2.872224e-02 -1.780146e+00 -7.928897e+00 -3.886523e+00 4.258519e+00 -2.992723e+00
7.288833e-01 3.805760e+00 -1.142915e+00 6.162893e+00 -2.447229e+00 -3.426267e+00 9.840646e-01 -3.411500e+00
1.511065e+00 4.751894e+00 2.575512e-01 -1.278449e+00 -3.108502e+00 -6.593187e+00 1.581424e+00 -7.364214e-01
1.294252e+00 5.063583e+00 5.642522e+00 3.470950e-01 -3.281084e+00 -1.401334e+00 5.736536e+00 -1.015632e+01
2.713140e+00 3.467016e+00 4.896801e-02 2.992399e+00 -5.430609e+00 -3.709668e+00 1.351477e+00 3.673950e-01
-1.529629e+00 2.756698e+00 -1.538521e+00 9.430277e+00 -6.437271e+00 -1.842377e+00 8.446147e-01 -9.043992e+00
1.584423e+00 6.529616e+00 2.788044e+00 6.725995e+00 -2.238661e+00 -1.705089e+00 2.650893e+00 -6.484328e+00
-5.269970e-01 2.334363e+00 3.904090e+00 4.362127e+00 -3.474607e+00 -4.528372e+00 1.874317e+00 -2.989163e+00
5.873428e+00 3.210446e+00 3.664297e-01 4.556954e+00 -3.471567e+00 -3.290150e+00 -1.647598e+00 -2.331612e+00
3.757001e+00 4.800524e+00 1.098212e+00 3.137520e+00 -5.266602e+00 -3.237741e+00 2.218644e+00 1.165111e+00
-1.502255e+00 8.654923e+00 -1.856976e+00 2.480767e-01 -7.316450e+00 -2.637923e+00 1.870050e-01 -5.707369e+00
-6.125725e-01 1.833386e+00 -1.494498e+00 3.305590e+00 -8.983015e+00 -1.847078e+00 -3.412400e+00 -5.384713e+00
8.247734e+00 6.048361e+00 1.005181e+00 -6.107878e-01 -5.766760e+00 -2.890235e+00 1.092738e+00 -3.117366e+00
2.000591e+00 7.602699e+00 -3.973822e+00 6.128489e+00 -8.225021e+00 -4.873984e+00 1.455380e-01 -1.012615e+00
-1.384338e+00 5.951774e+00 -3.717838e+00 7.483229e+00 -4.180371e+00 -3.282551e+00 -2.478280e+00 -2.187292e+00
3.212338e+00 -1.399849e+00 -6.081797e-01 -3.923236e+00 -7.528305e+00 -1.989670e+00 4.460151e+00 -1.288762e+00
-1.277155e-01 -6.067630e-01 -5.334190e+00 9.265542e-01 -5.620977e+00 -1.427366e+00 1.952703e+00 -5.114894e+00
5.428949e+00 5.256438e+00 -1.067745e+00 -2.408474e+00 -1.328290e+01 -7.222122e+00 3.049504e+00 -5.211510e+00
1.170660e+00 3.918845e+00 -1.091053e-01 4.822688e+00 -2.892836e+00 -6.831675e-01 1.824033e+00 -5.594745e+00
1.650180e+00 4.173848e-01 -3.971894e+00 1.562056e+00 -6.788535e+00 -2.788057e+00 1.906559e+00 -2.819054e+00
1.281091e+00 6.165073e+00 6.928742e-01 5.012941e+00 -5.555690e+00 -2.975299e+00 2.199237e+00 -6.197615e+00
1.018390e+00 3.172682e+00 -5.567812e+00 7.645541e-02 -8.346276e+00 -3.378849e+00 -1.321257e+00 -3.735032e+00
3.506831e+00 7.137278e+00 -2.071490e+00 1.807704e+00 -4.924247e+00 -1.517785e+00 -2.089960e+00 2.211957e+00
1.138726e-01 6.853037e+00 -2.571726e+00 7.144777e+00 -2.891653e+00 -2.306907e+00 2.807733e+00 -6.986821e+00
2.049058e+00 8.423441e+00 4.132041e+00 1.703497e+00 -5.677243e+00 -3.299843e+00 3.054198e+00 -3.532607e+00
2.441350e+00 3.575937e+00 2.184618e+00 1.851508e+00 -6.378209e+00 -5.855287e+00 2.114193e-01 -5.217544e+00
-1.400069e+00 4.754899e+00 -4.307105e+00 8.419674e+00 -3.547635e+00 -1.086802e+00 3.648208e-01 -3.399962e+00
8.604089e-01 8.008570e+00 6.751104e-01 4.733281e+00 -6.689292e+00 -6.473851e+00 -9.176001e-02 -4.537839e+00
2.967447e+00 1.044047e+01 2.268163e+00 -3.162483e+00 -5.014287e+00 -1.913423e+00 4.238393e+00 -8.178092e+00
3.217296e+00 3.678566e+00 -2.108521e+00 4.036543e+00 -8.290397e+00 -1.858562e+00 2.990644e+00 -4.835958e+00
3.666892e+00 4.782016e+00 3.612907e+00 2.285844e+00 -5.494615e+00 3.108218e-01 2.144601e+00 -3.105708e+00
1.432902e+00 3.978943e+00 6.720676e-01 -2.376941e+00 -6.023382e+00 -5.022663e+00 1.108228e+00 -2.018081e+00
3.104565e+00 3.621145e+00 -4.234324e+00 4.615903e+00 -5.012117e+00 -3.772706e+00 -1.119856e+00 -2.009765e+00
2.160508e+00 5.737720e+00 -7.973076e+00 -5.903103e-02 -3.358745e+00 -3.548509e+00 2.904583e+00 -2.823732e+00
1.867741e+00 8.452745e+00 2.495146e-01 3.563638e+00 -5.013621e+00 -4.729953e+00 4.796557e-01 -2.559967e+00
8.535378e-01 3.902681e+00 -2.459865e+00 1.002222e+01 -5.954062e+00 -3.422254e-01 3.789400e-01 -5.315495e+00
1.470770e+00 6.786344e+00 1.930411e+00 2.189219e+00 -6.496063e+00 -2.180165e+00 2.928827e+00 -7.854623e+00
3.145888e+00 6.700957e+00 3.170858e+00 2.203513e+00 -2.301718e+00 -4.038477e+00 3.851965e+00 2.067711e-01
9.317090e+00 5.089331e+00 4.424632e+00 -2.708109e+00 -4.059957e+00 -4.653609e-01 6.599058e+00 -5.240177e+00
-2.009798e+00 6.740126e+00 -3.016484e-01 3.615783e+00 -5.036004e+00 -7.723003e-01 5.176813e+00 -4.866497e+00
-2.239535e-01 6.381870e+00 2.345897e+00 8.096322e-01 -2.273623e+00 -2.954212e+00 -1.745009e+00 -3.456207e+00
1.013474e+00 6.762384e+00 1.809309e+00 1.096107e+00 -1.744497e+00 -2.827484e+00 5.666859e+00 -5.924699e+00
2.248221e+00 1.992635e+00 -6.601267e-01 7.441763e-01 -5.963247e+00 -2.080449e+00 1.122954e+00 -3.251060e+00
5.875953e+00 4.407370e+00 -1.339417e+00 9.858811e-01 -3.665231e+00 -3.047616e+00 4.337954e+00 -2.439102e+00
2.774211e+00 3.679757e+00 -1.609515e+00 6.942673e-01 -8.226366e+00 -2.946696e+00 -1.270227e+00 -5.714745e+00
2.271382e+00 4.155814e+00 3.892340e+00 -3.035106e-01 -2.877758e+00 1.875288e-01 9.218559e+00 -4.925332e+00
2.873012e+00 8.062579e+00 -4.292331e-01 -3.058143e+00 -7.445193e+00 -6.771019e+00 4.102647e+00 -5.229313e+00
-1.163162e+00 2.674912e+00 -1.477686e+00 -1.011075e+00 -3.632207e+00 -2.457422e+00 1.101592e+00 -2.230058e+00
1.751329e+00 7.372060e-02 2.669733e+00 1.737352e+00 -4.584448e+00 -9.426459e-01 4.266139e+00 -8.855442e+00
2.093762e+00 4.878754e+00 3.796959e+00 9.425884e-01 -4.019664e+00 -1.321243e+00 3.161627e+00 -5.812995e+00
-4.746980e-01 7.658329e+00 1.500117e+00 4.552228e-01 -9.498302e+00 -3.335907e+00 6.168983e+00 -3.149140e+00
1.300991e+00 6.563754e+00 1.041441e+00 2.714981e+00 -5.065714e+00 -2.180777e+00 3.549671e+00 -3.775917e+00
2.695326e+00 4.233065e+00 2.256667e+00 -6.194838e-01 -9.831065e-01 -2.987207e-01 5.747150e+00 -6.084070e+00
5.007808e+00 3.289660e+00 7.894641e+00 1.768401e+00 -2.617465e+00 1.526459e+00 7.784960e+00 -6.611010e+00
3.789498e+00 7.119295e+00 2.986359e+00 1.560215e+00 -8.733002e+00 -4.142722e+00 1.205543e+00 -7.077485e+00
2.711618e+00 6.770510e+00 3.090982e+00 4.874321e+00 -4.571848e+00 -1.186057e+00 2.473011e+00 -4.039663e+00
1.128809e+00 3.856426e+00 -5.910725e-01 -3.740289e-01 2.062858e+00 -1.264781e+00 6.071014e+00 -5.454455e+00
5.278668e+00 5.067257e+00 3.697641e+00 -3.140135e+00 -4.875728e+00 -4.560046e+00 2.759210e+00 -4.591432e+00
-1.503327e+00 3.530470e+00 3.098489e+00 6.456530e+00 -3.133352e+00 -1.403945e+00 4.158493e+00 -2.078588e+00
1.281876e+00 -2.353138e+00 3.195546e+00 1.768412e-02 1.009399e+00 -3.934981e+00 4.473600e+00 -4.454465e+00
-7.054814e-01 4.655158e+00 -2.775049e+00 -3.980675e+00 -9.998413e+00 -8.117500e-01 1.817124e+00 -7.360538e+00
1.984988e+00 3.733834e+00 -1.462030e+00 4.857785e+00 -2.677037e+00 -5.843953e+00 -1.850250e+00 -2.602608e+00
-7.635641e-01 5.416331e+00 -8.477121e-02 5.551150e+00 -2.801141e+00 -4.380225e+00 1.353597e+00 7.283315e-01
1.926340e+00 2.808346e+00 3.260100e+00 3.818486e-01 -1.973240e+00 -1.234155e+00 4.756885e+00 -5.203750e+00
2.565013e+00 2.870803e+00 1.604083e+00 3.604452e+00 -5.560860e+00 -3.316161e+00 1.657442e+00 -1.391925e+00
-1.766555e+00 2.625614e+00 -5.324220e+00 7.068844e+00 -7.491058e+00 -4.964301e+00 -2.004047e+00 -5.237574e+00
2.810142e+00 4.619777e+00 3.449685e+00 6.454704e+00 -5.185683e+00 -2.488478e+00 5.892713e+00 -4.752651e+00
-8.962632e-01 5.581221e+00 2.129381e+00 6.576914e+00 -5.841493e+00 -3.774862e+00 5.659345e-02 -1.984212e+00
4.800152e+00 3.734588e+00 -1.099710e+00 2.276932e+00 -4.355535e+00 -2.285504e+00 -4.019855e+00 1.353347e+00
2.771484e+00 5.203447e+00 1.258377e+00 5.188440e-01 -1.031756e+01 -2.061321e+00 2.735437e+00 -3.543033e-01
1.114929e+00 6.763426e+00 -3.862864e+00 1.362763e+00 -2.987778e+00 -4.367668e+00 3.507947e+00 -6.168019e+00
2.177641e+00 5.042004e+00 4.729796e-01 7.363250e-01 -3.954777e+00 -1.307140e+00 1.521078e+00 -9.225400e-01
9.015748e+00 2.509530e+00 7.558111e-01 5.562869e-01 -2.886168e+00 -1.760753e+00 5.753937e-01 -3.255115e+00
5.585792e+00 3.512402e+00 -2.008781e+00 8.911020e-01 -8.795798e+00 -4.483839e+00 2.688618e+00 2.669303e+00
2.606993e+00 2.515405e+00 -6.132301e+00 7.322679e+00 -5.295255e+00 -8.024891e-01 -9.275601e-01 4.436579e-01
2.191443e+00 1.166209e+00 4.502660e+00 -5.345034e+00 -7.191788e+00 -4.188497e+00 5.117441e+00 -6.625912e+00
-1.518004e+00 2.562833e+00 -1.815211e+00 -1.409120e+00 -3.528693e+00 -4.495558e+00 3.653168e+00 -2.646080e+00
3.828094e+00 6.049293e+00 1.366784e+00 -4.630518e-01 -1.407262e+01 -3.967714e+00 5.542094e+00 -7.116759e+00
6.815610e-02 6.764314e+00 7.807565e-01 6.236096e+00 -5.089983e+00 -4.124279e+00 5.365239e-01 -4.785539e+00
4.614049e-01 5.744854e+00 -5.217164e-01 1.128489e+00 -4.410337e+00 -2.225667e+00 2.260186e+00 -1.712203e+00
7.797521e-01 3.806172e+00 6.175686e-01 1.970961e+00 -1.956621e+00 -3.693575e+00 1.279348e-01 -5.289317e+00
3.214822e+00 8.441492e+00 -5.461129e+00 -5.153731e-01 -8.439301e+00 -2.187025e+00 1.411265e+00 -2.618874e+00
5.586019e+00 5.371595e+00 -4.186061e-01 -2.215515e+00 -5.978565e+00 -5.591330e+00 -2.449977e-01 -6.309718e+00
-9.839245e-01 8.998282e+00 -3.115415e+00 2.052706e+00 -1.313417e+00 -3.425061e+00 5.748924e+00 -4.375281e+00
2.590689e+00 5.105672e+00 1.409851e+00 1.391685e+00 -5.580834e+00 -3.420042e+00 7.880460e-01 1.277780e+00
2.074525e+00 4.949495e+00 -1.813819e+00 5.821019e+00 -7.282528e+00 -3.244620e+00 1.229597e-01 -4.771289e+00
3.476668e-01 4.522899e+00 -2.887485e+00 4.848687e+00 -5.573063e+00 -2.469142e+00 -7.684880e-01 -5.317071e+00
3.265149e-01 6.529907e+00 4.703896e-01 2.674696e+00 -8.593692e+00 -3.160846e+00 1.856027e+00 -7.062019e+00
7.980854e+00 8.026235e+00 5.783766e+00 1.950497e+00 -2.897577e+00 2.893315e-01 3.326821e+00 -7.897428e+00
3.989261e+00 1.525559e+00 -1.550380e+00 3.497826e+00 -1.124054e+01 -6.536782e+00 -5.642128e-01 -1.862628e+00
7.203568e+00 4.930622e+00 2.126339e+00 -6.534837e+00 -9.728183e+00 -2.560457e+00 6.614139e-01 -5.438657e+00
-1.128263e+00 6.447018e+00 -2.615747e+00 3.748316e-01 -7.020289e+00 -4.320757e+00 2.827526e-01 -4.014106e+00
2.336798e-01 2.255213e+00 -2.700626e+00 4.414609e+00 -7.271213e+00 -3.072670e+00 1.535140e+00 -2.824857e+00
3.697845e-01 5.086477e+00 2.302131e+00 -1.690990e+00 -6.900169e+00 -3.659013e+00 4.863287e+00 -7.175653e+00
-6.471945e-02 5.436281e+00 5.462605e-01 -1.165079e+00 -1.902458e+00 -3.542029e+00 3.272950e+00 -1.142093e-01
2.638513e+00 4.640941e+00 3.221925e-01 1.380268e+00 -6.833195e+00 -1.677020e+00 4.835282e+00 -5.261133e+00
3.439703e+00 6.150800e+00 1.099933e+00 1.097107e+00 -6.142999e+00 -2.114145e+00 5.922365e+00 -6.521967e+00
4.560618e+00 3.313014e+00 3.012571e+00 3.347660e+00 -6.261341e+00 -2.905667e+00 2.460811e+00 -4.562050e+00
4.452234e+00 5.239546e+00 2.521910e+00 4.751880e+00 -3.938756e+00 -2.326671e+00 3.592519e+00 -5.426229e+00
-1.241952e+00 4.713970e+00 2.054093e+00 -1.620731e+00 -4.112889e+00 -1.358334e+00 4.229200e+00 -7.538612e+00
1.553670e+00 2.627405e+00 4.509664e+00 -2.060080e+00 -1.492614e+00 -2.883230e+00 4.817194e+00 -8.379597e+00
1.885738e+00 4.467121e+00 2.834113e+00 4.302074e+00 -4.170644e+00 -3.626373e+00 8.145576e-01 -2.973859e+00
1.598902e-01 4.757700e+00 -1.529046e+00 2.751374e+00 -4.727924e+00 -1.177646e+00 7.487712e-02 1.009742e+00
-2.674674e-01 5.506788e+00 -2.384155e+00 1.956246e+00 -1.073686e+01 -4.375907e+00 1.911286e+00 -4.138642e+00
2.350883e+00 4.901343e+00 -4.023266e+00 -2.979416e+00 -9.734980e+00 -6.161480e+00 4.106800e+00 -7.506897e+00
8.014990e-01 7.315907e+00 -2.549935e+00 7.570917e+00 -5.838135e+00 -3.673417e+00 2.910216e+00 -5.037687e+00
2.590313e+00 5.708818e+00 -3.090384e+00 5.242078e+00 -7.933954e+00 -3.137701e+00 6.131279e+00 -3.716470e+00
2.768303e+00 4.188549e+00 -1.326310e+00 -1.390470e+00 -8.403496e+00 -3.965297e+00 4.298878e+00 -4.883540e+00
5.382235e+00 6.882905e+00 3.258252e+00 1.355306e+00 -6.512581e+00 -3.977037e+00 3.018588e+00 -5.732320e+00
9.543499e-01 4.853062e+00 2.489674e+00 -1.288087e+00 -4.314013e+00 -3.703711e+00 3.558599e+00 -5.535248e+00
4.231412e+00 5.243864e+00 3.433835e+00 -2.593315e+00 -7.291369e+00 -3.149681e+00 4.860013e+00 -6.952050e+00
5.800659e+00 3.068215e+00 -7.067409e-03 -3.669797e-01 -3.060867e+00 -3.348819e+00 7.285133e+00 -5.173308e+00
7.878959e-01 6.272637e+00 -2.441310e+00 3.138049e+00 -5.104260e+00 -3.368952e+00 4.834068e+00 -5.783181e+00
2.142115e-01 5.374896e+00 3.831871e+00 2.616202e+00 -3.850140e+00 -1.667046e+00 2.601279e+00 -2.136627e+00
1.695507e-02 3.672848e+00 1.767192e+00 4.518668e+00 -5.084430e+00 -1.210000e-01 3.317492e+00 -2.932999e+00
2.218645e+00 1.767952e+00 3.960756e+00 -1.050048e+00 -7.950196e+00 -3.135893e+00 2.594617e+00 1.640891e-01
2.756090e+00 5.651576e+00 2.328223e+00 1.585604e+00 -6.448723e+00 -4.737702e+00 3.519263e+00 -3.749300e+00
7.401979e+00 6.334600e+00 -2.003510e+00 -3.470575e+00 -4.598422e+00 -2.465168e+00 2.598933e+00 -4.787176e+00
4.995346e+00 3.603948e+00 4.356543e-01 -8.569131e-01 -1.780110e+00 -1.841422e+00 3.331528e+00 -6.021914e+00
1.327919e+00 5.457215e+00 3.010335e-01 -1.590637e+00 -6.710654e+00 -3.928118e+00 3.377440e+00 -5.437406e+00
3.057266e+00 5.703137e+00 -4.448675e-01 -3.097405e+00 -3.938815e+00 -6.725015e+00 5.825401e+00 -6.406547e+00
3.228289e+00 4.290390e+00 1.998205e+00 3.575056e+00 -5.423830e+00 -2.675389e+00 3.745386e+00 -4.779852e+00
3.271276e+00 2.580380e+00 1.762562e-01 7.612618e-02 -5.405089e+00 -5.224439e+00 3.625962e+00 -4.408076e+00
4.489543e+00 5.296813e+00 8.781962e-01 3.299567e+00 -1.949704e+00 -3.455801e+00 4.249390e-01 -5.882419e+00
2.608678e+00 4.348719e+00 -2.530188e+00 6.816482e+00 -3.217680e+00 -1.573098e+00 1.419486e+00 -4.722812e+00
2.005859e+00 6.022390e+00 -1.014119e+00 -8.600946e-01 -6.238418e+00 -6.041170e+00 6.343950e-01 -6.679324e+00
9.953951e-01 8.040904e+00 -2.735994e+00 3.180150e+00 -8.241403e+00 -7.078374e+00 1.289932e+00 -4.409396e-01
2.163656e+00 1.045197e+00 -3.439819e-01 -8.490912e-01 -8.185636e+00 -4.894241e+00 -6.494937e-01 -2.096215e+00
1.760945e+00 -1.063328e+00 -4.671062e+00 -3.484037e+00 -7.081774e+00 -3.464211e+00 9.803037e-01 -2.124336e+00
-8.148866e-01 -1.536623e-01 -7.032376e-01 6.354889e+00 -6.093984e+00 2.128087e+00 -1.157258e+00 -5.162004e+00
2.650912e+00 -8.847022e-03 -7.116249e-01 1.641961e+00 -4.140714e+00 -3.607015e+00 2.249418e-01 -4.134244e+00
-1.735376e+00 4.857930e+00 -3.685029e-01 3.597130e+00 -7.398032e+00 -5.720104e+00 2.484122e-01 -6.571793e+00
4.209220e-01 4.875650e+00 5.608107e+00 4.334263e-02 -6.717687e+00 -7.616421e+00 1.528965e-01 -1.071785e+00
4.868221e+00 3.142978e+00 3.361630e+00 -4.339700e+00 -8.703297e+00 -4.407870e+00 1.516830e+00 -7.446411e-01
1.966719e+00 4.588438e+00 7.014501e-01 6.988325e-01 -9.267930e+00 -4.984219e+00 -8.330352e-01 -1.951093e+00
8.526406e+00 7.704909e+00 -4.069901e-01 -3.785594e+00 -1.237322e+01 -6.013544e+00 -3.018815e+00 2.712724e-01
8.893238e+00 2.994333e+00 -3.349953e+00 -3.281673e+00 -8.436814e+00 -5.857363e+00 2.435747e+00 -4.146890e+00
2.263105e+00 5.102877e+00 1.467809e+00 -1.846222e+00 -3.771717e+00 -3.176344e+00 4.679644e+00 -5.528451e+00
2.841417e+00 7.920967e+00 -1.040226e+00 7.624033e-01 -8.092142e+00 -2.611882e+00 1.373636e+00 -3.925290e+00
7.305386e+00 3.739020e+00 2.753754e-01 8.465367e+00 -1.282565e+01 -2.930476e+00 -1.480255e+00 1.263030e+00
3.812104e+00 5.055956e+00 4.012133e+00 2.766284e-01 -3.807709e+00 -5.080767e+00 3.948106e+00 -1.665349e+00
-1.981807e+00 7.624372e+00 -5.509288e-01 5.749701e-01 -7.272161e-01 -3.729414e+00 2.266492e+00 -9.125775e+00
-8.963927e-01 5.284133e+00 -9.901784e-01 8.363131e-01 -1.745998e+00 -1.826571e+00 3.232933e+00 -8.185501e+00
8.575193e-01 5.888873e+00 -2.723279e+00 6.387904e+00 -3.950057e+00 -4.896803e+00 -5.802596e-02 -8.493814e+00
9.787626e-01 7.908561e+00 -5.204641e+00 4.392976e+00 -3.380586e+00 -2.519990e+00 -1.033582e+00 -5.375589e+00
3.707987e+00 2.879322e+00 2.536620e+00 6.071494e-01 -1.491764e+00 -3.594158e+00 5.562683e+00 -3.112877e+00
7.604470e+00 7.016640e+00 1.097976e+00 -8.097134e-01 -4.132830e+00 -5.522598e+00 1.801181e+00 -4.766986e+00
4.890958e+00 -7.000345e-01 5.895377e-01 -2.433300e+00 -1.142106e+01 -5.500167e+00 -1.007022e+00 -1.718974e+00
-4.983177e-01 4.390901e+00 3.918152e+00 5.290288e+00 -3.257526e+00 -3.798350e+00 -1.482401e+00 -4.181969e+00
3.950797e+00 2.888778e+00 -4.809271e-01 1.159987e+00 -7.986744e+00 -2.744854e+00 1.927614e+00 -3.985608e+00
6.003702e+00 5.184848e+00 6.517824e-01 3.484844e+00 -4.486586e+00 -2.362803e+00 1.076832e+00 -3.801576e+00
2.482569e+00 1.544491e+00 1.381194e-01 -1.771956e+00 -6.958331e+00 -4.983677e+00 9.426716e-01 -3.207763e+00
5.194146e+00 5.234489e+00 7.685956e-01 5.725162e-01 -4.613045e+00 -5.885658e+00 -5.135180e-01 -2.982518e+00
-2.011024e+00 4.488467e+00 -1.593006e+00 -6.236573e-01 -6.746818e+00 -5.848078e+00 3.198932e+00 -4.578587e+00
-1.304699e+00 2.800893e+00 7.035849e-01 2.679595e+00 -3.525822e+00 -2.251338e+00 2.686344e+00 -5.285582e+00
