2.626823e+00 -4.962083e+00 4.025139e+00 3.957795e+00 6.689426e-03 -7.138898e-01 1.128195e-01 3.146812e+00
4.468063e+00 -5.153167e+00 5.054949e+00 4.272357e+00 3.511963e+00 2.037548e-01 9.291688e-01 5.977640e+00
-1.460933e+00 -1.244267e+01 1.051345e+00 3.408888e+00 5.232358e+00 -7.941365e+00 -1.043769e+00 6.261375e-01
-1.723762e+00 -1.035776e+01 2.118183e+00 4.681252e+00 6.549967e+00 -7.989028e+00 -1.703920e+00 1.036235e+00
-1.545645e+00 -4.809616e+00 2.628107e+00 1.063796e+01 7.569710e+00 -5.311796e+00 3.555058e-02 1.740407e+00
-3.497336e+00 -7.280641e+00 1.948361e+00 9.995181e+00 7.146456e+00 -6.685493e+00 2.331418e+00 -5.345397e+00
4.452380e+00 -8.250650e+00 -9.532943e-01 2.429487e+00 4.109801e+00 -4.426515e+00 3.566460e-01 5.047380e+00
4.399959e+00 -3.532533e+00 1.072487e+00 4.699346e+00 -8.227075e-01 -2.085441e+00 -3.715244e+00 3.767268e+00
1.264016e+00 -7.463711e+00 6.278590e+00 -9.134959e-01 4.586412e+00 -4.847330e+00 3.656379e+00 -1.352130e+00
-1.756486e+00 -6.817028e+00 7.890222e-01 5.456802e+00 6.035833e+00 -1.896652e+00 -1.328054e+00 1.003470e+00
-4.472301e+00 -7.597082e+00 1.420218e+00 9.100097e+00 8.250548e-01 -1.853781e+00 5.227371e+00 -5.763706e+00
-3.946664e+00 -3.493110e+00 2.454589e-01 7.195996e+00 7.171901e-01 -4.864503e-01 3.147888e+00 -3.245579e+00
-1.626283e+00 -5.494247e+00 1.937880e+00 3.504339e+00 2.090307e+00 -3.985944e+00 3.266693e+00 -3.984411e+00
-1.830533e+00 -9.859125e+00 2.116151e-01 4.359366e+00 1.611547e+00 -2.134180e+00 3.505917e+00 -2.650094e+00
-6.474125e+00 -6.660523e+00 8.720654e-01 9.105572e+00 5.701020e+00 -1.524124e+00 3.159457e+00 -7.484781e+00
-3.916917e+00 -5.207979e+00 2.917850e+00 1.119711e+01 3.795228e+00 -1.749568e+00 1.178259e+00 -8.999795e+00
1.377848e+00 -6.266917e+00 1.350906e+00 5.737012e+00 -1.014726e+00 -2.397604e+00 3.178838e+00 -2.323082e+00
-6.089455e-01 -7.323935e+00 -8.111260e-01 7.478880e+00 -4.400617e-01 -1.853760e+00 6.134992e+00 3.496877e-01
-3.490816e+00 -8.396553e+00 -3.063612e+00 9.156668e+00 3.448253e+00 -4.197941e+00 3.691797e+00 -3.019580e+00
-1.275298e+00 -7.692503e+00 -3.135839e+00 7.921576e+00 -2.214090e-03 -5.006448e+00 2.004133e+00 -4.569175e+00
-3.886368e+00 -6.641044e+00 3.225120e+00 8.084802e+00 1.710671e-01 -2.445283e+00 5.720352e+00 -1.166418e+01
-1.897869e+00 -6.989371e+00 5.241598e+00 9.879967e+00 1.203095e+00 -6.090954e+00 2.963500e+00 -1.083700e+01
-2.780679e+00 -4.789186e+00 4.048560e+00 1.117119e+01 2.480367e+00 -3.156691e+00 3.958331e-01 -9.049514e+00
-4.142056e+00 -7.035978e+00 3.040807e+00 1.119105e+01 -1.303622e-01 -6.470236e+00 1.170970e+00 -1.086957e+01
1.471171e+00 -7.646536e+00 4.220148e-01 4.039779e+00 2.530902e+00 -3.208211e+00 4.607777e+00 -7.356855e+00
-1.104691e+00 -6.871478e+00 2.568076e+00 6.408626e+00 2.968842e+00 9.199806e-01 5.278766e+00 -8.668788e+00
-3.782764e-01 -9.511049e+00 -3.941428e+00 7.100011e+00 1.020356e+00 -7.022384e+00 -7.746067e-01 -9.037241e+00
1.024752e-02 -1.006393e+01 -3.393307e+00 5.998113e+00 -1.056926e+00 -8.292655e+00 1.527762e+00 -8.763629e+00
-6.734411e+00 -7.261743e+00 3.234673e+00 1.290523e+01 -3.237710e+00 -4.135660e-01 8.141705e+00 -9.999985e+00
-5.189897e+00 -4.978454e+00 3.990160e+00 1.080815e+01 1.000035e+00 -3.066178e+00 9.581415e+00 -9.527218e+00
-1.665238e+00 -8.886962e+00 6.475312e-01 1.200750e+01 -2.104859e+00 -6.840461e+00 2.358788e+00 -3.876537e+00
-2.510581e+00 -6.949855e+00 1.198450e+00 1.363199e+01 -8.057583e-01 -1.077077e+01 -2.492282e-01 -6.291922e+00
-2.891746e+00 -4.260840e+00 4.863728e+00 1.012497e+01 1.757746e+00 -2.696992e+00 8.728942e+00 -1.002996e+01
-1.339497e+00 -3.674004e+00 5.624703e+00 8.778764e+00 2.493708e+00 -1.414140e+00 7.338533e+00 -8.374171e+00
-2.856211e+00 -8.502346e+00 -2.050174e+00 5.466385e+00 3.697416e-01 -3.401594e+00 1.224084e+00 -1.617515e+01
-1.198633e+00 -5.924399e+00 3.928257e+00 1.054027e+01 2.050093e+00 -4.949592e+00 -5.479827e-01 -1.031981e+01
4.700768e-01 -8.347580e+00 -1.331377e+00 5.247113e+00 5.919656e-01 -2.654712e+00 5.695659e-01 -6.204764e+00
-2.070104e+00 -7.803688e+00 3.465904e+00 6.061394e+00 -4.440421e-01 -3.315199e+00 3.616093e+00 -1.041881e+01
-1.505499e+00 -3.088285e+00 -9.579984e-01 5.777293e+00 6.326616e-01 -2.342116e+00 2.319381e+00 -4.576943e+00
-1.166385e+00 -3.404993e+00 9.851638e-01 8.428928e+00 9.618945e-01 -2.168977e+00 4.076117e+00 -2.263521e+00
-3.033317e+00 -8.587336e+00 3.177139e+00 3.829990e+00 2.637155e+00 -7.269379e+00 3.867844e+00 -9.506259e+00
-1.290335e+00 -9.868507e+00 5.004274e+00 4.832934e+00 4.859685e+00 -5.198815e+00 7.296880e+00 -8.001239e+00
-5.074069e+00 -2.509033e+00 6.893173e+00 4.909314e+00 3.625753e+00 -6.106272e+00 4.884927e+00 -1.341718e+01
3.583821e-01 -8.192203e+00 3.770158e+00 5.832640e+00 -1.175763e+00 -7.939505e+00 2.405590e+00 -1.262778e+01
-3.785432e+00 -5.926395e+00 7.985958e-01 1.921943e+00 -3.831336e-01 -3.139531e+00 3.540275e-02 -1.108894e+01
-2.038564e+00 -6.758732e+00 3.962211e+00 6.325352e+00 -1.556399e+00 -5.771535e+00 1.582638e+00 -1.080659e+01
-1.317008e-01 -7.134648e+00 -2.252832e-01 1.360704e+01 1.731377e+00 -6.651495e+00 2.178531e-01 -6.889817e+00
6.763361e-01 -7.272994e+00 -2.315249e+00 1.249160e+01 -1.023823e+00 -6.146635e+00 -5.231474e-01 -9.230112e+00
-2.375654e+00 -7.378905e+00 3.660532e+00 8.769273e+00 3.835666e+00 -4.289880e+00 3.096814e+00 -9.531466e+00
-4.236837e+00 -8.569585e+00 5.105414e+00 8.112934e+00 1.663510e+00 -6.402985e+00 1.729600e+00 -1.047502e+01
4.189613e-01 -6.766472e+00 8.521470e-01 8.651453e+00 4.666815e+00 -6.111185e+00 2.381426e+00 -5.195948e+00
-6.402868e+00 -9.074789e+00 3.010047e+00 1.093376e+01 2.360791e-01 -4.074602e+00 4.902516e+00 -4.707204e+00
-4.753295e+00 -6.642943e+00 2.641382e+00 6.021598e-01 3.144229e+00 4.103413e+00 5.809524e+00 -1.441704e+00
-4.237330e+00 -7.182406e+00 3.226910e-01 5.681724e+00 9.304854e+00 6.647704e-01 4.386435e+00 -6.018740e+00
9.160443e-01 -9.900770e+00 -6.208237e-01 1.042996e+01 3.916236e-01 -7.661787e+00 2.097099e+00 -8.602569e+00
-2.819432e-01 -1.021939e+01 2.818597e-01 9.207043e+00 1.460172e+00 -7.880891e+00 4.473985e+00 -8.068746e+00
-1.965509e+00 -7.073514e+00 -1.180310e+00 1.025321e+01 -7.627026e-01 9.154868e-01 5.169229e+00 -6.019693e+00
-6.373513e+00 -6.208799e+00 -2.222877e+00 8.262482e+00 -2.382423e+00 2.219093e-01 5.758786e+00 -3.240633e+00
-2.050611e+00 -6.861081e+00 -8.828036e-01 8.836075e+00 3.658368e-01 -6.020494e+00 5.973129e-01 -8.255524e+00
-4.460994e+00 -1.066837e+01 -1.470847e+00 1.020572e+01 -1.970217e-01 -8.161677e+00 1.713782e+00 -8.772850e+00
-4.852213e+00 -8.445731e+00 4.121355e+00 7.802135e+00 8.625415e-01 -3.029302e+00 6.918380e+00 -1.138221e+01
2.142811e+00 -8.922980e+00 3.739455e+00 6.162288e+00 3.937525e+00 -5.056423e+00 2.606754e+00 -9.613567e+00
6.827641e-01 -6.814460e+00 -1.648876e-01 3.148335e+00 -3.271005e-01 -4.163073e+00 4.415519e+00 -7.354129e+00
-9.246660e-02 -4.119981e+00 2.961538e+00 2.958457e+00 5.334605e-01 -2.242188e+00 6.888704e-01 -7.692840e+00
-2.301327e+00 -5.491369e+00 6.405766e-01 4.622907e+00 4.123925e+00 -2.714863e+00 3.974843e+00 -7.059054e+00
-3.598348e+00 -1.403244e+01 -4.693863e+00 4.639772e+00 3.449077e+00 -8.452066e+00 6.739818e+00 -3.872766e-01
5.868177e-01 -7.683422e+00 1.162738e+00 7.753909e+00 4.143595e-02 -4.734841e+00 3.896820e+00 -1.162600e+01
-3.515407e+00 -8.234996e+00 2.309339e-01 7.017634e+00 2.322503e-01 -5.271348e+00 4.974319e+00 -1.106531e+01
-2.914028e+00 -5.976167e+00 -2.090256e+00 9.110188e+00 -5.366715e+00 -2.589221e+00 5.038572e+00 -5.523177e+00
-4.291560e+00 -6.976183e+00 -1.998499e+00 7.423005e+00 4.438383e-01 -2.619787e+00 5.006749e+00 -5.537064e+00
-3.678068e+00 -7.039658e+00 5.376894e+00 1.456057e+01 7.509379e-01 -8.337471e-01 6.314568e+00 -1.059908e+01
-9.187473e-01 -4.773859e+00 4.286413e+00 1.078020e+01 1.974282e+00 -4.712205e+00 2.824818e+00 -9.638487e+00
-2.689333e+00 -5.070601e+00 -2.676471e+00 1.822847e+01 -2.499929e+00 1.076552e+00 3.528934e+00 -7.888092e+00
-2.038743e+00 -7.927712e+00 -2.263294e+00 1.870432e+01 -4.218690e+00 1.183692e+00 5.466242e+00 -8.608484e+00
-2.246172e+00 -5.165782e+00 3.748315e-01 1.249429e+01 -2.176693e+00 -1.472660e+00 4.250872e+00 -7.644292e+00
1.698200e-01 -4.450919e+00 3.544467e-01 1.393135e+01 -3.133666e+00 -1.934144e+00 2.711211e+00 -4.170252e+00
1.549710e+00 -7.927216e+00 6.085576e+00 1.405816e+01 3.344343e+00 -2.127068e+00 4.760372e+00 -7.786864e+00
1.986201e+00 -1.112540e+01 4.677028e+00 1.355699e+01 2.966407e+00 -2.855430e+00 4.133396e+00 -1.021222e+01
-1.553260e-01 -6.170912e+00 -2.093464e-01 9.080607e+00 -5.984380e+00 -7.803249e-01 2.958036e+00 -1.057425e+01
-1.863815e+00 -6.755709e+00 -6.261023e-02 9.738287e+00 -5.736374e+00 2.700132e+00 4.325162e+00 -8.976640e+00
-2.865601e+00 -6.604128e+00 2.518050e+00 1.188393e+01 9.153520e-01 4.739341e+00 1.899413e+00 -7.236366e+00
-2.748953e+00 -7.137913e+00 5.129225e-01 8.340529e+00 -3.070995e-01 -1.619559e-01 -6.696489e-01 -7.478563e+00
-2.400475e+00 -7.062800e+00 4.766191e+00 2.040331e+01 3.573249e+00 -7.991748e-01 8.470834e-01 -4.404719e+00
-7.749281e-01 -6.671664e+00 6.553998e+00 1.822668e+01 1.078259e+00 -1.740154e+00 9.117997e-01 -3.363081e+00
-1.569047e+00 -5.883232e+00 -2.271345e+00 9.040403e+00 -1.638513e+00 -9.763991e-02 5.979941e+00 -5.699431e+00
5.794547e-01 -6.222562e+00 -1.862950e-01 1.098344e+01 1.136558e+00 1.164470e+00 4.764257e+00 -4.782009e+00
-3.404816e+00 -6.099334e+00 -8.442848e-01 1.423591e+01 -4.465939e+00 -3.087240e+00 3.772434e+00 -9.114281e+00
-5.520307e+00 -7.145070e+00 -3.647339e-01 1.082407e+01 -1.357856e+00 -5.880650e+00 3.658516e+00 -1.037974e+01
-2.558520e+00 -8.750394e+00 1.819065e-01 1.225679e+01 -1.272735e+00 -2.687530e+00 5.122546e+00 -1.085899e+01
-4.374668e+00 -9.934205e+00 -1.958258e-01 1.053675e+01 -2.607465e+00 -7.415491e-01 5.545003e+00 -1.063866e+01
-3.574918e-02 -9.510089e+00 3.884853e+00 1.824737e+01 1.157823e+00 -5.262761e+00 8.425075e+00 -8.111400e+00
-9.172536e-01 -9.769046e+00 2.562314e+00 1.884696e+01 2.941159e-01 -2.236401e+00 9.043789e+00 -8.029207e+00
-3.357083e+00 -9.705451e+00 -1.464404e+00 1.747327e+01 -4.812018e+00 -2.060900e+00 -1.388888e+00 -6.300272e+00
-7.446036e+00 -7.709613e+00 2.331107e+00 1.685846e+01 1.671805e+00 -2.162906e+00 1.630641e+00 -6.780457e+00
-5.873779e+00 -5.110506e+00 1.999897e+00 1.348565e+01 1.518731e+00 2.559934e+00 4.479996e+00 -7.867360e+00
-6.136327e+00 -1.025690e+01 1.750179e+00 1.748783e+01 1.151313e+00 5.671253e-01 3.878682e-01 -6.280124e+00
-3.935488e-01 -5.110135e+00 6.000092e-02 1.171889e+01 -6.464835e-01 -8.068559e-01 1.534406e+00 -7.507228e+00
-4.268195e-01 -4.910152e+00 2.124934e+00 9.510118e+00 -3.307385e+00 -1.606055e+00 3.470015e+00 -7.538615e+00
-3.788422e+00 -5.943602e+00 3.822432e-01 1.150311e+01 -3.449222e+00 6.683306e-01 4.608566e+00 -6.154322e+00
-4.252411e+00 -7.747756e+00 -1.091667e+00 1.445831e+01 -3.198735e+00 3.116751e+00 6.071078e+00 -9.002869e+00
-1.136260e+00 -7.419871e+00 -1.060725e+00 1.310070e+01 -3.484332e+00 1.898370e-01 1.435157e+00 -6.589750e+00
2.532744e-01 -7.278502e+00 6.311800e-01 1.216199e+01 -1.284949e+00 6.211631e-01 3.467262e-01 -8.506300e+00
-5.104978e+00 -4.191442e+00 1.231420e+00 1.701810e+01 -1.285206e+00 -2.804554e-01 3.903524e+00 -6.300543e+00
-6.992259e+00 -6.391586e+00 1.834348e+00 1.771295e+01 -1.354345e+00 -2.885169e+00 1.457659e+00 -8.875241e+00
-2.194903e+00 -8.309965e+00 -1.605071e+00 1.384051e+01 -6.972267e+00 -4.793208e+00 6.749789e+00 -6.946860e+00
-4.569708e+00 -8.723526e+00 8.330420e-01 1.215564e+01 -9.287194e+00 -5.801445e+00 3.133289e+00 -1.138010e+01
-5.333088e+00 -9.818912e+00 -2.051333e-01 1.610918e+01 -5.291100e-01 -5.032274e+00 4.121691e+00 -6.177692e+00
-3.693202e+00 -7.925960e+00 -2.198153e-01 1.589249e+01 -1.219156e+00 -2.072696e+00 4.492935e+00 -4.058304e+00
-1.487528e+00 -6.972240e+00 1.564438e+00 1.234342e+01 3.666299e-02 -5.141502e+00 5.692301e+00 -6.727458e+00
4.263424e-01 -8.751177e+00 -9.602056e-01 1.093100e+01 -7.156170e-01 -4.426450e+00 3.884507e+00 -7.140917e+00
-1.615089e+00 -7.467168e+00 3.042014e+00 1.476517e+01 -1.936947e+00 -3.667816e+00 6.042167e+00 -1.054379e+01
-3.721653e+00 -5.825616e+00 1.644931e+00 1.296356e+01 -3.069613e+00 -5.211656e+00 2.346173e+00 -7.244887e+00
-1.143527e+00 -4.120316e+00 -6.086325e+00 1.286753e+01 -2.827385e+00 1.601419e+00 -2.778653e+00 -6.792688e+00
-4.161143e+00 -2.299838e+00 5.959184e-01 1.392399e+01 -1.148738e+00 -4.909435e+00 1.194579e+00 -7.179747e+00
-2.426398e+00 -8.409824e+00 1.840245e+00 1.978443e+01 -4.420855e+00 -2.828427e+00 7.681800e-01 -8.858638e+00
-4.666187e+00 -8.635326e+00 1.726770e+00 2.060522e+01 -3.172996e+00 -7.006184e-01 9.015463e-01 -7.749365e+00
-3.952148e+00 -1.043857e+01 3.623597e-01 1.356959e+01 -3.058981e+00 -5.837487e+00 3.829670e+00 -1.235386e+01
-4.101888e+00 -1.101151e+01 -2.619339e+00 1.755116e+01 -6.396039e-01 -8.700791e+00 2.511057e+00 -1.078406e+01
-1.502869e+00 -4.436186e+00 2.778872e+00 2.224327e+01 -2.798029e-01 -2.457281e+00 -3.211228e-01 -4.288962e+00
-1.652971e+00 -5.818996e+00 1.558426e+00 1.596391e+01 -4.078837e+00 -1.428047e+00 -3.335187e-01 -1.037512e+00
-5.502655e-01 -3.937419e+00 5.212535e+00 1.236302e+01 2.526202e+00 -1.955248e+00 4.988318e+00 -5.140891e+00
-4.466243e+00 -2.573992e+00 1.929671e+00 1.446383e+01 2.998894e+00 1.481682e+00 5.015955e+00 -4.616109e+00
-8.009266e+00 -1.504551e+01 9.539614e-01 1.939547e+01 -4.032076e+00 -7.216404e+00 6.376372e-01 -1.397702e+01
-7.961823e+00 -1.171229e+01 5.232009e+00 1.496981e+01 1.266400e+00 -2.414585e+00 -2.116701e-01 -1.129681e+01
-2.876178e+00 -8.570500e+00 -2.755115e+00 1.235584e+01 1.233450e+00 -2.031554e+00 2.554490e+00 -1.005030e+01
-3.232228e+00 -8.021013e+00 -5.136614e+00 1.308005e+01 1.822534e+00 -4.112828e+00 1.278506e+00 -1.306576e+01
-1.547082e+00 -1.012971e+01 7.148180e-01 1.857538e+01 -1.253429e+00 -3.650505e+00 -3.710850e-02 -7.919769e+00
-5.951854e-01 -1.116877e+01 -2.168011e+00 2.010249e+01 -2.639815e+00 -6.857137e+00 -1.849573e+00 -8.687769e+00
-6.928875e-01 -3.275262e+00 4.610694e+00 1.645090e+01 -5.890274e+00 2.236314e+00 3.405506e+00 -6.057323e+00
-1.239902e+00 -2.999240e+00 4.981652e+00 1.718282e+01 -5.009450e+00 3.429935e+00 3.459473e+00 -8.143568e+00
-1.396380e-01 -4.805275e+00 4.108256e+00 4.195992e+00 2.541771e+00 -2.802257e+00 3.582662e+00 -7.353169e+00
-1.407241e+00 -9.423300e+00 7.523315e-01 6.812640e+00 2.328945e+00 -4.314454e+00 1.687837e+00 -1.258512e+01
-3.316679e+00 -6.941823e+00 2.505981e+00 7.145219e+00 1.190397e+00 -5.721943e+00 2.077956e+00 -7.695295e+00
-8.311641e-01 -1.089343e+01 -4.669789e+00 2.696815e+00 3.631729e+00 -7.043500e+00 -1.655611e+00 -4.639448e+00
-5.564844e-01 -4.882758e+00 -6.243073e-01 8.659094e+00 1.261497e+00 -1.471810e+00 -1.020967e-01 -5.771355e+00
1.370183e+00 -4.272982e+00 -5.939516e-01 1.057205e+01 -1.387509e+00 -4.997943e+00 -9.482585e-02 -9.524082e+00
-1.760877e+00 -3.253087e+00 -1.596499e+00 5.860705e+00 3.063820e+00 -1.620027e+00 2.055519e+00 -7.790601e+00
1.932940e-01 -8.467538e+00 4.461515e+00 1.159989e+01 2.890784e+00 -4.398783e+00 4.068543e+00 -5.001887e+00
3.824462e-01 -7.554021e+00 -3.222541e+00 7.654183e+00 2.990404e+00 -7.939587e+00 -5.098166e-01 -6.623772e+00
-5.410069e+00 -8.758749e+00 -8.113684e-01 1.563727e+01 -5.339183e+00 -3.580108e+00 1.871120e+00 -1.038228e+01
-1.395774e+00 -1.037759e+01 -2.195733e+00 8.265265e+00 1.386428e+00 -6.303741e+00 -1.089841e+00 -5.403109e+00
-5.547985e+00 -2.655558e+00 6.588511e+00 9.977066e+00 2.319751e+00 1.869674e+00 7.992896e+00 -6.484281e+00
2.131226e-01 -5.099438e+00 -3.073779e+00 1.040664e+01 -1.475294e+00 -1.032702e+00 3.695839e-01 -3.492995e+00
-1.005270e+00 -6.085107e+00 3.136506e-01 8.330764e+00 6.824927e+00 -3.995844e+00 2.203496e+00 -8.818881e+00
5.254077e-01 -7.135477e+00 8.412544e-01 4.850068e+00 3.352200e-01 -8.007982e+00 1.829536e+00 -5.205985e+00
-4.820723e+00 -8.119655e+00 6.174730e+00 8.204312e+00 2.167371e+00 -1.439986e+00 6.447191e+00 -8.593838e+00
-7.565738e-01 -3.621671e+00 5.864331e-01 8.468857e+00 7.696608e-01 -4.235249e+00 4.992582e+00 -8.057513e+00
-4.011787e-01 -9.726690e+00 2.726097e-01 1.125471e+01 4.911381e+00 -4.314008e+00 6.275001e+00 -5.965014e+00
-2.173025e+00 -1.087005e+01 3.360810e+00 6.734437e+00 -1.176422e+00 -7.312395e+00 2.688812e+00 -8.215771e+00
-2.168735e+00 -4.709614e+00 1.519398e+00 1.430579e+01 -1.150522e+00 -4.203981e+00 1.282749e+00 -9.188568e+00
-3.621036e+00 -3.699960e+00 5.324491e+00 6.506684e+00 1.538914e+00 -8.541456e-01 6.431913e+00 -9.348642e+00
-2.684590e+00 -7.874051e+00 -1.256401e+00 5.988910e+00 -7.963267e-01 -2.527888e+00 5.729998e+00 -8.297242e+00
-4.996409e+00 -1.099321e+01 4.404908e+00 1.471762e+01 2.559460e+00 -7.190127e+00 4.349612e+00 -9.263555e+00
-2.635137e+00 -9.304605e+00 3.098180e+00 6.924249e+00 3.912399e+00 -3.737653e+00 3.173875e+00 -8.265545e+00
8.441775e-01 -2.243117e+00 -6.216388e-02 7.952107e+00 -1.357261e-01 4.384711e-01 -4.902469e-03 -9.282397e+00
-3.784615e+00 -8.947691e+00 2.981203e+00 8.329236e+00 -1.815439e+00 -5.867917e+00 5.720536e+00 -9.783213e+00
-3.798970e+00 -7.830128e+00 1.773898e-01 1.225038e+01 -8.813204e-01 -5.387924e+00 1.998192e+00 -7.442746e+00
-1.788595e+00 -4.886974e+00 9.264651e-01 7.609018e+00 1.982876e+00 -2.429574e+00 1.178963e+00 -6.428940e+00
-1.991412e+00 -1.086517e+01 3.438977e+00 7.170428e+00 1.648578e+00 -6.766468e+00 3.726463e+00 -9.599029e+00
-1.432072e+00 -6.863340e+00 -1.657404e+00 9.289757e+00 -7.996386e+00 -1.901909e+00 2.410516e+00 -1.087506e+01
-3.522037e+00 -4.172765e+00 1.197436e+00 1.550876e+01 -1.401277e+00 1.687789e+00 4.231390e+00 -4.659335e+00
-1.644238e+00 -8.112062e+00 -2.042213e+00 1.152370e+01 -7.419164e+00 -1.813167e+00 5.906680e+00 -5.518131e+00
-2.454701e+00 -7.943947e+00 -7.536513e-01 8.655466e+00 -1.812048e+00 -3.999261e+00 4.135469e+00 -9.615569e+00
-2.382784e+00 -7.751815e+00 3.370214e+00 1.821529e+01 -5.512054e+00 -2.262084e+00 3.806743e+00 -6.574482e+00
-2.656465e+00 -5.553143e+00 -4.847576e+00 1.054333e+01 -7.037896e+00 4.927800e-01 3.411969e+00 -9.490289e+00
-6.979378e+00 -8.651623e+00 2.203242e+00 1.276927e+01 -1.672848e+00 -3.513826e+00 3.595302e+00 -7.035560e+00
-3.868217e+00 -4.810342e+00 1.427357e+00 1.696313e+01 -4.317709e+00 -1.907633e+00 3.453356e+00 -4.870262e+00
-3.367009e+00 -1.094996e+01 -7.314434e-01 1.650500e+01 -3.004466e+00 -1.811706e+00 5.288017e+00 -6.337822e+00
-2.340287e+00 -4.723930e+00 2.758646e+00 1.658841e+01 -3.556677e+00 7.455704e-01 3.606479e+00 -6.135202e+00
-1.809510e+00 -7.237392e+00 3.442546e+00 1.624752e+01 -2.982892e+00 -3.524538e+00 5.737940e+00 -4.443582e+00
-4.433731e+00 -8.478944e+00 7.999239e+00 1.507305e+01 4.974989e+00 -1.268775e+00 6.381478e+00 -1.311208e+01
-2.711994e+00 -8.675096e+00 2.954015e+00 1.720394e+01 -1.560100e+00 -2.919429e-01 -1.692798e-01 -6.959321e+00
-4.891261e+00 -7.862105e+00 4.258654e+00 1.526179e+01 1.884810e+00 2.087126e+00 5.097178e+00 -9.574960e+00
1.085612e+00 -6.525296e+00 3.398186e-01 1.104565e+01 -5.444348e+00 -3.455548e+00 2.398030e+00 -8.836606e+00
-1.526190e+00 -3.217377e+00 -8.957227e-01 1.195357e+01 -3.405538e+00 -3.760696e+00 -9.781871e-01 -9.435873e+00
-4.995688e+00 -9.940886e+00 8.033680e-01 9.619419e+00 -9.602466e-01 1.482937e+00 4.794005e+00 -9.848066e+00
-4.718023e+00 -5.288079e+00 3.534319e+00 1.717116e+01 -2.529049e+00 -1.712763e-01 4.188684e+00 -7.022796e+00
-6.117700e+00 -8.333441e+00 5.853639e+00 1.906514e+01 1.141515e+00 8.961876e-01 6.311284e+00 -4.979943e+00
-4.465727e+00 -1.454075e+01 4.281477e+00 1.465041e+01 1.760267e-01 -4.799236e-01 3.155413e+00 -1.149947e+01
-3.108363e+00 -9.631431e+00 -6.053753e-01 9.274546e+00 -2.735829e+00 -4.106974e+00 -1.115991e+00 -7.913269e+00
-3.787007e+00 -6.982667e+00 1.156419e+00 1.588372e+01 -2.578152e+00 4.426706e+00 5.945918e+00 -8.182194e+00
-7.717803e-01 -8.025889e+00 1.106048e-01 1.683939e+01 -6.157485e+00 -4.024541e+00 5.504722e+00 -1.026190e+01
-2.076133e+00 -5.889395e+00 2.244479e+00 1.229583e+01 8.054343e-01 -3.194089e+00 2.084398e+00 -9.671542e+00
-4.071784e+00 -7.097271e+00 3.994797e+00 1.429658e+01 -1.370327e+00 -4.572508e-01 6.220719e+00 -8.310531e+00
-5.262069e+00 -8.855672e+00 5.120125e-01 1.607660e+01 -5.863965e+00 1.234327e+00 5.170879e+00 -4.333079e+00
-4.820428e+00 -8.401180e+00 3.951227e-02 1.391388e+01 -3.346894e+00 -3.015833e+00 2.163005e+00 -1.255711e+01
-5.382019e+00 -5.653980e+00 2.597472e+00 1.180354e+01 7.359855e-01 3.098841e+00 3.106096e+00 -7.334821e+00
-3.122647e+00 -7.253141e+00 -1.286457e+00 1.433397e+01 -2.551933e+00 1.088200e-01 4.178912e+00 -4.036703e+00
-5.869359e+00 -8.089702e+00 2.217634e+00 1.676708e+01 -2.027475e+00 -9.966663e-01 5.526406e+00 -6.496056e+00
-2.226333e+00 -3.973696e+00 -1.118419e+00 1.367460e+01 -6.518379e+00 1.989241e-01 6.023983e+00 -3.862280e+00
-3.536794e+00 -7.637491e+00 5.069615e+00 6.771046e+00 1.618137e+00 -4.151192e+00 2.759635e+00 -8.572993e+00
-9.248908e-01 -1.039765e+01 1.018952e+00 8.138036e+00 1.169032e+00 -2.759188e+00 4.844508e+00 -1.300665e+01
-7.119308e+00 -7.831110e+00 -5.955978e-01 9.968977e+00 9.183597e-01 -7.791741e+00 4.145533e+00 -7.927531e+00
3.053883e+00 -6.852286e+00 -5.046227e+00 3.134415e+00 -9.629997e-01 -5.665263e+00 2.885186e+00 -7.927125e+00
-8.487031e-01 -6.127842e+00 2.471695e+00 7.462077e+00 -1.698018e+00 -1.476478e+00 4.923635e+00 -7.827239e+00
-3.470027e+00 -7.428519e+00 3.248049e+00 1.157877e+01 6.696605e-01 -5.552182e+00 2.795957e+00 -8.687090e+00
-9.274206e-01 -5.491701e+00 -3.311500e+00 7.628687e+00 6.916002e-01 -1.704788e+00 1.302563e+00 -1.168297e+01
-3.966072e+00 -9.894668e+00 1.759736e+00 1.216952e+01 6.986029e-01 -2.357254e+00 6.468650e+00 -5.711601e+00
3.417012e-01 -1.229010e+01 -1.152636e+00 8.505640e+00 -3.145630e-01 -8.987336e+00 -1.280604e+00 -6.809332e+00
-4.439423e+00 -9.908306e+00 9.738859e-01 6.189788e+00 -6.107873e-01 -7.765127e+00 1.024911e+00 -1.393666e+01
5.399800e-01 -7.050305e+00 -2.537154e+00 9.991195e+00 1.260770e+00 -5.395131e+00 3.914713e+00 -1.195545e+01
-6.929933e+00 -6.879026e+00 2.237827e+00 6.394311e+00 3.168644e+00 -5.204862e+00 4.632198e+00 -1.050326e+01
-1.134144e-02 -3.071685e+00 1.461612e+00 8.846365e+00 1.093289e+00 -3.508847e+00 4.244846e+00 -5.648294e+00
-2.936187e+00 -6.634965e+00 8.767038e-01 1.044644e+01 5.724526e+00 -2.687607e+00 9.761680e-01 -6.602234e+00
2.314693e-01 -8.542628e+00 1.754459e+00 1.150567e+01 2.153778e+00 -5.947735e+00 1.856556e+00 -6.723001e+00
-5.641712e+00 -7.586069e+00 3.960054e+00 6.569926e+00 8.516151e-01 1.132630e+00 6.744453e+00 -9.863089e+00
-1.915508e+00 -3.278999e+00 2.879197e+00 6.208861e+00 -2.186077e+00 -4.381151e+00 6.064172e+00 -1.003912e+01
-1.657436e+00 -7.933069e+00 8.601502e-01 6.882929e+00 1.233413e+00 -3.627028e+00 2.747572e+00 -9.337077e+00
1.748741e+00 -1.164489e+01 3.542448e-01 6.582048e+00 -8.622754e-01 -7.401688e+00 5.619312e-01 -6.017420e+00
-4.469078e+00 -6.831075e+00 1.643014e+00 1.544585e+01 -2.460835e+00 -7.115762e+00 4.530195e+00 -8.364478e+00
-5.496929e+00 -6.096314e+00 7.738015e+00 7.623141e+00 2.326389e-01 -1.346966e+00 2.501788e+00 -1.115231e+01
-3.113339e+00 -6.963656e+00 -6.014441e-01 4.449644e+00 9.526882e-02 -1.463395e+00 4.481586e+00 -1.045122e+01
-1.020304e+00 -8.388089e+00 4.051476e+00 8.251927e+00 1.911142e+00 -5.050919e+00 6.061845e+00 -1.104258e+01
1.405388e+00 -6.076438e+00 2.465787e+00 3.184230e+00 2.429544e+00 -3.872276e+00 1.060193e+00 -9.895206e+00
9.328901e-01 -4.090542e+00 2.268335e+00 7.569403e+00 1.204591e+00 -1.306738e+00 -7.375282e-01 -5.856553e+00
-7.326315e+00 -9.291173e+00 7.249560e+00 1.321711e+01 -2.492799e+00 -8.049730e+00 7.449396e+00 -1.241532e+01
-3.126368e+00 -7.553968e+00 2.291602e+00 1.180120e+01 1.452795e+00 -1.870435e+00 5.353851e+00 -7.785718e+00
-4.074908e+00 -7.997511e+00 9.240833e-01 9.313070e+00 1.105041e+00 -1.245823e+00 5.175150e+00 -4.948127e+00
-2.542677e+00 -8.256585e+00 3.779229e+00 8.960816e+00 -4.391122e-01 -7.030253e+00 3.239218e+00 -9.871794e+00
-1.599625e+00 -7.467825e+00 -5.185415e-01 9.033188e+00 -4.456114e+00 -4.173867e+00 5.054111e+00 -8.101747e+00
-2.804978e-01 -4.014187e+00 -1.067174e+00 1.424899e+01 -3.056824e+00 2.577991e+00 8.005241e+00 -4.159154e+00
-1.661915e+00 -6.692205e+00 3.302273e+00 1.134776e+01 -4.372188e+00 -3.499262e+00 6.789052e+00 -6.129739e+00
-5.851522e+00 -7.754500e+00 -1.632964e+00 1.111817e+01 -2.767657e+00 -5.439126e+00 7.053723e+00 -8.701409e+00
-3.364470e+00 -6.852502e+00 3.431779e+00 2.032707e+01 -7.081973e+00 -5.128046e+00 4.124664e+00 -8.779426e+00
-1.779352e+00 -4.370057e+00 -2.699198e+00 9.851447e+00 -5.162734e+00 1.035141e-01 2.559951e+00 -7.261211e+00
-4.478375e+00 -5.980927e+00 3.781188e+00 1.662005e+01 -1.923165e+00 -3.767033e+00 5.128041e+00 -7.832558e+00
-6.354805e+00 -6.645779e+00 3.404330e-01 1.663938e+01 -5.522925e+00 -3.229557e+00 2.840673e+00 -8.307994e+00
-1.053091e+00 -6.770864e+00 -1.056169e+00 1.210515e+01 -4.604366e+00 -6.640630e+00 1.317199e+00 -6.994491e+00
-3.865669e-01 -5.787637e+00 3.143649e+00 1.151790e+01 -8.102098e-01 -2.899978e+00 5.062008e+00 -5.174276e+00
-3.086042e+00 -8.972348e+00 5.220703e+00 1.302711e+01 2.189072e+00 -3.826163e+00 5.493932e+00 -4.444512e+00
-5.502026e+00 -9.423019e+00 7.889365e+00 1.273598e+01 1.449668e+00 4.176381e+00 8.032562e+00 -1.388419e+01
-6.576544e+00 -9.549912e+00 4.205191e+00 1.291308e+01 -1.853626e+00 -3.214823e+00 3.636138e+00 -8.430355e+00
-6.821238e+00 -6.323458e+00 3.709794e+00 1.541414e+01 1.502552e-01 3.520439e+00 6.429927e+00 -1.095910e+01
1.362630e+00 -8.001086e+00 -1.755428e+00 1.414950e+01 -4.905621e+00 -1.867218e+00 3.738441e+00 -8.099149e+00
-3.177838e+00 -4.272389e+00 -6.518309e-01 1.316829e+01 -3.159086e+00 -3.873262e+00 9.939987e-01 -1.064318e+01
9.641085e-01 -6.636282e+00 4.040514e-01 1.192996e+01 -4.913896e+00 7.691630e-01 4.962289e+00 -8.703977e+00
-5.925112e+00 -7.000829e+00 3.011858e+00 1.873642e+01 -4.698057e+00 1.048365e+00 3.723513e+00 -2.814534e+00
-8.296287e+00 -9.392657e+00 8.855447e+00 1.711965e+01 6.198979e+00 1.962683e+00 5.110089e+00 -8.094308e+00
-7.583728e+00 -1.051742e+01 3.667553e+00 1.456576e+01 5.507185e+00 1.814699e+00 3.223912e+00 -8.829797e+00
-1.922621e+00 -8.086775e+00 2.232774e+00 1.359136e+01 -2.498170e+00 -3.271873e+00 3.690856e+00 -1.176786e+01
-5.150629e+00 -9.462282e+00 4.126756e+00 1.674898e+01 -2.132497e+00 2.417299e+00 6.105731e+00 -9.626249e+00
-5.517518e+00 -6.782739e+00 -2.322806e+00 1.548483e+01 -8.331318e+00 -1.401296e+00 3.982188e+00 -6.751343e+00
-2.343245e+00 -7.348299e+00 7.761426e+00 1.104956e+01 4.661028e-01 -1.569629e+00 2.959287e+00 -8.401863e+00
-3.710350e+00 -1.097533e+01 1.249738e+00 1.554383e+01 -1.253393e+00 -6.757612e-01 3.011973e+00 -8.605464e+00
-4.586999e+00 -1.038031e+01 4.120256e+00 2.290970e+01 -4.840875e+00 2.914265e+00 3.227859e+00 -9.027703e+00
-4.753292e+00 -5.705198e+00 4.826714e+00 1.693942e+01 -1.148905e+00 -4.208492e+00 -1.022647e+00 -6.258187e+00
-2.648350e+00 -6.981966e+00 4.145498e+00 1.392064e+01 1.456382e+00 1.903640e+00 3.686508e+00 -7.472147e+00
-4.698787e+00 -6.374552e+00 -2.816419e+00 1.609067e+01 -5.846606e+00 8.489711e-02 2.797762e+00 -3.839826e+00
-5.999146e+00 -5.368350e+00 2.009385e+00 2.308495e+01 -2.098039e+00 -5.519984e+00 3.947403e+00 -1.027847e+01
-4.977548e+00 -9.177694e+00 -2.021986e+00 1.214455e+01 -8.680431e+00 8.975855e-01 9.014904e+00 -6.807277e+00
-2.914072e+00 -6.767674e+00 -1.706770e+00 8.113853e+00 5.305600e-02 -2.877322e+00 2.801889e+00 -6.795790e+00
-2.179012e-01 -7.253398e+00 -3.896146e-01 6.259738e+00 1.530822e+00 -6.268639e+00 2.339268e-01 -1.029026e+01
-3.832537e+00 -1.105881e+01 5.997365e+00 8.453989e+00 4.762072e+00 -4.305232e+00 2.347090e+00 -8.852128e+00
-3.081424e+00 -1.085761e+01 3.192434e+00 1.008587e+01 2.504903e+00 -6.490247e+00 2.276307e+00 -8.878180e+00
-7.567494e-01 -1.021323e+01 -8.822934e-03 3.922109e+00 2.809469e+00 -6.096191e+00 3.596490e+00 -8.903198e+00
1.924574e-01 -1.077336e+01 2.288501e+00 4.888758e+00 2.735058e+00 -3.801146e+00 2.665211e+00 -1.121359e+01
-3.831762e+00 -6.644083e+00 2.755492e+00 1.001793e+01 1.442986e+00 -3.786678e+00 5.271698e+00 -5.760043e+00
-2.342616e+00 -9.551391e+00 2.112445e+00 1.103716e+01 2.045408e-01 -7.311739e+00 3.514052e+00 -6.119258e+00
-1.827769e+00 -4.692980e+00 7.587330e-01 1.189483e+01 1.594630e+00 -2.201221e+00 5.306785e+00 -1.063528e+01
-2.101139e+00 -5.397554e+00 2.791616e+00 1.154212e+01 1.613559e+00 -8.604742e-01 5.725898e+00 -8.879422e+00
-2.072297e+00 -9.440774e+00 2.148241e-01 5.059141e+00 3.967162e+00 -5.795140e-01 5.447581e+00 -4.480201e+00
-4.669800e+00 -6.344682e+00 3.051057e+00 5.296255e+00 5.212547e+00 -4.776451e+00 4.852648e+00 -3.261259e+00
-4.279268e+00 -1.130121e+01 2.701567e+00 1.037366e+01 3.695939e+00 -5.265333e+00 6.754884e+00 -8.471642e+00
-2.846286e+00 -8.892182e+00 4.436698e+00 1.249192e+01 2.108590e+00 -5.696072e+00 1.918483e-01 -7.315168e+00
-1.682937e+00 -6.304711e+00 -4.045595e-01 8.886394e+00 -4.818865e-01 -4.168523e-01 4.349453e+00 -1.156344e+01
-2.959027e+00 -4.889103e+00 3.178890e+00 1.031000e+01 3.953946e-01 -2.208057e+00 3.209613e+00 -1.222229e+01
-1.526603e-01 -1.137851e+01 -5.034989e-01 8.558151e+00 3.302452e+00 -8.240949e+00 2.900235e+00 -6.102158e+00
-3.282258e+00 -4.915059e+00 1.286266e+00 6.869173e+00 1.472961e+00 -5.777647e+00 3.653252e+00 -8.576502e+00
-8.575415e-01 -8.251007e+00 1.795213e+00 9.678749e+00 -1.564932e+00 -6.239180e+00 4.209515e+00 -7.268099e+00
2.142972e-01 -9.184736e+00 8.423887e-01 9.620901e+00 -1.537903e+00 -7.656124e+00 7.971725e-01 -6.401381e+00
-1.628706e+00 -1.156466e+01 -2.228660e+00 9.915970e+00 -8.631895e-01 -1.005362e+01 1.260023e+00 -9.266627e+00
-2.466324e+00 -9.590000e+00 1.354218e+00 1.335185e+01 6.774415e-02 -6.141370e+00 3.248555e+00 -7.367902e+00
-2.613427e+00 -1.091865e+01 2.306183e+00 1.291278e+01 -1.745754e+00 -3.917729e+00 3.446822e-01 -1.200966e+01
-4.874215e+00 -1.083824e+01 3.160262e+00 1.517857e+01 -1.065391e-01 -4.919097e+00 2.730483e+00 -1.058413e+01
-1.241560e-01 -6.088316e+00 3.104745e+00 5.130638e+00 2.718908e-01 -1.981817e+00 3.991499e+00 -9.768847e+00
-2.954064e-01 -7.211982e+00 2.962287e+00 4.015680e+00 -1.352181e+00 -5.130370e+00 3.665783e+00 -1.079704e+01
1.197196e+00 -8.198611e+00 1.228288e+00 5.735109e+00 3.329108e+00 -5.459551e+00 4.407382e+00 -6.846967e+00
-5.318383e-01 -7.986292e+00 -7.076331e-01 7.343833e+00 -1.542790e+00 -7.131543e-01 2.226974e-01 -5.978574e+00
-3.508295e+00 -5.853950e+00 1.444766e+00 1.146167e+01 1.634772e+00 -2.921387e+00 2.467868e+00 -8.000672e+00
-2.653163e+00 -5.381031e+00 1.185634e+00 1.085686e+01 7.012850e-01 -4.072295e+00 1.643317e+00 -6.451903e+00
-3.789897e+00 -3.382264e+00 3.005093e-01 1.852488e+01 -1.313165e+00 -5.800685e+00 4.403013e+00 -2.752333e+00
-3.371195e+00 -6.338268e+00 -2.742939e+00 1.816088e+01 -3.968984e+00 -2.488306e+00 1.157612e+00 -6.721990e+00
-2.626914e+00 -4.000705e+00 -8.759744e-01 1.677105e+01 -3.095968e+00 -2.157525e+00 -9.027481e-01 -3.582146e+00
-3.078995e+00 -2.357508e+00 1.101019e+00 1.974649e+01 -2.788391e+00 -1.704944e+00 2.221190e+00 -4.852196e+00
-2.081368e+00 -7.884275e+00 1.427871e+00 1.512261e+01 -1.506589e+00 2.907500e+00 3.442329e+00 -3.795187e+00
-8.315691e-01 -7.114804e+00 -3.818260e-01 1.693934e+01 -4.556484e+00 -1.487810e+00 4.754021e+00 -8.521585e-01
-1.506080e+00 -4.027084e+00 1.347466e+00 1.502309e+01 -2.295738e+00 1.256663e+00 3.939309e+00 -1.893916e+00
-5.383406e+00 -5.783265e+00 2.681401e+00 1.642499e+01 -2.287807e+00 3.713551e-01 4.720291e+00 -4.574510e+00
3.072795e-01 -6.924649e+00 5.943569e+00 1.696787e+01 -2.821732e+00 -4.051657e+00 4.553346e+00 -7.988822e+00
-3.591341e+00 -8.638599e+00 4.397671e+00 1.862223e+01 -3.198588e+00 -2.502268e+00 5.399201e+00 -8.654679e+00
-9.187446e+00 -9.027154e+00 -6.647430e-01 1.552867e+01 -4.763420e+00 -4.407436e+00 -1.486318e+00 -1.146939e+01
-5.061434e+00 -7.627721e+00 1.995172e+00 1.694350e+01 -3.722977e+00 1.023314e+00 1.895695e+00 -9.593866e+00
-1.315824e+00 -9.016851e+00 2.464973e+00 1.362464e+01 -2.160380e+00 -2.688147e+00 2.551948e+00 -1.205658e+01
-1.647763e+00 -5.751270e+00 3.379685e+00 1.373443e+01 -2.832592e+00 2.997202e+00 1.399269e+00 -7.686548e+00
-9.898162e-01 -6.022576e+00 2.778514e+00 2.173271e+01 -2.532983e+00 1.822707e+00 3.771199e+00 -6.636430e+00
-1.960227e+00 -8.511811e+00 4.531131e+00 1.785480e+01 -4.489337e+00 -2.777692e+00 4.172727e+00 -9.729174e+00
-9.643218e-02 -4.475500e+00 5.235843e+00 1.909840e+01 -3.440393e+00 -4.268390e+00 2.313604e+00 -6.892420e+00
-2.613138e+00 -4.828262e+00 9.274594e+00 1.747341e+01 -4.807275e-01 6.315321e-01 3.629363e+00 -1.189466e+01
-3.315131e+00 -7.774924e+00 9.055495e-01 1.404621e+01 -3.916532e+00 -2.106679e+00 2.538050e+00 -9.883918e+00
-3.020837e+00 -8.590467e+00 -1.801621e+00 8.468166e+00 -7.782571e+00 -4.024834e+00 3.090751e+00 -8.736524e+00
-1.843844e+00 -8.335566e+00 -6.586771e-01 1.388962e+01 -7.020252e-01 -3.255310e+00 2.816482e-01 -8.596683e+00
-1.688430e-01 -9.199095e+00 -9.607790e-05 1.219140e+01 -2.059749e+00 -3.435086e+00 -1.048327e-02 -9.302864e+00
-3.595159e+00 -5.311078e+00 1.621377e+00 1.230121e+01 -4.734079e+00 -2.188036e+00 1.717790e+00 -9.143324e+00
-5.759712e+00 -7.868547e+00 1.499602e+00 1.478831e+01 -4.586808e+00 -4.584920e+00 2.999579e+00 -5.317860e+00
-1.506890e+00 -4.235521e+00 1.969570e+00 1.787497e+01 -2.809567e+00 -4.834070e+00 5.762671e+00 -5.559382e+00
-8.229634e-01 -4.870710e+00 9.899291e-01 1.843752e+01 -3.816791e+00 -2.837760e+00 4.984260e+00 -6.181918e+00
-4.076221e+00 -7.119539e+00 2.828159e+00 1.985164e+01 -1.276343e+00 -3.031952e+00 4.217106e+00 -7.269165e+00
-4.607102e+00 -9.256662e+00 3.573105e+00 1.979751e+01 6.612700e-01 -2.937765e+00 4.203658e+00 -6.819314e+00
-3.404720e+00 -7.476704e+00 2.986534e+00 1.239729e+01 -6.631875e-01 -1.972091e-01 5.863792e+00 -6.032543e+00
-4.198459e+00 -1.893674e+00 3.299426e+00 1.398597e+01 -9.599520e-01 1.476752e+00 4.865802e+00 -6.291032e+00
-7.456885e+00 -4.516509e+00 -3.341094e+00 5.038045e+00 -3.791546e+00 3.154611e+00 8.473177e+00 1.875079e+00
-7.209834e+00 -2.465591e+00 -4.972327e+00 5.778355e+00 -4.010820e+00 8.555019e-01 9.238949e+00 4.342368e+00
-7.524478e+00 -1.110441e+01 -1.635674e+00 1.849559e+00 3.494033e+00 -1.750801e+00 6.936378e+00 -1.324363e+00
-4.757062e+00 -9.875604e+00 -4.225457e-01 2.458382e+00 -1.973552e+00 -2.233200e+00 4.715369e+00 -4.031328e-01
-5.551980e+00 -1.209461e+00 -2.683015e+00 3.494667e+00 -7.679556e-01 2.873267e-01 9.109911e+00 -4.604035e+00
-6.646523e+00 -4.602255e+00 -4.717245e+00 5.003847e+00 -1.362691e-01 7.387557e-01 4.861174e+00 -3.450450e+00
-3.185601e+00 -4.170225e+00 -6.146823e+00 1.863747e+00 -5.352669e+00 5.283414e+00 7.266562e+00 1.691096e+00
-6.162627e+00 -5.346512e+00 -5.820753e+00 5.799503e+00 -1.603169e+00 2.208849e+00 9.851757e+00 3.321449e+00
-4.154694e+00 -8.598169e+00 -2.994061e+00 4.227325e+00 -7.163435e-01 -5.509102e-01 6.265847e+00 -3.929434e+00
-6.161699e+00 -6.695489e+00 -4.722842e+00 6.471307e+00 -9.080054e-01 1.923152e-01 7.505336e+00 -3.697277e+00
-6.724942e+00 -4.743648e+00 4.603979e-01 4.164476e-01 8.540491e-01 -1.886453e+00 4.131666e+00 -5.435587e+00
-6.481513e+00 -3.295041e+00 5.911985e-01 5.936653e+00 2.228935e+00 -6.422162e-02 7.278484e+00 -9.455993e+00
-4.911928e+00 -7.314873e+00 7.555974e-01 6.629769e+00 3.862717e+00 -1.438425e+00 6.500490e+00 -2.379019e+00
-3.762210e+00 -7.211321e+00 -1.027948e+00 7.206534e+00 4.075805e+00 -1.334315e+00 8.994397e+00 -6.344372e+00
-8.161531e+00 -5.575713e+00 -5.795088e-01 3.489452e+00 8.400659e-01 -2.214219e+00 9.198155e+00 -6.638026e+00
-5.376440e+00 -4.203737e+00 3.343633e+00 9.019389e-01 1.936868e+00 2.047421e+00 9.251304e+00 -3.086859e+00
-4.432555e+00 -9.510705e+00 -5.538597e+00 3.439935e+00 1.673557e+00 -3.757999e+00 2.908736e+00 -5.575566e+00
-6.633266e+00 -7.758882e+00 -5.425603e+00 4.012716e+00 -1.446717e+00 -4.050125e+00 5.657617e+00 -2.757788e+00
-5.778169e+00 -6.955575e+00 -7.847229e-01 6.878672e+00 -6.543205e-01 -2.723997e+00 4.971281e+00 -5.642521e+00
-7.156742e+00 -6.266962e+00 2.161610e+00 8.306667e+00 1.117473e+00 1.737607e+00 7.404358e+00 -3.938875e+00
-6.252331e+00 -8.776157e+00 -3.534822e+00 8.303981e+00 -1.650228e+00 -1.204116e+00 5.400268e+00 -4.751171e+00
-7.120504e+00 -7.042531e+00 -2.018417e+00 8.280987e+00 -1.355479e+00 -4.095006e+00 7.778296e+00 -2.892601e+00
-4.657356e+00 -7.548287e+00 5.675040e-02 6.030432e+00 -3.289185e+00 -9.737545e-01 8.707051e+00 -6.299228e+00
-5.052186e+00 -8.910908e+00 4.549588e-01 5.247369e+00 7.795165e-01 3.617168e-01 8.676610e+00 -4.056756e+00
-4.306463e+00 -4.740616e+00 -1.740799e+00 5.169463e+00 -1.122979e+00 3.411452e-01 5.071328e+00 -5.786083e+00
-3.498382e+00 -8.127830e+00 -3.522939e+00 3.415052e+00 -1.437412e+00 -3.954437e-01 2.208819e+00 -4.223328e+00
-2.379577e+00 -5.762574e+00 -4.131408e+00 2.907790e+00 1.042261e+00 6.591530e-01 6.157921e+00 -4.491753e-01
-3.004417e+00 -8.467703e+00 -5.071258e+00 3.743920e+00 1.687356e+00 3.411421e-01 5.387421e+00 -2.223651e+00
-6.978628e+00 -5.039545e+00 -5.847002e+00 -4.758121e-01 -3.766507e+00 7.517507e-01 6.308002e+00 -1.982751e+00
-9.148757e+00 1.447433e-02 -1.852839e+00 5.885884e+00 -4.299359e+00 3.620499e-01 1.142898e+01 -3.637942e-01
-7.371548e+00 -1.007177e+01 -1.553977e+00 2.092385e+00 -5.140213e-01 -2.221065e+00 7.105474e+00 -1.670216e+00
-4.507253e+00 -9.969653e+00 -1.536659e+00 4.590689e+00 1.203661e-01 -2.180180e+00 7.289242e+00 -7.994127e-01
-9.103054e+00 -1.053993e+01 2.089730e+00 8.086668e-01 3.941081e+00 -3.639875e+00 5.956977e+00 -1.009143e+01
-7.673980e+00 -8.249459e+00 -1.438831e-01 3.730708e+00 3.338343e+00 -3.644459e+00 9.697922e+00 -5.013148e+00
-5.795554e+00 -6.658129e+00 2.429101e+00 4.694521e+00 -1.002397e+00 9.927029e-02 7.347339e+00 -2.287171e+00
-5.427287e+00 -7.119787e+00 2.642083e-01 3.703303e+00 -4.352073e+00 4.776547e-01 7.546761e+00 -3.966160e+00
-5.607670e+00 -8.449895e+00 -3.047202e+00 8.438368e+00 1.356272e-01 -4.498103e+00 3.029880e+00 -5.432137e+00
-3.415118e+00 -8.903023e+00 -4.797570e+00 1.185829e+01 2.797708e-01 -2.651696e+00 5.857123e+00 -2.870312e+00
-4.194529e+00 -8.885851e+00 -2.413266e-01 9.392478e+00 8.593348e-01 -2.777744e+00 2.398376e+00 -2.003978e+00
-7.957316e+00 -8.228807e+00 1.062191e+00 7.043304e+00 4.951236e-01 7.146212e-01 6.793263e+00 -7.592944e+00
-3.885961e+00 -7.810274e+00 -2.255545e+00 3.212494e+00 1.408139e+00 -2.827966e+00 8.066837e+00 -2.486022e+00
-6.381594e+00 -5.336605e+00 -9.140860e-01 -1.794292e-01 -2.368185e+00 2.662476e+00 1.280479e+01 -5.206797e-01
-7.769890e+00 -7.002735e+00 -3.829440e-01 2.083922e+00 -6.863613e-01 4.962088e+00 9.616393e+00 -3.249264e-02
-4.672459e+00 -8.082160e+00 2.254297e+00 6.197021e-03 4.565285e+00 4.541254e+00 6.885041e+00 -1.156915e+00
-7.512863e+00 -7.927634e+00 -8.594412e-01 7.247448e+00 -3.045382e+00 -2.625216e+00 6.629396e+00 -5.069561e+00
-5.969796e+00 -7.896177e+00 -1.510011e-01 5.848629e+00 -1.426504e+00 -2.929761e+00 5.159728e+00 -5.429819e+00
-9.113077e+00 -3.449048e+00 -2.882223e+00 1.557521e+00 -2.320504e-01 1.513348e+00 9.182280e+00 1.901937e+00
-7.280994e+00 -5.064564e+00 -3.551383e+00 3.940744e+00 -9.536629e-01 4.031574e+00 1.013886e+01 3.677685e+00
-7.852032e+00 -8.334310e+00 -7.597079e+00 5.452795e+00 -3.909365e+00 7.622682e-01 4.908362e+00 -2.702118e+00
-5.097817e+00 -1.054433e+01 -6.623549e+00 4.713518e+00 -3.601040e+00 -2.727502e+00 4.905757e+00 -2.897145e+00
-7.549998e+00 -8.805982e+00 -3.063657e+00 4.904883e+00 -4.581077e+00 4.361612e-01 5.627730e+00 -1.497974e+00
-4.184251e+00 -8.521122e+00 1.092962e+00 3.108750e+00 5.880179e-01 -3.181692e+00 8.673275e+00 -6.078321e+00
-7.090735e-01 -9.461855e+00 -3.083574e+00 2.357904e+00 4.817129e-01 -1.833172e+00 3.195518e+00 -4.165528e+00
-4.357092e+00 -8.537872e+00 -2.576597e+00 -2.653274e-01 -5.694719e+00 2.158638e-02 5.170016e+00 -7.038179e+00
-5.419310e+00 -6.388225e+00 -3.758954e+00 2.585692e+00 3.440215e+00 2.187519e-01 5.461157e+00 -1.632627e+00
-6.512053e+00 -6.642000e+00 -9.955626e-01 3.733971e-01 3.786506e+00 9.016229e-01 5.883973e+00 -1.767929e+00
-4.484639e+00 -8.367161e+00 -1.477797e+00 5.657995e+00 -2.156996e+00 -3.432604e+00 7.253931e+00 -7.170655e+00
-5.307496e+00 -8.036084e+00 -4.607708e+00 4.008059e+00 -1.625320e+00 -1.942371e+00 4.951717e+00 -8.143011e+00
-6.684501e+00 -6.390552e+00 -3.614132e+00 6.736376e+00 -3.481385e+00 -4.234388e-01 7.228937e+00 -4.647256e-01
-6.154604e+00 -5.428814e+00 -4.058347e+00 7.579940e+00 -5.512931e+00 5.295349e-02 7.322036e+00 -7.560564e-01
-7.741522e+00 -8.364317e+00 8.463033e-02 1.289107e+01 -3.374317e+00 3.460112e+00 5.216897e+00 -3.600424e+00
-8.520588e+00 -1.235872e+01 7.018228e-01 1.266169e+01 2.464528e-01 9.675949e-01 9.462858e+00 -8.926188e+00
-4.185258e+00 -6.301032e+00 -4.128248e+00 1.018160e+01 -8.643453e-01 2.304247e+00 9.036112e+00 -3.757626e+00
-2.138572e+00 -4.436630e+00 -3.269772e+00 9.977013e+00 -2.350251e+00 2.932154e+00 5.537817e+00 -3.939052e+00
-3.243228e+00 -7.649353e+00 -2.379727e+00 7.913887e+00 -2.344175e+00 -2.191425e-01 7.508814e+00 -8.846481e-01
-3.020553e+00 -1.001852e+01 -2.100722e-02 1.024995e+01 -2.196403e+00 2.016033e+00 9.567592e+00 -2.506356e+00
-5.593407e+00 -1.366087e+01 2.968940e+00 1.084798e+01 6.546527e+00 2.034851e+00 8.676258e+00 -7.195411e+00
-4.970524e+00 -1.195348e+01 1.738522e+00 1.237965e+01 5.920251e+00 -7.621774e-02 7.576594e+00 -8.277071e+00
-4.069967e+00 -9.974267e+00 -3.992913e-01 8.004869e+00 -3.056117e-01 6.667868e-01 6.662009e+00 -4.945232e+00
-3.446235e+00 -1.056793e+01 -3.328505e+00 8.477695e+00 -3.366775e+00 2.138371e+00 7.634538e+00 -6.288735e+00
-5.807465e+00 -1.200551e+01 -4.752562e+00 9.872822e+00 -3.562948e+00 2.940495e-01 5.870932e+00 -6.195730e+00
-5.345577e+00 -9.924808e+00 -3.959170e+00 9.481805e+00 -1.440571e+00 1.335627e+00 7.858373e+00 -5.397416e+00
-6.346992e+00 -8.133099e+00 -4.047752e-01 1.094924e+01 1.265167e+00 4.583357e-01 8.796808e+00 -3.035624e+00
-5.817582e+00 -8.120715e+00 3.773116e-01 1.191735e+01 4.474491e-02 2.184720e+00 7.408870e+00 -2.353386e+00
-6.325113e+00 -5.417206e+00 -2.844082e+00 8.562449e+00 -3.428391e-02 2.699421e+00 1.226362e+01 -3.203608e+00
-5.398601e+00 -6.144513e+00 -3.230751e+00 7.249331e+00 2.415397e+00 4.469156e+00 7.430091e+00 -3.710231e-01
-5.737745e+00 -6.059009e+00 -4.388082e+00 6.557298e+00 3.127044e-01 1.766582e+00 7.067041e+00 -1.991232e+00
-6.234544e+00 -4.737640e+00 -3.890421e+00 7.194257e+00 -5.047196e-01 2.834450e+00 5.680811e+00 -8.041883e-01
-4.792341e+00 -1.063724e+01 -1.596590e+00 8.248314e+00 1.266046e+00 -3.186860e+00 5.540603e+00 -5.741967e+00
-7.269348e+00 -7.831830e+00 -2.785757e+00 9.741818e+00 -2.451220e+00 -6.196314e-01 3.942267e+00 -5.680539e+00
-2.756801e+00 -9.662967e+00 -1.098408e+00 1.502637e+01 2.089452e+00 4.483853e+00 8.091278e+00 -1.308915e+00
-4.922447e+00 -8.993013e+00 -1.459400e+00 1.107934e+01 3.416834e+00 2.882519e+00 1.364079e+01 -2.505345e+00
-8.538732e+00 -8.726739e+00 -6.029438e+00 1.547200e+01 -3.689327e+00 2.807375e+00 1.930054e+00 -1.309908e+00
-4.396090e+00 -1.133144e+01 -6.349308e+00 1.589085e+01 -3.503271e+00 -1.680564e-01 1.553927e+00 -2.504730e+00
-5.367882e+00 -6.259810e+00 -3.790332e-01 7.126633e+00 -6.436312e-01 1.587617e+00 7.141617e+00 -5.913352e+00
-3.366270e+00 -4.110781e+00 6.235104e-01 8.231861e+00 -2.945894e-01 3.816331e+00 8.670950e+00 -1.915478e+00
-5.171370e+00 -9.646361e+00 -1.675614e-01 1.052276e+01 5.445243e-01 4.344148e+00 7.384156e+00 -7.283848e+00
-4.427287e+00 -5.604411e+00 -4.094114e+00 7.777145e+00 -4.819269e-01 1.962526e+00 5.957276e+00 -4.452446e+00
-2.578878e+00 -7.664976e+00 -3.768676e+00 7.769650e+00 1.686713e+00 1.124207e+00 5.231057e+00 -6.436632e+00
-4.700456e+00 -7.568400e+00 -3.340283e+00 7.565218e+00 -4.969850e+00 5.615272e+00 2.275892e+00 -7.758078e+00
-9.055668e+00 -6.895067e+00 -3.187364e+00 8.160348e+00 -1.876353e+00 2.098569e+00 6.630728e+00 -3.363768e-01
-6.478242e+00 -6.788147e+00 -3.743987e+00 9.891504e+00 -2.173833e+00 3.278049e+00 5.907683e+00 -4.111920e+00
-7.488955e+00 -7.623640e+00 -1.682792e+00 1.039272e+01 -1.273483e+00 -2.088385e-01 6.246096e+00 -2.445783e+00
-7.924075e+00 -7.852382e+00 -2.202798e+00 1.140739e+01 1.474497e-01 -1.282746e+00 4.128750e+00 -3.025263e-01
-7.094677e+00 -7.173046e+00 -3.560398e+00 9.876481e+00 -3.058762e+00 -1.315362e+00 7.542066e+00 -3.553676e+00
-4.469282e+00 -6.673625e+00 -1.587351e+00 8.681733e+00 -3.042130e+00 -1.072032e+00 5.880057e+00 -3.193381e+00
-5.464275e+00 -5.157443e+00 1.219588e+00 8.872822e+00 -5.549442e-01 9.855876e-01 8.978356e+00 -2.259044e+00
-5.114336e+00 -7.237070e+00 -2.775451e+00 8.503605e+00 -1.149028e+00 -1.904574e+00 6.507256e+00 -3.123563e+00
-4.901849e+00 -1.085555e+01 -2.846818e+00 1.182137e+01 -7.630856e-01 -5.023786e+00 6.833346e+00 -2.812692e+00
-6.736991e+00 -1.000257e+01 -3.533202e+00 6.313316e+00 1.420161e+00 1.518912e+00 7.682093e+00 -4.114054e+00
-7.639356e+00 -8.900565e+00 -4.349149e+00 1.265673e+01 -6.196670e+00 1.433774e+00 5.536410e+00 -1.529763e+00
-6.912902e+00 -8.354709e+00 -6.403870e+00 1.348242e+01 -4.853278e+00 7.844418e-01 6.920247e+00 -3.615683e-01
-6.703642e+00 -5.479748e+00 -6.668404e+00 1.297694e+01 2.916159e-01 -6.736506e-01 1.747269e+00 -2.269760e+00
-7.209705e+00 -4.715701e+00 -4.443328e+00 1.161990e+01 -6.537023e+00 1.803817e+00 5.901850e+00 -2.317591e+00
-6.441550e+00 -8.686686e+00 -1.661593e+00 1.911508e+01 -7.999198e-01 -9.790110e-01 5.546973e+00 -6.324080e+00
-6.696169e+00 -8.211167e+00 -4.668654e+00 1.499103e+01 -1.409196e+00 2.417035e+00 3.336904e+00 -1.832043e+00
-8.074250e+00 -1.039607e+01 -3.344020e+00 1.193017e+01 3.720255e-01 -4.717321e+00 2.060994e+00 -1.445940e+00
-4.152822e+00 -1.028587e+01 -2.683982e+00 7.160187e+00 3.616202e+00 -5.989590e+00 3.947860e+00 -5.948090e+00
-4.938808e+00 -7.497852e+00 -4.288465e+00 1.237282e+01 -1.701618e+00 5.887381e-01 8.476434e+00 2.267466e+00
-5.311813e+00 -8.293365e+00 -4.593988e+00 1.013827e+01 7.802146e-02 4.388486e+00 8.361684e+00 1.378060e+00
-6.076997e+00 -1.887563e+00 -1.786396e+00 1.110604e+01 -2.165486e+00 5.518917e+00 1.005575e+01 3.717525e+00
-7.161198e+00 -2.560869e+00 -1.572017e+00 1.469793e+01 3.008402e-01 6.584516e+00 9.322951e+00 3.209421e-01
-1.180744e+01 -1.059086e+01 -4.443419e+00 1.612013e+01 -4.881704e+00 -9.100290e-01 2.684578e+00 -5.423335e+00
-1.289904e+01 -9.089190e+00 -4.818920e+00 1.359707e+01 -2.118394e+00 -2.594795e+00 4.306580e+00 -7.178686e+00
-6.550964e+00 -9.354035e+00 -3.359943e+00 1.607111e+01 1.766442e+00 1.505863e+00 4.134325e+00 -5.195179e+00
-4.548185e+00 -8.304923e+00 -4.427869e+00 1.658531e+01 -9.866818e-01 8.213710e-01 3.690257e+00 -5.180458e+00
-4.948419e+00 -1.044367e+01 -2.431081e+00 1.550382e+01 5.311417e-01 -3.321323e+00 6.940224e+00 -5.457344e+00
-3.657225e+00 -1.384152e+01 -2.409731e+00 1.686616e+01 5.998250e+00 -2.905760e+00 2.158184e+00 -8.269995e+00
-2.911281e+00 -7.173190e+00 -1.248714e-01 1.006645e+01 -3.199222e+00 2.724290e+00 7.841903e+00 -8.378034e-01
-5.835899e+00 -8.172152e+00 -6.204764e-01 1.117998e+01 -2.134570e+00 5.583812e+00 6.251040e+00 -2.611817e+00
-4.634418e+00 -6.623625e+00 -1.690371e+00 2.723294e+00 -7.058664e-01 1.666778e+00 8.884436e+00 -2.487109e+00
-8.745159e+00 -9.065484e+00 -1.112842e+00 5.889803e+00 1.207576e+00 4.106965e-01 8.354253e+00 -8.167192e+00
-5.745764e+00 -9.004172e+00 -1.213274e+00 4.789669e+00 -2.482890e+00 -5.555678e+00 7.550269e+00 -3.336002e+00
-4.942025e+00 -1.250986e+01 -4.006688e+00 3.123505e-01 -3.700983e+00 -4.469998e+00 5.470406e+00 -4.928490e+00
-4.379171e+00 -4.561565e+00 -1.769677e-02 2.050248e+00 -6.713596e-01 1.400581e-02 1.061892e+01 -2.485105e+00
-4.924235e+00 -6.384303e+00 1.039524e+00 8.538563e+00 -2.952453e+00 -1.567024e+00 7.595530e-01 -4.018750e+00
-3.693255e+00 -5.109219e+00 -1.082801e+00 6.993794e+00 1.096694e+00 -8.917305e-01 8.880722e+00 -6.070432e+00
-6.055501e+00 -5.325066e+00 1.937855e+00 6.886605e+00 6.707471e-01 3.290755e-01 9.582562e+00 -4.626388e+00
-6.972910e+00 -6.295316e+00 -4.141447e+00 5.436766e-01 -7.982969e-01 2.615572e-01 8.516898e+00 -3.195543e+00
-9.463845e+00 -7.074876e+00 2.688542e-01 1.492539e+01 -2.126668e+00 2.161847e+00 7.667978e+00 -6.213149e+00
-5.978988e+00 -8.409770e+00 -5.713874e+00 8.221667e+00 1.404360e+00 -3.438425e+00 4.232973e+00 -6.433523e+00
-9.705741e+00 -2.781042e+00 9.003699e-01 3.574311e+00 3.914812e+00 1.935671e+00 9.434814e+00 -5.493099e+00
-4.998617e+00 -4.605587e+00 -3.411838e+00 7.380253e+00 3.288015e-02 2.167917e+00 6.159905e+00 5.996772e-01
-4.939407e+00 -8.496632e+00 -4.282809e+00 4.003043e+00 3.982135e+00 -1.485170e+00 8.514265e+00 -4.223714e+00
-6.675898e+00 -8.351988e+00 -1.147144e+00 5.940814e+00 -2.207291e+00 -2.833168e+00 7.040846e+00 -3.306484e+00
-1.970498e+00 -7.035613e+00 3.848480e-01 4.119202e+00 3.050803e+00 -1.011090e+00 7.494841e+00 -3.897310e+00
-5.962366e+00 -8.072126e+00 -1.862623e+00 5.076585e+00 -1.575437e+00 -2.630084e+00 8.163195e+00 -1.523128e+00
-8.036747e+00 -6.132963e+00 -2.860950e+00 3.801650e+00 -5.912120e-01 2.228634e+00 9.311618e+00 4.306319e-01
-4.716634e+00 -7.452853e+00 -1.785685e+00 1.808258e+00 -2.145460e+00 1.575334e-01 5.954583e+00 -4.415698e+00
-5.212723e+00 -8.800764e+00 -1.346984e+00 1.017774e+01 -1.689285e+00 -2.212103e+00 5.921473e+00 -1.962685e+00
-6.461407e+00 -6.833479e+00 1.341738e+00 6.384011e+00 -2.485193e+00 4.772594e-02 8.198418e+00 -2.291100e+00
-7.138469e+00 -1.128050e+01 -2.723625e+00 3.252045e+00 -2.507822e+00 -2.916071e-01 6.657729e+00 -5.627866e+00
-5.567675e+00 -8.457360e+00 -3.699038e-02 6.132015e+00 5.774276e-02 -1.497292e+00 4.056761e+00 -5.609308e+00
-6.509878e+00 -1.063787e+01 -5.576418e-01 2.027478e+00 -7.299479e-01 -1.646370e+00 7.775008e+00 -3.727156e+00
-2.970737e+00 -4.057286e+00 -9.864634e-01 5.359526e+00 -4.785383e+00 3.815686e+00 8.354850e+00 -6.057505e-01
-7.275934e+00 -1.064578e+01 -5.405105e-02 9.024265e+00 1.420062e+00 -4.572080e+00 6.631391e+00 -6.976935e+00
-5.319997e+00 -9.016429e+00 -2.804718e+00 1.083758e+01 -1.015873e+00 -1.863341e+00 7.556701e+00 -3.780215e+00
-4.515941e+00 -8.811082e+00 -7.174908e-01 5.848807e+00 3.088688e+00 -2.399232e+00 4.283282e+00 -6.596472e+00
-6.024932e+00 -8.333722e+00 -4.688705e-01 1.737213e+00 -4.773715e+00 -5.463535e-01 3.201981e+00 -7.311112e+00
-6.148535e+00 -9.177453e+00 -3.603140e+00 8.252870e+00 -8.507169e+00 9.506812e-01 8.713587e+00 -4.833022e+00
-4.084402e+00 1.747111e+00 -5.975166e-01 8.965595e+00 -6.505705e+00 8.285742e+00 8.556887e+00 1.584302e+00
-2.256431e+00 -5.218732e+00 -9.539237e-01 5.077290e+00 -1.156351e+00 -3.901953e-01 9.931248e+00 -3.256198e+00
-4.852871e+00 -6.819503e+00 -1.707640e+00 2.662729e+00 3.069123e+00 -1.346549e+00 8.551588e+00 -5.726379e+00
-7.980357e+00 -7.447939e+00 -1.821191e-01 1.449268e+01 -6.470616e+00 5.397936e-01 8.076789e+00 -6.122383e+00
-5.594166e+00 -5.491264e+00 -7.915203e+00 9.710888e+00 -4.996976e+00 4.558269e-01 7.040700e+00 -5.716016e+00
-7.142726e+00 -1.047914e+01 6.418626e-01 8.659189e+00 1.984962e+00 2.748241e+00 5.973203e+00 -5.803941e+00
-5.336910e+00 -7.586827e+00 -5.476206e+00 1.318333e+01 -5.340536e+00 1.694718e-01 3.632518e+00 -2.226294e+00
-9.830053e+00 -9.332837e+00 -6.356012e+00 1.286469e+01 -2.441734e+00 -1.962671e+00 6.110045e+00 -2.006658e+00
-5.797319e+00 -4.277224e+00 -1.992833e+00 1.618604e+01 9.549146e-01 1.172270e+00 5.250780e+00 -2.857160e+00
-3.045655e+00 -9.698066e+00 -1.156239e+00 7.396814e+00 3.264208e-01 -4.454967e+00 7.909026e+00 -3.032088e+00
-4.459435e+00 -7.603680e+00 9.097193e-01 8.097564e+00 3.561890e+00 2.971744e+00 5.811755e+00 -6.422247e+00
-7.005948e+00 -7.386836e+00 2.801537e-02 1.632882e+01 -5.764659e-02 -2.679181e+00 3.797850e+00 -4.437403e+00
-6.111568e+00 -4.407971e+00 -1.076694e+00 8.074587e+00 3.186655e+00 6.630092e+00 1.040762e+01 -2.636737e+00
-2.753027e+00 -1.110006e+01 -2.633659e+00 8.355286e+00 6.461432e-01 1.041923e+00 7.167380e+00 -2.865573e+00
-8.662188e+00 -5.252245e+00 -1.745375e-01 1.310914e+01 2.088554e+00 1.053388e+00 3.569295e+00 -3.853397e+00
-8.552982e+00 -4.288863e+00 -2.015401e-01 4.804479e+00 -2.717882e+00 1.102318e+00 1.069594e+01 -6.329502e+00
-7.203400e+00 -4.257070e+00 -1.504328e+00 8.032554e+00 -3.374975e+00 6.400664e-01 7.531259e+00 -2.557863e+00
-8.582222e+00 -8.721609e+00 1.075214e+00 1.666609e+01 5.418278e-02 2.745070e+00 6.573035e+00 -2.677750e+00
-7.848723e+00 -1.029008e+01 2.326710e+00 1.101642e+01 -4.686708e-01 7.390176e+00 7.501933e+00 -6.103926e+00
-4.878736e+00 -6.326505e+00 -3.343106e+00 8.157277e+00 -8.430197e-01 2.891808e+00 2.937049e+00 -7.103062e+00
-8.216544e+00 -6.711763e+00 4.937344e-01 1.003828e+01 -2.890340e+00 2.152728e-03 7.160287e+00 -5.194925e+00
-7.046676e+00 -7.168527e+00 -2.345166e+00 1.061418e+01 1.478101e+00 -3.467231e+00 5.241604e+00 -4.435239e+00
-3.093534e+00 -7.338712e+00 3.392413e-01 9.050900e+00 4.628964e+00 3.153753e-02 4.688548e+00 -8.137534e+00
-8.238415e+00 -1.015830e+01 -4.168320e+00 1.358086e+01 -5.624337e-01 4.194015e+00 8.523775e+00 -1.765809e+00
-1.003185e+01 -1.059322e+01 -1.688305e+00 1.539999e+01 -2.604297e+00 2.580741e+00 5.639983e+00 -3.045049e+00
-1.068944e+01 -8.842061e+00 -3.874684e+00 1.191761e+01 -1.044058e+00 2.536428e+00 3.268325e+00 -4.960934e+00
-5.072455e+00 -2.993952e+00 -2.183686e+00 1.024395e+01 4.149047e+00 4.395974e+00 9.437641e+00 -1.550708e+00
-5.688354e+00 -7.633004e+00 -3.431876e+00 1.136629e+01 -1.477485e+00 2.828383e+00 8.721118e+00 -3.309300e+00
-6.525576e+00 -6.977092e+00 2.088723e+00 1.437207e+01 -1.167542e+00 1.327530e+00 6.579002e+00 -4.765246e+00
-8.171818e+00 -2.496899e+00 -2.682278e+00 1.140467e+01 -3.686315e+00 3.356985e+00 7.255982e+00 -1.504766e+00
-4.546002e+00 -7.914992e+00 -1.347894e+00 2.043756e+00 5.490564e-01 1.162660e+00 2.267227e+00 -5.013200e+00
-8.514413e+00 -9.621221e+00 -1.716498e+00 4.425310e+00 -1.391288e-02 -2.589274e+00 8.506438e+00 -7.365842e+00
-5.931788e+00 -7.108608e+00 -1.591540e+00 5.244134e+00 -7.600382e-02 -5.568568e+00 8.174519e+00 -4.417934e+00
-5.315345e+00 -9.528092e+00 -3.547022e+00 -1.623205e+00 9.635096e-01 -5.015460e-01 4.930575e+00 -2.192786e+00
-4.847226e+00 -5.383895e+00 -2.112854e+00 3.024376e+00 -2.261402e+00 -1.203599e+00 7.740415e+00 -5.268998e+00
-5.417421e+00 -7.838443e+00 -2.135443e+00 9.987082e+00 -1.702641e+00 -7.668964e-01 6.062335e+00 -5.480129e+00
-5.269089e+00 -6.386627e+00 -2.284393e+00 8.740942e+00 6.255061e-01 -6.146205e-01 6.070794e+00 -5.321512e+00
-3.817863e+00 -8.333390e+00 3.672282e-01 3.043259e+00 -2.146584e+00 -2.371547e+00 9.890676e+00 -4.412481e+00
-5.208692e+00 -5.566871e+00 -3.877663e+00 2.894422e+00 -1.034192e+00 -7.332213e-01 4.706432e+00 -1.549354e+00
-1.074696e+01 -5.738351e+00 -2.410659e-01 8.829427e+00 4.106616e-01 -3.741576e-01 6.781633e+00 -5.117332e+00
-7.604926e+00 -8.103098e+00 -4.691695e+00 3.191576e+00 2.413248e+00 -2.703557e+00 7.716089e+00 -1.165185e+01
-9.441082e+00 -3.096201e+00 2.321048e+00 8.058783e+00 5.554955e+00 1.683684e+00 5.405928e+00 -3.336142e+00
-5.630163e+00 -7.596579e+00 -2.188852e+00 4.944777e+00 -2.591365e+00 -1.857376e+00 5.609401e+00 -3.964519e+00
-6.421098e+00 -5.511589e+00 5.538388e-01 7.234422e+00 1.599436e-01 2.210960e+00 1.139305e+01 -1.543933e+00
-4.280154e+00 -8.343635e+00 -1.600715e+00 6.296548e+00 -4.129566e+00 -2.241667e+00 6.787665e+00 -1.241902e+00
-4.998138e-01 -2.393633e+00 -1.778203e+00 7.580924e+00 5.467271e-01 3.658133e+00 7.668199e+00 -4.676110e+00
-4.540723e+00 -7.228840e+00 -2.741730e+00 5.028135e+00 -2.254906e+00 -3.025934e+00 8.922865e+00 -1.857893e+00
-7.093790e+00 -5.001771e+00 4.129678e-01 4.683699e+00 1.074213e+00 1.272979e+00 6.273408e+00 -3.967403e+00
-4.802996e+00 -7.482532e+00 -2.499470e+00 1.878244e+00 -1.946187e+00 -1.937131e+00 6.674146e+00 -1.734550e+00
-8.589423e+00 -7.752371e+00 8.052770e-01 1.040229e+01 -9.395017e-02 -4.458409e+00 6.690489e+00 -2.053376e+00
-1.007626e+01 -5.074065e+00 1.857054e+00 8.529005e+00 3.986898e+00 7.818798e-01 6.861952e+00 -5.854051e+00
-7.681418e+00 -1.020382e+01 -1.431561e+00 3.268073e+00 -3.260891e+00 1.977398e+00 8.232804e+00 -3.081790e+00
-4.716991e+00 -8.056781e+00 2.204942e-01 9.682712e+00 -7.156264e-01 -5.102134e+00 4.350373e+00 -7.065917e+00
-3.437749e+00 -8.827268e+00 -6.027214e-01 2.637109e+00 -2.323079e+00 -3.322034e+00 8.609862e+00 -4.802275e+00
-7.359226e+00 -1.051052e+00 -9.220241e-01 3.480789e+00 -2.949815e+00 4.390316e+00 5.575419e+00 -9.047277e-01
-9.029132e+00 -8.822209e+00 2.905495e+00 1.000743e+01 -2.797281e+00 -5.550944e+00 6.449425e+00 -5.381319e+00
-4.915193e+00 -5.783112e+00 -1.602935e+00 7.483962e+00 -5.236900e-01 -2.712161e+00 8.243532e+00 -2.577758e+00
-6.863716e+00 -7.575010e+00 -2.406025e+00 6.682053e+00 7.040674e-01 1.182587e+00 6.348208e+00 -3.251331e+00
-6.804427e+00 -7.939739e+00 -7.103696e-01 3.084264e+00 -4.097042e+00 -2.197743e+00 5.255117e+00 -5.471389e+00
-4.100395e+00 -8.422050e+00 -2.482851e+00 7.633151e+00 -7.692690e+00 4.055307e-01 6.370677e+00 -6.190876e+00
-4.728023e+00 -1.755936e+00 1.001197e+00 7.090607e+00 -6.168438e+00 4.809034e+00 6.080472e+00 3.919495e+00
-2.886490e+00 -6.479152e+00 -4.251350e+00 6.222793e+00 -3.582258e+00 -1.749505e+00 7.628981e+00 -2.880844e+00
-5.284159e+00 -3.083137e+00 -2.124056e+00 5.910473e+00 1.470148e+00 -8.170219e-01 1.187669e+01 -2.381438e+00
-6.519362e+00 -6.941461e+00 1.766505e+00 1.368467e+01 -5.082021e+00 -1.605209e+00 5.509432e+00 -7.211772e+00
-9.029520e+00 -8.548408e+00 -8.178228e+00 9.004915e+00 -2.176006e+00 3.553452e+00 5.195317e+00 -4.299284e+00
-6.722920e+00 -9.077351e+00 -4.811121e-01 1.222752e+01 -2.588005e-01 3.321670e+00 6.985815e+00 -3.982592e+00
-6.316352e+00 -5.539740e+00 -3.190115e+00 9.799478e+00 -5.658246e+00 1.547163e-01 4.968796e+00 -4.493005e+00
-6.330769e+00 -1.025424e+01 -9.166563e+00 1.069633e+01 -9.261358e+00 -1.218312e+00 5.827958e+00 -3.024431e+00
-6.947028e+00 -1.062008e+01 -2.055149e+00 1.445630e+01 6.341770e-01 1.930237e+00 7.025388e+00 -2.088052e+00
-1.621637e+00 -1.215954e+01 -2.329334e+00 1.053783e+01 -7.381378e-02 -4.952007e+00 6.072969e+00 -3.368699e+00
-6.906982e+00 -1.106123e+01 -4.095287e+00 1.294453e+01 2.084656e+00 -1.280386e+00 4.241136e+00 -9.653694e+00
-7.148857e+00 -5.987045e+00 1.545950e+00 1.113699e+01 5.345916e+00 -3.362259e+00 2.807144e+00 -3.745130e+00
-4.964856e+00 -3.988933e+00 -1.156853e+00 1.410564e+01 -3.582951e+00 1.847793e+00 8.122295e+00 -2.993482e+00
-3.419766e+00 -7.286427e+00 -2.196363e+00 7.675546e+00 -8.982252e-02 2.572660e+00 7.194206e+00 -9.527759e-01
-6.389483e+00 -6.791186e+00 -3.013716e-01 9.256039e+00 8.587867e-01 1.790329e+00 8.183630e+00 -5.712362e+00
-5.729016e+00 -5.734411e+00 -1.553710e+00 6.713537e+00 -6.669367e-01 4.801062e+00 7.808879e+00 -1.824459e+00
-6.487239e+00 -1.199476e+01 -4.550221e+00 1.071490e+01 -4.439029e+00 -2.023930e-01 7.131299e+00 -6.792282e-01
-8.384890e+00 -1.079690e+01 9.669538e-02 1.604797e+01 2.596265e+00 3.502601e+00 6.776401e+00 -4.071704e+00
-3.587767e+00 -1.173595e+01 2.037176e+00 1.113969e+01 1.138070e+00 4.312616e+00 6.090977e+00 -3.069259e+00
-8.643781e+00 -7.047549e+00 -2.071903e+00 8.659301e+00 1.748190e-01 3.462414e+00 4.481842e+00 -4.219623e+00
-6.965726e+00 -7.507382e+00 -1.514697e-01 1.132372e+01 -2.138468e+00 3.275496e+00 8.814723e+00 -4.033779e+00
-6.918810e+00 -9.773021e+00 -1.266959e+00 1.288441e+01 7.534585e-01 2.043608e+00 3.945075e+00 -4.536937e+00
-7.637100e+00 -6.545893e+00 -5.747781e-01 1.192301e+01 4.347065e+00 -1.228080e-01 6.920563e+00 -5.541114e+00
-4.930373e+00 -8.609669e+00 -3.000508e+00 1.195583e+01 -1.877841e+00 2.594092e+00 4.801949e+00 -2.482642e+00
-1.195867e+01 -6.448255e+00 -4.119791e+00 1.353173e+01 -2.938777e-01 -9.091208e-01 5.962440e+00 -4.542765e+00
-8.755890e+00 -1.106291e+01 -3.422582e+00 1.404913e+01 -5.111141e-01 2.088005e+00 4.521090e+00 -3.970937e+00
-6.871360e+00 -7.134364e+00 1.459929e+00 9.620918e+00 3.286330e+00 4.696295e+00 9.345408e+00 -3.734199e+00
-7.088279e+00 -3.787291e+00 -3.984897e+00 1.199459e+01 -1.703532e+00 4.813725e+00 6.336247e+00 8.656260e-01
-4.669676e+00 -8.180347e+00 4.653259e+00 1.713444e+01 3.755367e-01 -2.863613e+00 6.751426e+00 -9.328812e+00
-7.500994e+00 -7.082512e+00 -6.131063e+00 1.017231e+01 -5.660846e+00 6.508458e-01 7.955249e+00 1.131409e+00
-4.790829e+00 -7.594310e+00 -5.989747e+00 4.348129e+00 -5.781758e+00 -2.403775e+00 1.215913e+00 4.027489e-01
-5.716585e+00 -9.986200e+00 -8.861577e+00 1.096889e+01 -3.004289e+00 -8.816245e-02 2.458123e+00 2.031962e+00
-2.549402e+00 -1.075076e+01 -7.042253e-01 -4.942226e-01 1.402593e+00 -4.407306e+00 4.322521e+00 -2.992494e+00
-5.642886e+00 -1.024429e+01 3.219940e-01 3.734932e+00 2.651042e-02 -5.105466e+00 4.282757e+00 -4.124884e+00
-4.847150e+00 -1.137013e+01 -1.559734e+00 4.007333e+00 -1.850873e-01 -4.287731e+00 5.329255e+00 -6.144070e+00
-3.408367e+00 -1.017666e+01 -7.592700e-01 3.718922e+00 2.381106e-01 -4.119893e+00 5.784566e+00 -7.896029e+00
-8.493791e+00 -7.767412e+00 -4.136656e-01 9.448676e+00 3.820507e-01 -1.749429e+00 5.687308e+00 -6.447505e+00
-8.283289e+00 -4.324971e+00 -2.937789e+00 7.781621e+00 -1.205940e+00 -5.236151e-01 3.477294e+00 -6.730284e+00
-5.024984e+00 -7.325065e+00 1.763502e+00 5.582316e+00 6.741617e+00 1.946617e+00 5.053054e+00 -7.781529e+00
-6.715700e+00 -8.842718e+00 1.027262e+00 8.454572e+00 6.253290e+00 2.599919e+00 9.342295e+00 -8.354350e+00
-9.747638e+00 -6.131997e+00 -3.312066e-01 5.007547e+00 2.665144e+00 2.769708e+00 6.295826e+00 -4.491023e+00
-6.958481e+00 -5.390299e+00 -5.368735e-01 5.127715e+00 -1.183215e-01 2.474390e+00 8.110144e+00 -3.591861e+00
-4.639135e+00 -7.534299e+00 -4.356476e+00 3.408422e+00 1.257254e+00 -1.598863e+00 4.427325e+00 -2.593843e+00
-5.979906e+00 -6.822138e+00 -2.097742e+00 7.231947e+00 3.981714e+00 2.652842e+00 6.505834e+00 -1.809239e+00
-5.891489e+00 -5.977663e+00 -2.703606e+00 5.965066e+00 -2.633940e+00 2.402567e+00 8.035728e+00 -5.357220e+00
-5.953409e+00 -7.974074e+00 -1.154155e+00 6.200218e+00 1.128694e+00 1.452499e+00 1.112516e+01 -6.239037e+00
-3.821224e+00 -5.513780e+00 -7.516601e-01 3.237638e+00 -1.658266e+00 -7.229083e-01 4.166449e+00 -6.246511e+00
-6.252401e+00 -5.340244e+00 1.515653e+00 4.650239e+00 1.765941e+00 -1.913966e+00 8.650732e+00 -6.292491e+00
-3.972421e+00 -5.239092e+00 -3.931962e+00 5.552559e+00 -3.886349e+00 -2.625229e+00 4.329854e+00 -2.673670e+00
-3.351807e+00 -5.448282e+00 -1.095539e+00 7.522683e+00 -5.042080e+00 -4.779267e+00 6.384080e+00 -5.027084e+00
-4.313712e+00 -7.155255e+00 -3.887470e+00 7.210519e+00 -2.558183e+00 -3.196541e+00 7.347941e+00 -5.510207e+00
-3.057764e+00 -9.545758e+00 -5.927360e+00 7.987042e+00 -4.332268e+00 -3.658272e-01 4.294614e+00 -3.976326e+00
-8.572891e+00 -1.178093e+01 -8.378163e-01 1.065711e+01 6.874493e-02 5.630254e-01 5.715757e+00 -9.847692e+00
-6.220007e+00 -1.091517e+01 2.475310e+00 5.117793e+00 2.931704e+00 -8.009934e-01 8.613020e+00 -7.305444e+00
-3.786582e+00 -8.714202e+00 -8.222485e-01 6.015274e+00 3.257676e+00 -4.157263e-01 8.715912e+00 -6.476041e+00
-6.187991e+00 -6.789086e+00 -8.630509e-02 5.359160e+00 1.820164e+00 9.415006e-01 6.592399e+00 -5.021463e+00
-5.348138e+00 -6.750941e+00 -3.831149e+00 5.325439e+00 -2.820415e+00 -1.639817e+00 5.055413e+00 -1.712215e+00
-7.035381e+00 -5.457061e+00 -4.323036e+00 4.849183e+00 -4.047263e+00 1.380421e-01 6.346964e+00 -2.008191e+00
-4.255422e+00 -6.447571e+00 -2.590558e+00 8.949693e+00 1.083073e+00 -2.603215e+00 4.616267e+00 -2.918150e+00
-7.649221e+00 -7.544743e+00 -1.314050e+00 5.293807e+00 -1.546320e+00 -8.644868e-02 4.208679e+00 -2.236970e+00
-1.035761e+01 -7.998330e+00 -3.129117e+00 1.281693e+01 2.490564e+00 -1.265990e+00 6.559747e+00 -1.196884e+00
-6.865975e+00 -9.118585e+00 -2.928655e+00 9.772253e+00 3.270062e-01 -1.850762e+00 1.004163e+00 -1.974579e+00
-9.926942e+00 -7.606614e+00 -5.132708e-01 1.441656e+01 -4.238031e+00 -1.120854e+00 8.256819e+00 -4.278186e+00
-9.719701e+00 -9.362520e+00 1.098543e+00 1.623727e+01 -4.390944e+00 -2.487478e-01 6.445498e+00 -5.074695e+00
-5.276152e-01 -5.071407e+00 -3.942498e+00 9.359856e+00 -6.354416e+00 2.049980e+00 6.973501e+00 -6.808940e-01
-2.933874e+00 -3.301401e+00 7.721811e-01 1.066350e+01 -2.678065e+00 7.354906e-01 9.408953e+00 2.487386e+00
-7.468549e+00 -6.803571e+00 -2.554679e+00 9.015021e+00 -1.513472e+00 -1.027608e-02 8.652042e+00 -3.624725e+00
-6.010585e+00 -5.636849e+00 9.625725e-02 9.859316e+00 -3.948031e+00 7.676941e-01 1.052325e+01 -8.576128e-01
-5.573535e+00 -8.423685e+00 1.625968e+00 1.815734e+01 6.958476e-01 8.612062e-02 3.990919e+00 1.070526e-02
-6.504045e+00 -6.825125e+00 3.265363e+00 1.683416e+01 1.284846e+00 2.151923e+00 2.135164e+00 -2.618291e+00
-7.929278e+00 -9.722482e+00 -6.896559e+00 1.279629e+01 -3.980046e+00 -1.391385e+00 2.386549e+00 -4.800543e+00
-9.656374e+00 -1.106382e+01 -1.686916e+00 1.176836e+01 2.022836e+00 -3.754105e+00 3.388029e+00 -6.489583e+00
-4.549894e+00 -5.046030e+00 -5.407177e-01 7.273452e+00 9.046266e-03 -5.159139e-02 6.665587e+00 -8.890467e+00
-2.017213e+00 -5.362268e+00 -2.221972e+00 7.267497e+00 -5.157443e+00 4.505568e+00 1.128721e+01 -2.039550e+00
-8.046668e+00 -5.970401e+00 -2.098095e+00 1.414523e+01 -2.147208e+00 3.131554e+00 6.449541e+00 -3.020637e+00
-5.163602e+00 -6.591351e+00 -6.538069e-01 1.160191e+01 -3.140835e+00 4.644003e+00 5.625642e+00 -5.886902e+00
-7.328958e+00 -8.313056e+00 -2.162662e-01 7.807235e+00 1.512813e+00 1.893632e+00 6.172368e+00 -5.248020e+00
-9.205990e+00 -9.222730e+00 1.719383e+00 1.239765e+01 1.235508e+00 -1.974157e-01 7.176050e+00 -2.072452e+00
-6.405598e+00 -5.203121e+00 -3.099305e+00 7.004934e+00 -1.355865e+00 -2.701737e+00 7.346028e+00 -4.819432e+00
-6.561643e+00 -5.543683e+00 -1.550864e+00 7.302740e+00 -2.110171e-01 -2.664982e+00 2.416834e+00 -1.333209e+00
-6.846946e+00 -9.038034e+00 2.195588e+00 1.000061e+01 5.185142e-01 2.444351e+00 7.202442e+00 -8.606233e+00
-7.484165e+00 -9.812693e+00 -2.098139e+00 3.513088e+00 8.817918e-01 -7.061191e-02 6.455189e+00 -7.100725e+00
-4.294222e+00 -7.006099e+00 -2.746360e+00 7.040120e+00 -2.403940e+00 7.122527e-01 6.056241e+00 -4.909784e+00
-3.454277e+00 -6.206669e+00 -2.840127e+00 8.624323e+00 -3.403643e-01 4.393269e-01 5.866189e+00 -2.158754e+00
-6.873146e+00 -4.005846e+00 -4.053916e+00 1.379043e+01 -3.590319e+00 -1.063387e+00 2.047878e+00 -3.221787e+00
-6.853463e+00 -9.299067e+00 -3.946694e+00 1.441065e+01 -5.546782e+00 3.878436e-02 4.693592e+00 -6.205082e-01
-4.189247e+00 -1.015515e+01 -2.697865e+00 1.662612e+01 -2.968024e+00 -1.278986e+00 7.614316e+00 -4.474635e+00
-4.274727e+00 -1.077192e+01 -1.894879e+00 1.714984e+01 -2.159462e+00 1.294107e+00 1.086176e+01 -6.373475e+00
-5.370755e+00 -4.878058e+00 -1.374862e+00 1.087254e+01 -1.294225e+00 1.989288e+00 9.472930e+00 -2.262592e+00
-4.208181e+00 -4.177353e+00 -3.134536e+00 1.246408e+01 -6.085881e+00 2.322212e+00 7.241108e+00 6.878139e-01
-4.397547e+00 -3.630797e+00 -1.872654e+00 -6.853615e-02 -3.150746e+00 3.207474e+00 8.671003e+00 2.721043e+00
-4.875525e-01 -5.355885e+00 -3.666598e+00 1.108029e+01 -2.483616e-01 4.299142e+00 5.684440e+00 3.029934e+00
-5.449409e+00 -6.536020e+00 -3.847703e+00 -2.371649e+00 1.897521e+00 -2.388907e+00 5.942599e+00 -3.790223e-01
-2.987994e+00 -9.668542e+00 -1.670020e+00 2.432246e+00 1.890265e+00 -3.084133e+00 4.674269e+00 3.140893e+00
-7.959073e+00 -5.744635e+00 -3.801871e+00 3.261101e+00 -1.681423e+00 -2.309062e+00 8.120041e+00 -5.411907e+00
-7.583219e+00 -6.765442e+00 -1.487842e+00 3.794433e+00 -1.449457e+00 2.935472e+00 8.380875e+00 -3.392363e+00
-4.881536e+00 -2.715294e+00 -2.754119e+00 -4.619815e-01 1.448057e-01 2.367688e+00 9.396886e+00 5.485160e-01
-3.751302e+00 -2.120104e+00 -4.010123e+00 2.510219e+00 3.936973e-01 4.603232e+00 9.320281e+00 2.012323e+00
-4.957676e+00 -6.076470e+00 -3.253661e+00 4.822181e+00 -8.579977e-01 -3.660640e-01 7.065315e+00 -7.934918e-01
-2.344889e+00 -9.556856e+00 -4.489786e+00 4.201809e+00 -5.588726e-01 -6.973252e-01 3.364179e+00 -7.544900e-02
-5.322302e+00 -8.050780e+00 -1.805957e+00 2.015672e+00 2.056082e+00 6.877362e-01 4.093710e+00 -2.726995e+00
-4.101981e+00 -7.708908e+00 2.656792e+00 -5.635252e-02 2.531536e+00 -9.763888e-02 7.674475e+00 -4.675418e+00
-3.717976e+00 -6.689265e+00 -3.263431e+00 3.689748e+00 -1.116406e-01 -8.066356e-01 3.708735e+00 -3.390612e+00
-1.242000e+00 -1.095599e+01 -1.248886e+00 1.983495e+00 1.568767e+00 -6.759355e-01 7.423686e+00 -5.352968e+00
-4.407406e+00 -8.390311e+00 3.200297e-01 6.680234e+00 -1.542937e+00 6.248952e-01 9.302672e+00 -5.172621e+00
-1.248871e-01 -6.196036e+00 1.481599e+00 6.032046e+00 -1.249487e+00 3.353195e+00 1.108232e+01 -4.554320e-01
-4.392246e+00 -1.066074e+01 -5.833348e+00 2.015995e+00 -4.888891e+00 -3.901384e-01 2.789489e+00 -7.028662e+00
-3.620412e+00 -9.671376e+00 -4.806957e+00 2.147250e+00 -5.843758e+00 -4.625248e+00 4.938675e+00 -5.013105e+00
-6.173361e+00 -7.106234e+00 4.363520e-01 3.579070e+00 1.666896e+00 1.080284e-01 6.932194e+00 -5.456373e+00
-6.620088e+00 -5.904883e+00 2.073452e-01 5.276228e+00 1.069622e+00 -2.920016e+00 6.747920e+00 -7.759970e-01
-2.466560e+00 -7.912620e+00 -3.154128e+00 7.893425e+00 -1.156013e+00 -5.539700e+00 4.773722e+00 -3.830806e+00
-2.594079e+00 -5.962716e+00 -6.869377e+00 4.424788e+00 -1.698552e+00 -4.841797e+00 7.254259e+00 -1.547331e+00
-1.966498e+00 -7.679760e+00 -4.571746e-01 8.557066e+00 -2.841978e+00 -5.730581e-01 7.306817e+00 -2.903110e+00
-4.477996e+00 -7.488758e+00 -9.844172e-01 4.598807e+00 -1.447141e+00 -2.388171e+00 1.030017e+01 -6.155472e+00
-2.469360e+00 -4.136722e+00 1.329026e+00 5.081696e+00 5.479845e-01 2.980109e+00 4.756875e+00 -2.311669e+00
-3.042915e+00 -6.831773e+00 -2.604485e+00 7.784385e+00 1.131323e+00 9.965973e-01 1.582174e+00 -6.104789e-01
-3.211382e-01 -8.648621e+00 -2.112694e+00 5.950580e+00 4.197406e-01 1.236732e+00 9.152029e+00 -5.521716e-01
-1.484801e+00 -9.399150e+00 -3.163427e+00 2.536691e+00 2.403540e+00 -7.417002e-01 8.708017e+00 -1.870291e+00
-6.712242e+00 -4.365883e+00 -7.503449e+00 -7.524373e-01 -4.606592e+00 -2.842716e+00 8.492735e+00 -2.147442e-01
-3.932471e+00 -2.964668e-02 -6.207537e+00 6.168448e+00 -2.295319e+00 2.959864e+00 1.001045e+01 3.619795e+00
-4.568057e+00 -6.486124e+00 -1.007306e+00 5.044275e-01 -3.920330e+00 7.287593e-01 8.360250e+00 -2.752207e+00
-8.983382e+00 -5.745602e+00 2.205088e+00 -6.039513e-01 4.384926e-01 -1.457918e+00 1.099861e+01 -6.945698e+00
-2.902685e+00 -1.099130e+01 8.249519e-01 -5.141767e-01 8.598750e-01 -5.453272e+00 1.055707e+01 -1.050810e+01
-5.492854e+00 -1.225998e+01 -1.069774e+00 3.241372e+00 2.174331e+00 -3.775784e+00 9.935988e+00 -5.990303e+00
-3.471406e+00 -8.591493e+00 4.992195e-01 5.247980e+00 -1.826719e+00 -2.543825e+00 4.513757e+00 -4.628209e+00
1.437423e+00 -9.600013e+00 8.175056e-01 3.076795e+00 -5.459963e+00 -1.604246e+00 3.710458e+00 -3.051834e+00
-2.454093e+00 -7.634574e+00 -5.332752e+00 3.817538e+00 -4.535969e+00 -3.897750e+00 6.419350e+00 -4.766437e+00
-2.213129e+00 -1.130967e+01 -4.036843e+00 3.601275e+00 -1.072525e+00 -3.902599e+00 5.202416e+00 -6.131127e+00
-5.927118e+00 -1.251912e+01 -3.072607e+00 4.227504e+00 3.407144e+00 -4.589672e+00 3.950190e+00 -3.763814e+00
-3.508513e+00 -1.263796e+01 -2.633180e+00 6.832259e+00 2.139168e+00 -2.666505e+00 5.555909e+00 -3.330244e+00
-6.662653e+00 -6.973307e+00 -5.755774e+00 -1.922561e+00 1.226730e-01 8.939188e-02 1.351871e+01 -5.335217e+00
-7.158038e+00 -2.775823e+00 -5.023021e+00 9.349272e-01 -2.040804e+00 -4.871412e-01 1.003157e+01 2.025995e+00
-7.313056e+00 -3.090925e+00 -3.465855e+00 6.069866e+00 -4.804334e-01 2.154354e+00 5.578763e+00 2.711757e+00
-9.560606e+00 -3.312395e+00 1.486661e+00 5.560874e+00 2.409174e+00 3.853043e+00 8.435148e+00 -2.496663e+00
-5.019679e+00 -5.626749e+00 -4.243383e+00 -8.133268e-01 -1.662023e+00 -3.406588e+00 1.003520e+01 -6.587549e+00
-4.483554e+00 -5.414199e+00 -4.138280e+00 1.050256e+00 -8.017867e-01 -2.047503e-01 9.785478e+00 -5.288513e+00
-5.015439e+00 2.161953e-01 -3.580504e+00 4.384196e+00 -6.410039e-01 2.587249e+00 9.807422e+00 3.563957e+00
8.948654e-01 -4.228440e+00 -2.905831e+00 6.941399e+00 2.540439e+00 3.675035e+00 6.302147e+00 4.371149e+00
-5.578275e+00 -8.595466e+00 -4.298571e+00 4.802224e+00 -4.411146e+00 -3.037522e+00 6.135133e+00 -5.278691e+00
-2.050080e+00 -8.110121e+00 -4.704903e+00 1.333693e+00 -5.240452e+00 -2.806167e+00 2.080406e+00 -4.750643e+00
-9.419236e+00 -6.986384e+00 -5.055293e+00 2.392097e+00 6.108852e-02 -2.132335e+00 6.705616e+00 -7.064855e+00
-1.758927e+00 -7.037963e+00 -2.336087e+00 4.526282e+00 1.712696e+00 -3.935375e+00 8.350338e+00 -1.019347e+00
-6.490607e+00 -6.856789e+00 -3.791677e+00 1.816610e+00 -6.581830e-01 1.306042e-01 3.765213e+00 -3.977341e+00
-5.874166e+00 -6.564192e+00 -2.787643e+00 -1.980428e+00 1.623036e+00 -2.253332e+00 2.970741e+00 -3.918068e+00
-6.192619e+00 -3.376265e+00 -3.302385e+00 1.317212e+00 9.986764e-01 2.264453e+00 8.722712e+00 -4.664956e-01
-7.312417e+00 -3.709004e+00 -5.630015e+00 4.022289e+00 -3.451889e-01 1.775566e+00 8.152451e+00 1.058608e+00
-5.826206e+00 -7.104081e+00 -4.755117e+00 2.432387e+00 -5.500418e+00 -1.830579e+00 6.150504e+00 -5.170583e+00
-6.403611e+00 -6.796128e+00 -3.861376e+00 2.252180e+00 -7.035878e-01 -3.790840e+00 6.353854e+00 -7.990678e+00
-5.079068e+00 -6.984344e+00 -3.090563e+00 2.403659e+00 -3.232655e+00 -5.333850e-01 5.572781e+00 -1.909846e+00
-6.797400e+00 -5.682125e+00 -1.263547e+00 1.839569e+00 -3.931446e+00 -3.616810e-01 4.155198e+00 -9.145976e-01
-7.457190e+00 -5.528410e+00 -7.655727e-01 1.097411e+01 -5.609080e-01 1.926795e+00 4.386739e+00 -4.664285e+00
-5.986242e+00 -1.086332e+01 -4.651425e+00 1.025820e+01 2.591734e+00 4.970164e+00 2.422383e+00 -5.937414e+00
-2.973635e+00 -5.266664e+00 -5.459367e-01 1.115025e+01 -8.599423e-01 2.725699e+00 9.820871e+00 -3.741213e+00
-3.661829e+00 -5.090405e+00 -3.927943e+00 8.057023e+00 2.372198e-01 2.590950e+00 7.678483e+00 -2.260555e+00
-2.568292e+00 -7.630027e+00 1.915749e-01 1.085802e+01 1.574471e+00 1.289426e-01 4.176918e+00 -2.296739e+00
-4.265901e+00 -5.926369e+00 -2.001456e+00 6.769187e+00 -1.077349e+00 -2.393359e+00 7.489613e+00 -3.746851e+00
-2.544337e+00 -1.505605e+01 -1.452367e+00 1.219076e+01 2.979494e+00 8.254855e-01 3.874989e+00 -7.088953e+00
-4.701386e+00 -1.167229e+01 1.417130e+00 1.330228e+01 1.727677e+00 5.325016e+00 6.658594e+00 -6.559617e+00
-2.743337e+00 -9.504576e+00 -1.990638e+00 4.894244e+00 2.489848e+00 -2.512315e+00 8.089045e+00 -7.236799e+00
-3.159672e+00 -6.107060e+00 -4.656063e+00 6.970237e-01 -6.877385e-01 -1.962909e+00 5.282895e+00 -1.989561e+00
-5.782748e+00 -8.473010e+00 -5.390081e+00 8.341278e+00 -6.014296e-01 -1.099829e+00 5.733763e+00 -3.298286e+00
-5.133468e+00 -7.940361e+00 -4.529919e+00 8.079426e+00 -8.659526e-01 -2.637833e+00 4.051539e+00 -3.005057e+00
-1.268217e+00 -8.854276e+00 -2.580802e+00 1.215424e+01 4.344212e-01 -1.728549e+00 1.536885e+00 -3.356760e+00
1.327479e+00 -8.985270e+00 3.268276e+00 1.190859e+01 -7.906103e-01 5.153837e-01 3.694658e+00 -1.736749e+00
-5.858711e+00 -1.564185e+00 -5.722275e+00 3.198014e+00 -1.417305e+00 2.909473e+00 7.707904e+00 1.893420e+00
-4.277333e+00 -4.004553e+00 -6.411209e+00 8.372267e+00 3.221482e+00 1.152710e+00 5.684222e+00 2.815346e+00
-3.493330e+00 -5.606091e+00 -7.717550e+00 3.820051e+00 -1.054359e+00 -2.204944e-02 7.333648e+00 -1.382979e+00
-1.680813e+00 -4.194657e+00 -2.238744e+00 3.548645e+00 -2.181998e-01 2.173966e+00 5.002572e+00 -5.795891e-01
-2.201408e+00 -1.048031e+01 -2.809159e+00 2.785941e+00 5.909210e-01 -3.973616e+00 6.709276e+00 -8.012867e+00
-3.329464e+00 -9.992084e+00 -1.193491e+00 7.516582e+00 -2.152773e+00 -4.854827e+00 5.417468e+00 -5.189310e+00
-5.403034e+00 -5.309368e+00 1.960910e+00 1.409622e+01 7.724640e+00 3.692659e+00 1.069119e+01 -4.927082e+00
-4.882595e+00 -6.483857e+00 -4.841725e-01 1.153923e+01 7.713413e+00 4.850262e-01 5.561159e+00 -1.692813e+00
-2.971408e+00 -9.922281e+00 -6.190202e+00 8.920943e+00 -1.962922e+00 8.721287e-01 3.065668e+00 -6.508141e+00
-4.107750e+00 -7.858833e+00 -3.623565e+00 1.087597e+01 2.444225e+00 4.705398e-01 4.697107e-01 -1.992526e+00
-5.030359e+00 -5.538094e+00 3.159782e-01 2.677828e+00 1.675413e+00 -7.114840e-01 6.816149e+00 -1.009796e+00
-4.061221e+00 -7.658966e+00 -2.527427e+00 5.938518e+00 -1.459089e+00 -2.027385e+00 5.959134e+00 -2.245694e+00
-3.825586e-01 -1.255644e+01 -1.523606e+00 6.317570e+00 -2.262071e-01 -2.841946e-01 2.684697e+00 -8.293654e+00
-5.935178e+00 -6.374646e+00 -4.693596e+00 4.626612e+00 9.794469e-01 -1.374706e+00 8.127227e+00 -7.725124e+00
-2.768467e+00 -5.156976e+00 -4.020257e+00 2.233339e-01 2.533759e+00 3.701322e+00 8.385616e+00 -4.277027e+00
9.161374e-01 -8.347146e+00 -1.823478e+00 2.738752e+00 2.381782e+00 2.723503e+00 6.399584e+00 -7.641982e-02
-4.685041e+00 -7.286939e+00 -5.285099e+00 6.810409e+00 -5.596378e+00 3.008057e+00 7.329031e+00 -3.234932e+00
-3.659378e+00 -5.233685e+00 -4.290860e+00 6.660030e+00 -5.093141e+00 2.930428e+00 5.041686e+00 -3.065633e+00
-3.081241e+00 -4.318328e+00 -3.524298e+00 7.475723e+00 -2.519159e-01 -4.901767e+00 6.005347e+00 -1.720752e+00
7.626653e-01 -8.394280e+00 5.258764e-01 7.820295e+00 1.282756e-01 -2.669398e+00 2.148770e+00 -2.294452e+00
-4.867382e+00 -2.844952e+00 -4.645038e+00 3.241097e+00 -3.069128e+00 -3.628409e-01 6.024986e+00 -5.486728e+00
-7.999777e+00 -4.526214e+00 -6.027323e+00 6.461974e+00 -1.074377e+00 -1.293943e+00 6.228548e+00 -2.652644e+00
-3.482246e+00 -1.816688e+00 -1.742312e+00 5.024728e+00 8.887906e-01 7.792090e-01 1.307601e+01 -1.426038e+00
-2.641332e+00 -2.626814e+00 -1.756540e+00 7.439083e+00 8.822926e-01 1.439095e+00 9.658492e+00 -9.981630e-01
-8.352878e-01 -1.013512e+01 -2.403553e+00 5.477849e+00 -2.631585e-01 -4.246960e+00 6.345185e+00 -5.287148e+00
8.226664e-01 -1.013695e+01 -3.010564e+00 2.015327e+00 -1.600359e+00 -2.743450e-01 7.969954e+00 -4.817568e+00
-6.720650e+00 -9.311382e+00 -1.804946e+00 1.400791e+01 1.472074e+00 4.608163e+00 4.865847e+00 -4.982306e-01
-6.491648e+00 -6.434626e+00 -2.590637e+00 1.056274e+01 -2.629640e+00 1.370524e+00 5.092472e+00 -3.321681e+00
-5.628798e+00 -6.570088e+00 -4.503033e+00 1.026878e+01 -3.494562e+00 -7.438268e-01 7.263493e+00 -4.671038e+00
-3.405565e+00 -3.727761e+00 -4.018820e+00 1.186212e+01 -1.637585e+00 -1.755705e+00 5.532151e+00 -1.206321e-01
-2.435685e+00 -8.738295e+00 1.629488e-01 9.362128e+00 -3.076877e+00 -2.852467e+00 7.046692e+00 -4.763798e+00
-3.059565e+00 -8.743392e+00 -1.119308e+00 7.395496e+00 -1.411688e-01 -6.882029e+00 4.566413e+00 -9.602147e-01
-6.225732e+00 -7.273191e+00 -3.685405e+00 4.492849e+00 -1.691933e-01 -5.089124e+00 5.120826e+00 -3.271519e+00
-1.594869e-01 -1.030851e+01 -2.697179e+00 9.664532e+00 3.641615e+00 -5.349849e+00 4.406392e+00 -2.782170e+00
-4.406545e+00 -6.667278e+00 -1.680298e+00 1.117772e+01 2.508842e+00 -3.149553e+00 1.073129e+01 -4.645126e+00
1.991890e+00 -2.135053e+00 -2.150950e+00 1.129185e+01 1.359983e-01 3.327622e+00 7.886792e+00 1.844243e+00
-3.075752e+00 -3.534197e+00 -1.948821e+00 6.636300e+00 7.473396e-01 4.515542e+00 1.068980e+01 -3.135991e-01
3.930875e-02 -3.688769e+00 -2.021585e+00 5.886228e+00 7.173899e-01 3.075103e+00 6.613055e+00 2.603485e-01
-7.452390e+00 -6.238564e+00 -5.005749e+00 8.105215e+00 -2.691333e+00 -1.600869e+00 4.109255e+00 -3.400284e+00
-8.472679e+00 -5.763175e+00 -3.366273e+00 5.170903e+00 2.079282e+00 -4.240262e+00 2.923918e+00 -5.223071e+00
-4.267400e+00 -9.815680e+00 -1.735574e+00 1.534735e+01 2.444770e+00 -8.335505e-02 5.643717e+00 -5.918376e+00
-4.826615e+00 -9.764130e+00 -3.677488e+00 1.503076e+01 -2.571910e+00 2.210735e+00 4.482557e+00 -8.123936e+00
-7.490258e+00 -8.392185e+00 -6.083542e-01 1.547716e+01 2.152973e-02 1.661843e+00 7.495782e+00 -5.828496e+00
-2.956780e+00 -8.062684e+00 -5.233092e+00 1.461926e+01 4.449708e+00 -1.735843e+00 3.417803e+00 -2.335862e+00
1.351564e+00 -6.806921e+00 2.281604e+00 1.379287e+01 7.892888e-01 2.013979e+00 8.685052e+00 -3.748593e+00
-2.353931e+00 -6.814631e+00 2.069765e+00 1.138667e+01 -1.979674e+00 3.681043e+00 5.419707e+00 -3.682518e+00
-4.736134e+00 -4.478397e+00 -2.222247e+00 2.085673e+00 6.112397e-02 -2.507158e+00 5.771931e+00 -4.066631e+00
-5.819119e-01 -1.162917e+01 -3.841684e+00 7.482217e+00 1.352230e+00 -1.798451e+00 5.836835e+00 -3.436811e+00
-5.077806e+00 -8.858750e+00 -6.734230e+00 -1.293298e+00 1.133896e-01 -5.044202e+00 5.116617e+00 -4.063859e+00
-5.592099e+00 -8.740596e+00 -3.730727e+00 7.696522e-01 -4.823467e+00 -5.195107e+00 7.725178e+00 -3.143356e+00
-2.080922e+00 -2.930586e+00 -3.303953e+00 -5.278148e-01 -3.135724e+00 6.982517e-01 1.177542e+01 -6.340982e-01
-4.473897e+00 -5.640323e+00 -8.904419e-01 7.655856e+00 -2.930444e-01 6.281190e-01 -5.987763e-01 -2.459652e+00
-3.879255e+00 -4.703341e+00 -7.856771e+00 6.685505e+00 2.357816e+00 2.628521e+00 7.506367e+00 -5.731847e+00
3.470920e-01 -7.691645e+00 -4.718226e-01 6.034042e+00 -1.606122e+00 -7.757969e-01 6.810953e+00 -9.196791e-01
2.717474e-01 -8.677423e+00 -4.722620e+00 1.388854e+00 -7.900482e-01 -1.631655e+00 6.539601e+00 -6.461302e-01
-8.230344e+00 -8.471056e+00 7.471510e-01 8.042970e+00 1.241089e+00 -4.378651e+00 5.088497e+00 -5.965484e+00
8.423988e-01 -9.261522e+00 -1.628937e+00 4.366432e+00 -1.912486e+00 -1.796843e+00 8.071681e+00 -6.848925e+00
-6.303733e+00 -8.961726e+00 -1.552179e+00 4.661031e+00 8.044550e-01 -6.696653e-01 4.914647e+00 -1.178953e+00
-9.389227e-01 -6.667979e+00 -3.670749e+00 7.512883e+00 -2.459580e+00 -3.046345e+00 2.420538e+00 -2.319916e-01
-3.367136e+00 -8.433907e+00 -4.966992e+00 4.694056e+00 3.418687e+00 1.322681e+00 7.000312e+00 -1.611012e+00
-4.756069e+00 -5.685028e+00 -3.150509e+00 5.155772e+00 -5.251316e+00 -2.106023e+00 8.362711e+00 -5.440223e+00
-7.937906e+00 -6.320041e+00 5.400545e-01 5.434133e+00 -1.683679e+00 -5.059616e-01 9.671662e+00 -5.087473e+00
-4.106970e+00 -2.945470e+00 -2.288896e+00 3.921442e+00 -1.692108e+00 -2.710467e-01 8.726455e+00 4.868651e-01
-3.585899e+00 -6.498031e+00 -2.777897e+00 9.958553e+00 7.481766e-01 -1.142532e-02 8.315794e+00 -1.037179e+00
-4.103166e+00 -6.229088e+00 -4.789993e+00 -2.240231e+00 -1.405246e+00 -1.655710e+00 8.891344e+00 -5.307632e+00
-1.741962e+00 -9.822180e+00 -5.903025e+00 6.540051e+00 -1.165785e-01 -5.540631e+00 7.536200e-01 -6.613951e+00
-6.204041e+00 -4.281598e+00 -2.418427e+00 3.631441e+00 -1.648587e-01 2.698128e+00 6.884052e+00 -3.308087e+00
1.419805e+00 -9.980853e+00 1.505212e-01 4.811114e+00 2.817057e-01 1.891034e-01 6.389800e+00 -3.032098e+00
-6.030068e+00 -8.493912e+00 -1.963860e+00 4.634095e+00 -2.892134e+00 -4.143249e+00 6.028601e+00 -6.762644e+00
-1.221042e+00 -7.540159e+00 -3.358295e+00 5.823725e+00 -1.509874e+00 -7.151569e-01 7.489410e+00 7.942468e-01
-2.794073e+00 -2.110011e+00 2.283853e+00 7.210164e+00 -1.089336e+00 6.429646e+00 7.372057e+00 1.073926e+00
-5.193329e+00 -6.816881e+00 -8.958342e-01 4.495776e+00 2.266866e+00 4.005206e-01 8.708929e+00 -3.021625e+00
-5.464894e+00 -8.863011e+00 -4.447981e+00 5.176242e+00 -2.862754e+00 -3.980525e+00 4.886463e+00 -4.986929e+00
-3.645400e+00 -9.536638e+00 -1.668691e+00 4.051675e+00 -2.650028e-01 -3.127012e+00 3.753251e+00 -4.303207e+00
-3.416200e+00 -8.237458e+00 -3.401173e+00 -1.420588e+00 -1.122668e+00 -1.554338e+00 9.846743e+00 -1.824240e+00
2.975463e-01 -9.902388e+00 -5.658610e+00 6.861068e+00 -2.579036e+00 -1.938229e+00 3.923553e+00 -6.105136e+00
-2.634481e+00 -8.049446e-01 -2.661790e+00 4.828123e+00 -5.188352e+00 4.107542e+00 6.427810e+00 4.249864e+00
-1.539549e+00 -3.028332e+00 -3.462562e+00 5.829488e+00 -2.424655e+00 -1.869911e+00 9.182498e+00 1.279644e-01
-3.616110e+00 -3.368143e+00 -5.560397e+00 2.869587e+00 -4.983188e+00 5.969463e-02 7.004603e+00 -5.711958e+00
-2.540205e+00 -2.686819e+00 5.728745e-01 1.160124e+01 -3.368799e+00 2.297106e+00 6.452750e+00 -3.419605e+00
1.386587e+00 -6.292077e+00 -3.925191e+00 4.401563e+00 -3.436586e+00 1.344382e+00 6.833810e+00 -4.006738e+00
-2.410576e+00 -3.329918e+00 -2.104732e+00 3.329393e+00 1.802542e+00 -2.072958e+00 1.050188e+01 -3.791488e+00
-4.404718e+00 -2.903399e+00 -1.576107e+00 8.707922e+00 -7.542414e+00 -1.153609e+00 5.248575e+00 -1.709476e+00
-5.976000e-01 -7.207222e+00 -5.572690e+00 6.661326e+00 -2.333183e+00 -3.818060e+00 5.368845e+00 -5.801513e+00
-2.627100e+00 -4.003532e+00 -2.869389e+00 9.016846e+00 -2.402625e+00 2.121037e+00 5.633662e+00 -1.225750e+00
-4.246554e+00 -7.965426e+00 -2.655462e+00 3.749633e+00 9.388330e-01 -4.163468e+00 6.047128e+00 -3.772320e+00
-3.077867e+00 -1.121828e+01 7.958731e-01 9.879014e+00 2.439088e+00 -1.002503e+00 5.618547e+00 -9.304950e+00
1.650423e+00 -8.382545e+00 1.193993e+00 7.229946e+00 2.213737e-01 2.966326e+00 7.073921e+00 1.483231e+00
-3.866745e-01 -8.704711e+00 7.194267e-01 1.223478e+01 1.375331e+00 3.281307e-01 7.139583e+00 -4.409661e+00
3.207726e-01 -6.624118e+00 3.617038e-01 1.804983e+00 2.934342e+00 -1.193336e+00 9.468487e+00 -6.164036e+00
2.533555e+00 -7.579823e+00 -2.051376e+00 9.537895e+00 -3.675994e+00 -6.640640e-01 4.574776e+00 -5.324347e+00
-4.304406e+00 -3.407131e+00 -1.437418e-01 6.194362e+00 8.361959e-01 8.112367e-01 6.159710e+00 -6.569154e+00
-3.061275e+00 -7.141259e+00 -2.415011e+00 6.705261e+00 -2.815603e+00 -4.836377e+00 8.175910e+00 -5.010652e+00
-5.389777e+00 -5.761265e+00 2.011812e-01 1.273273e+01 1.796298e+00 3.204114e+00 6.561941e+00 -3.453283e+00
-3.904238e+00 -7.052838e+00 -4.290212e+00 6.684352e+00 -8.006438e-02 3.721882e+00 1.031639e+01 -2.347113e+00
-2.393664e+00 -6.091990e+00 1.302559e+00 3.208140e+00 6.723978e-01 1.194005e-01 9.456320e+00 -8.168495e+00
-3.541856e+00 -7.405591e+00 2.026033e+00 6.942384e+00 3.525325e+00 -2.649592e-01 9.605634e+00 -4.008707e+00
-6.430979e+00 -4.771221e+00 -8.570081e-01 6.568460e+00 1.625384e+00 -5.656617e+00 6.223097e+00 -1.793911e+00
-5.316181e+00 -6.989041e+00 -4.104437e-01 6.625786e+00 4.850111e+00 -1.715866e+00 1.048814e+01 -4.715106e+00
-5.088328e+00 -7.114253e+00 2.088158e+00 8.296114e+00 6.778203e+00 3.953208e-01 1.052358e+01 -5.855267e+00
-3.366789e+00 -7.168110e+00 -4.144395e+00 8.835991e+00 -1.640315e+00 -7.753636e-02 3.774164e+00 -8.783303e-01
-4.013898e+00 -7.166931e+00 -7.750860e+00 1.186110e+01 -3.014297e+00 3.790438e+00 5.091781e+00 -6.755892e+00
-3.178911e+00 -5.608499e+00 -3.616047e+00 1.030879e+01 1.871739e+00 9.953331e-01 4.814740e+00 -3.547230e+00
-5.813396e+00 -2.582032e+00 -5.897310e+00 7.543634e+00 -2.553929e+00 -8.764028e-01 3.410727e+00 -4.994583e-01
-6.743421e+00 -8.926569e+00 2.183844e+00 3.254376e+00 1.182810e+00 -6.085965e-01 3.938582e+00 -7.116002e+00
-9.149114e+00 -3.753513e+00 -4.004172e+00 8.242112e+00 1.397656e+00 2.421772e+00 4.943426e+00 6.573289e-01
-2.395127e+00 -9.189192e+00 -3.738094e+00 1.990266e+00 -2.984551e+00 -2.603145e+00 2.359673e+00 -1.249320e+00
-4.592397e+00 -6.545589e+00 -8.121099e+00 2.261197e+00 -2.730694e+00 1.038138e+00 7.186977e+00 -5.122703e+00
-4.213886e+00 -8.345236e+00 -6.438287e+00 -8.587094e-01 -3.514051e+00 -7.642970e+00 1.093477e+01 -4.512547e+00
-6.153255e+00 -6.826214e+00 -3.463305e+00 -1.519018e+00 -1.783900e+00 -3.915223e+00 7.737998e+00 -2.312165e+00
-6.046682e+00 -3.795542e+00 -3.075979e+00 3.306808e+00 -3.038184e+00 1.706544e+00 9.913816e+00 4.259475e-01
-6.286375e+00 -7.370443e+00 -3.593313e+00 1.156617e+01 4.739293e-01 5.124838e-01 2.721405e+00 -1.211616e+00
-2.040788e+00 -6.738969e+00 -6.009244e+00 6.235930e+00 2.061357e+00 5.697341e-01 3.823624e+00 -4.005742e+00
-1.694712e+00 -5.995093e+00 -3.761448e+00 7.297416e+00 -5.149192e+00 -1.179789e+00 7.925589e+00 -1.333479e+00
-5.530091e+00 -6.991532e+00 -5.632591e+00 3.456981e+00 -2.784079e+00 -1.297867e+00 6.815279e+00 -5.937910e-01
-8.439188e+00 -5.572913e+00 -3.631772e-01 8.414859e+00 -7.192588e-02 -6.671191e-02 7.988804e+00 -5.552730e+00
-9.325639e-02 -1.287924e+01 -7.794602e+00 4.474744e+00 9.012783e-01 -2.988620e-01 2.983426e+00 -3.373447e+00
-8.401821e+00 -6.950371e+00 -1.699984e+00 2.196099e+00 3.635904e+00 -9.812037e-01 7.942294e+00 -4.058745e+00
-3.563928e+00 -8.506034e+00 -3.660239e+00 9.572251e+00 -2.158190e+00 -5.350579e-02 6.159324e+00 4.721634e-02
-5.523233e+00 -7.581899e+00 -2.640627e+00 4.885401e+00 1.030923e+00 1.477480e+00 7.159801e+00 -1.216541e+00
-3.906893e+00 -7.158502e+00 -2.990076e+00 3.310182e+00 -3.185989e+00 -3.083775e+00 7.990648e+00 -3.236026e+00
-5.754966e+00 -6.667764e+00 6.478055e-01 7.892859e+00 -1.265414e+00 1.233261e+00 5.158575e+00 -1.736992e+00
-7.126451e-01 -5.272304e+00 -1.344921e+00 2.890466e+00 -3.405135e+00 1.993932e+00 5.779811e+00 2.143367e-01
-1.319048e+00 -7.060110e+00 -7.845401e-01 4.304288e+00 5.964738e-01 4.409441e-01 7.341871e+00 -4.044469e-01
-2.857230e+00 -5.544490e+00 -5.722464e+00 -1.971074e+00 -2.009047e+00 -9.881798e-01 1.041308e+01 -2.608930e+00
-5.345892e+00 -9.051693e+00 -1.650592e+00 2.991652e+00 -3.166902e+00 -2.455402e+00 4.297119e+00 -5.296003e+00
-6.816507e+00 -1.152569e+01 -1.371637e-01 1.215851e+01 4.083039e+00 3.070317e-01 8.483462e+00 -2.092804e+00
1.347619e+00 -8.126592e+00 -1.998851e+00 -5.137404e-01 -6.557297e-01 3.104681e+00 6.864420e+00 -2.447932e+00
-1.456212e+00 -9.186197e+00 -4.945401e-01 8.548117e+00 1.292883e+00 -6.897268e-01 5.313613e+00 -6.189326e+00
-3.767765e+00 -2.934234e+00 -3.899954e+00 4.001395e+00 -3.520014e+00 -4.021205e-01 9.030376e+00 -1.187461e+00
-3.144983e+00 -7.859260e+00 1.709988e+00 1.206081e+01 -5.268488e-01 4.570463e+00 7.165885e+00 7.846002e-01
-8.076716e+00 -1.027088e+01 1.727792e+00 4.080488e+00 2.519060e+00 -8.359397e-01 1.018181e+01 -5.096830e+00
-4.474555e+00 -8.143601e+00 -3.980434e+00 2.406174e+00 -1.960549e+00 -3.614724e+00 5.752365e+00 -4.074529e+00
-3.052518e+00 -3.877319e+00 -5.884076e+00 -3.059174e-01 -2.358046e+00 5.791128e-01 9.092640e+00 -3.381496e+00
-2.132090e+00 -1.102323e+01 -1.258697e+00 5.623742e+00 5.536879e-01 -2.444986e+00 4.434980e+00 -6.610515e+00
2.730432e+00 -1.152898e+01 -5.255136e+00 1.036156e+01 -1.649694e+00 5.230218e-01 3.093729e+00 -2.641418e+00
-5.415818e-01 -2.632889e+00 -2.340638e+00 8.294567e+00 -6.020151e+00 2.609010e+00 5.015485e+00 4.916112e+00
6.179928e-01 -4.116111e+00 -6.056096e+00 6.296721e+00 -3.662283e+00 -1.089490e+00 7.120642e+00 -8.187320e-01
-4.659482e+00 -3.328615e+00 -3.851528e+00 3.263803e+00 1.090563e+00 2.469424e+00 8.666700e+00 -4.435415e+00
-1.833912e-01 -8.316691e+00 3.375881e+00 9.973389e+00 -1.105208e+00 -1.507451e+00 5.830742e+00 -2.425459e+00
-1.087951e+00 -8.558935e+00 -3.026076e+00 1.105020e+01 -2.352467e+00 -8.724602e-01 5.074042e+00 -3.813731e+00
-2.430479e+00 -8.562606e+00 -2.164037e+00 1.933298e+00 3.569671e-01 -2.868242e+00 9.368179e+00 -4.929719e+00
-2.874543e+00 -4.433546e+00 -6.301440e-01 1.110250e+01 -4.674172e+00 -1.505174e+00 5.515632e+00 -1.578221e+00
-3.873960e+00 -7.776200e+00 -6.016266e+00 6.246614e+00 -4.859925e+00 -2.067786e+00 3.496357e+00 -4.556008e+00
-2.168706e+00 -9.657529e+00 -1.363723e+00 1.330818e+01 -2.167447e-01 2.128148e+00 4.326807e+00 -5.349737e+00
-2.833960e+00 -4.865243e+00 -1.560940e+00 3.740068e+00 3.134266e+00 -4.887387e+00 3.718175e+00 6.348011e-01
-5.446437e+00 -1.223708e+01 9.475813e-02 1.294473e+01 3.187053e+00 -3.119380e+00 6.609679e+00 -6.119056e+00
8.657511e-01 -5.955247e+00 -2.001744e+00 8.488061e+00 1.100496e+00 -9.576994e-01 5.941452e+00 1.595521e+00
-4.935754e+00 -2.166776e+00 -1.702105e+00 7.082674e+00 2.182709e+00 5.330162e+00 9.826205e+00 -1.098334e+00
-3.725960e-01 -3.147582e+00 -2.253431e+00 1.778711e+00 -3.003581e+00 1.350023e+00 1.046721e+01 -6.749081e+00
1.374574e+00 -7.290855e+00 -3.861651e-01 9.359945e+00 -1.672512e+00 -1.087289e+00 6.893822e+00 -4.676416e+00
-2.034577e+00 -7.845147e+00 -3.092187e+00 5.458269e+00 -2.122831e+00 -1.349630e+00 5.215795e+00 -4.651831e+00
-6.678290e+00 -9.365903e+00 -8.006124e-01 9.788244e+00 -3.302516e+00 -7.345242e-02 6.665472e+00 -4.062079e+00
-1.060815e+01 -1.240266e+01 2.879068e+00 1.237511e+01 4.733390e+00 1.192645e+00 9.145937e+00 -7.920353e+00
-3.267585e+00 -9.220729e+00 6.735474e-01 6.603469e+00 9.040889e-01 3.428749e+00 7.518086e+00 -3.511254e+00
-1.095411e-01 -9.791401e+00 1.686606e+00 4.493541e+00 1.853204e+00 -2.557421e+00 4.253571e+00 -3.356904e+00
-8.631654e-01 -5.688166e+00 3.865089e-01 8.457065e+00 2.180556e+00 2.715701e+00 5.270684e+00 -1.921403e-01
-4.374610e+00 -6.203662e+00 -2.347752e-01 9.694554e+00 -2.197409e-01 -3.063464e+00 1.450912e+00 -1.025713e+00
-3.135197e+00 -2.919784e+00 1.377256e-01 3.734174e+00 3.935837e+00 1.861969e+00 8.301106e+00 -5.301473e+00
-4.641487e+00 -1.036521e+01 -2.513914e+00 7.974353e+00 3.180591e+00 1.355015e+00 7.348731e+00 -5.309193e+00
-6.169637e+00 -6.098570e+00 -5.145846e+00 1.214255e+01 8.971931e-01 3.263158e+00 8.055058e+00 1.033312e+00
-5.672773e+00 -1.156935e+01 -3.438399e+00 1.504288e+01 -1.472488e+00 -1.172763e-01 5.240992e+00 -7.011872e+00
-2.593040e+00 -4.070856e+00 -1.463525e+00 5.195272e+00 1.832721e+00 1.585279e+00 1.032766e+01 -3.589151e+00
-4.500013e+00 -3.408101e+00 -4.341839e+00 7.188197e+00 -5.145850e+00 -1.090986e+00 6.900581e+00 -8.732229e-02
-6.133775e+00 -8.438373e+00 2.225262e+00 3.882187e+00 3.071127e+00 -3.295421e+00 7.459160e+00 -1.034224e+01
-2.416575e+00 -3.633644e+00 -1.630305e+00 6.662206e+00 -5.577540e+00 4.490684e+00 7.604980e+00 -2.090973e+00
-4.984542e+00 -5.325529e+00 -4.877399e+00 4.217951e+00 1.393145e-01 -7.842473e-01 6.639258e+00 1.218125e+00
-8.745339e+00 -3.743417e+00 -7.160208e+00 5.127766e+00 -3.401755e+00 -1.091464e-01 1.058488e+01 -1.399398e+00
-7.694154e+00 -6.109485e+00 -7.574806e-01 1.803759e+00 -6.142655e-02 -3.080506e+00 6.694439e+00 -1.160537e+00
-4.787139e+00 -7.215985e+00 -4.459790e-01 -2.763189e+00 -2.164674e+00 -2.894685e+00 7.325822e+00 -2.313510e+00
-4.657177e+00 -1.068797e+01 -4.051254e+00 -5.041627e-01 1.064514e+00 -9.581425e-01 8.385521e+00 -9.662623e+00
-8.549775e-01 -5.403672e+00 -1.631114e+00 2.012256e+00 3.008107e+00 -1.230161e+00 8.896059e+00 -4.799579e+00
-4.794287e+00 -6.331445e+00 -5.831028e+00 5.948048e+00 -3.892749e+00 -5.029540e+00 5.678409e+00 -5.659656e+00
2.028037e-01 -7.333437e+00 -5.151100e+00 5.842346e+00 -2.200445e+00 -3.818345e+00 3.453734e+00 -5.327240e+00
-6.491427e+00 -9.314041e+00 -4.418650e+00 3.780170e+00 3.824071e+00 2.738779e+00 8.640656e+00 -2.854928e+00
-8.074126e+00 -1.047505e+01 9.558015e-01 6.282701e+00 1.649962e+00 2.705312e+00 9.652184e+00 -4.017466e+00
-6.185803e+00 -4.511018e+00 -1.300319e-02 -7.125864e-01 -1.466744e+00 -7.357667e-01 1.066225e+01 1.413248e+00
-7.668044e+00 -4.896660e+00 -3.177127e+00 3.042310e+00 -1.587924e+00 9.369569e-01 1.027655e+01 -2.841748e+00
-3.318765e+00 -8.691090e+00 -4.286080e+00 3.470126e+00 3.263251e+00 1.463035e-01 7.713696e+00 -1.186932e+00
-8.833463e+00 -6.342274e+00 -1.117087e+00 7.371235e+00 2.046187e+00 2.318485e-01 8.694323e+00 -1.634090e+00
-2.560144e+00 -8.042203e+00 -6.085244e+00 3.271033e+00 -1.901013e+00 2.206218e+00 6.814098e+00 -4.508259e+00
-3.703787e+00 -8.720640e+00 -2.774979e+00 1.811312e+00 -1.461094e+00 1.855877e+00 6.610045e+00 -8.056687e+00
-4.239545e+00 -7.294918e+00 9.627816e-01 3.595043e+00 -2.289723e+00 -5.325962e+00 7.269923e+00 -4.892057e+00
-4.699593e+00 -3.626493e+00 -3.631026e+00 -2.076989e+00 5.233314e-01 -5.056684e+00 5.883279e+00 -3.924415e+00
-3.403215e+00 -2.941465e+00 -1.977439e+00 1.542833e+00 -6.110551e+00 -6.951539e-01 5.905607e+00 -5.085100e+00
-4.926196e+00 -6.227448e+00 -4.638632e+00 3.287617e+00 -5.142260e+00 -1.974941e+00 5.381934e+00 -4.176331e+00
1.058738e+00 -9.923599e+00 -1.725973e+00 3.045853e+00 -3.040121e+00 -1.361830e+00 6.016993e+00 -6.803833e+00
-4.141896e+00 -9.727848e+00 -4.666438e+00 3.568367e+00 -2.157072e-01 2.709703e-01 9.285751e+00 -4.035170e+00
-4.293566e+00 -1.310011e+01 1.029607e+00 6.049534e+00 1.837136e+00 -3.674749e+00 8.243071e+00 -9.340802e+00
-2.533139e+00 -1.166015e+01 -1.873316e-01 1.564773e+00 1.846370e+00 -4.111297e-01 5.454016e+00 -8.671602e+00
-5.981340e+00 -9.259774e+00 -4.761399e+00 2.091156e+00 -1.342704e+00 -7.897857e-02 7.449278e+00 -3.254263e+00
-9.434776e+00 -8.704408e+00 -5.896114e+00 3.487307e+00 -2.968361e+00 -7.032859e-01 8.141880e+00 -2.460749e+00
-4.268100e+00 -5.102682e+00 -5.699820e+00 1.530493e+00 -3.012919e+00 -3.937727e+00 8.739957e+00 -3.626154e+00
-1.011059e+00 -5.191662e+00 -5.081691e+00 9.732753e+00 -2.261341e+00 -1.300903e+00 2.867366e+00 9.323646e-01
-5.339859e+00 -6.360648e+00 -5.370553e+00 1.504939e+00 -1.563351e+00 -2.236847e+00 7.223928e+00 -1.974090e+00
-8.263375e+00 -7.509369e+00 -6.933592e+00 6.119756e+00 -2.578969e+00 1.882726e+00 3.912165e+00 -3.370969e+00
-3.999031e+00 -7.693643e+00 -2.997417e+00 5.849021e+00 3.434050e+00 -3.939794e+00 2.101757e+00 1.785182e-01
-5.553786e+00 -6.709313e+00 -3.124672e+00 3.853494e+00 5.306457e+00 -3.755848e+00 4.331813e+00 -1.205443e+00
-2.068800e+00 -9.528533e+00 -1.383326e+00 1.415114e+01 1.226944e+00 -6.672105e+00 4.588788e+00 -6.894542e+00
-1.402662e+00 -9.173026e+00 3.008750e-01 8.830035e+00 6.495515e-01 -4.113753e+00 4.173234e+00 -4.880577e+00
-5.094133e+00 -3.973252e+00 -4.533895e+00 6.552744e+00 -7.820092e+00 2.782323e+00 9.665291e+00 2.280261e+00
-1.678043e+00 -8.237349e+00 -2.685954e+00 1.194941e+01 1.192919e+00 3.752890e+00 9.588936e+00 4.693335e-01
-4.232047e+00 -6.093714e+00 -1.202764e+00 5.552642e+00 -1.306477e+00 1.262805e-01 7.083565e+00 -2.953730e+00
-2.392376e+00 -4.014323e+00 1.648027e-01 8.425909e+00 -4.305383e+00 2.008081e-02 5.224687e+00 -2.980304e+00
-5.148626e+00 -9.318697e+00 5.679422e-01 1.611679e+01 -2.920749e+00 9.256882e-01 2.528029e+00 -4.480267e+00
-6.588940e+00 -8.080356e+00 -2.265731e+00 1.235809e+01 -1.425795e+00 -1.071853e-01 5.692131e+00 -3.113099e+00
-5.965643e+00 -1.027876e+01 -3.448831e+00 1.204102e+01 -1.123057e+00 -2.598112e+00 4.055509e+00 -6.117520e+00
-1.042298e+01 -6.600182e+00 -4.245905e+00 9.620706e+00 7.043994e+00 3.643339e+00 6.036713e+00 -5.887950e+00
-1.539996e+00 -4.319514e+00 2.017277e-01 5.931017e+00 -5.609585e-01 1.943562e+00 8.877906e+00 -4.649448e+00
-2.937941e+00 -5.635810e+00 1.649109e+00 6.397372e+00 -1.725568e+00 1.750512e+00 8.518480e+00 -5.222358e+00
-6.922605e+00 -3.137116e+00 5.565305e-01 8.438148e+00 -8.721898e-01 5.415973e+00 1.023798e+01 3.059113e-01
-1.791731e+00 -4.019040e+00 1.309371e+00 1.246895e+01 -4.420627e+00 1.487111e+00 7.267313e+00 -6.676280e+00
-3.632270e+00 -9.852427e+00 -1.091387e+00 3.279343e+00 3.848713e+00 -1.447171e+00 4.660575e+00 -5.443901e+00
-4.128878e+00 -1.269822e+01 3.855274e-01 4.480554e+00 1.476211e+00 -3.874191e+00 3.070246e+00 -5.918429e+00
-9.672948e+00 -8.909967e+00 -2.980489e+00 2.441767e+00 2.015566e+00 -3.437407e+00 2.743283e+00 -2.388909e+00
-7.340235e+00 -7.991029e+00 1.397122e-01 -3.295608e+00 -2.183053e+00 -2.618050e+00 1.815000e+00 -5.048468e+00
4.562187e-01 -9.976521e+00 1.490560e+00 5.354464e+00 -1.282750e+00 7.946909e-01 6.540628e+00 -7.457648e+00
-2.216258e+00 -4.730619e+00 1.921073e+00 6.801361e+00 -2.735385e+00 -1.401825e-01 8.861680e+00 -7.111717e+00
-3.063454e+00 -5.227947e+00 -1.429196e+00 1.469924e+01 -2.098066e+00 -5.588627e-01 6.532352e+00 -3.681551e+00
-2.772205e+00 -8.075921e+00 -1.945620e+00 7.922735e+00 -3.830726e-01 1.322478e+00 4.606296e+00 -5.997583e+00
-6.198453e+00 -5.967443e+00 -4.035944e+00 1.377755e+01 3.081137e-01 -1.649781e+00 6.525431e+00 4.786605e-01
-4.388213e+00 -6.341755e+00 -5.474268e+00 1.050462e+01 -5.801425e+00 -7.454313e-01 5.526259e+00 -5.430884e+00
-1.673481e+00 -9.679118e+00 1.454319e+00 1.477229e+01 2.631809e+00 5.803729e-01 8.152144e+00 -5.959444e+00
-2.691125e+00 -8.899540e+00 -4.123817e+00 1.473601e+01 1.478385e+00 1.248857e+00 6.835360e+00 -5.406552e+00
5.423081e-01 -6.196869e+00 1.952766e+00 1.214281e+01 2.656068e+00 9.910809e-01 8.535191e+00 -2.601562e-01
-3.887371e-01 -2.228747e+00 9.128444e-01 6.276273e+00 -2.767621e+00 3.472525e+00 1.233271e+01 -4.644344e-01
