3.343104e+00 1.123758e+01
-3.932948e+00 1.616315e+00
-5.862914e+00 4.830879e+00
-4.523030e+00 3.400104e+00
-5.936334e+00 1.244058e+00
-1.008851e+01 1.114520e+01
-1.329570e+01 3.634603e+00
-3.070333e+00 3.327889e-01
-6.464363e+00 2.567935e+00
-3.322349e+00 6.176898e+00
6.771130e-01 -4.662050e+00
6.595621e+00 -8.645809e+00
2.659319e-02 8.124283e+00
-3.443375e-01 2.122226e+00
9.019926e+00 -4.392320e+00
9.381115e+00 -4.637008e+00
-3.990802e-01 -2.987107e+00
-3.183903e+00 -5.978173e+00
5.069395e+00 -1.493487e+00
1.850814e+00 -5.790499e+00
-1.595917e+00 2.247704e+00
-3.552141e+00 5.085060e+00
8.265323e+00 5.628949e+00
1.179625e+01 8.006526e+00
4.876863e+00 -4.049746e+00
9.594240e+00 -8.584685e+00
3.551856e+00 1.722993e+00
8.023497e+00 4.730579e+00
8.726038e+00 -4.260688e+00
5.225187e+00 -4.105595e-01
4.202492e+00 -2.061934e+00
2.692874e+00 -6.010657e-01
3.993136e+00 -8.510693e-01
6.733722e+00 2.819588e+00
6.460003e+00 4.112561e+00
1.251777e+01 -3.854409e+00
-8.491052e+00 -1.131212e+00
-4.746784e+00 5.273358e+00
7.231400e+00 -1.187468e+01
3.109707e+00 -4.466487e+00
9.313582e-01 2.559931e+00
1.628484e+00 1.385739e+00
1.485039e+00 1.285314e+01
6.122064e+00 8.468006e+00
3.938111e+00 -1.126314e-01
5.819240e+00 8.853097e-01
5.361579e+00 9.038693e+00
2.275398e+00 5.172036e+00
1.042293e+01 1.230424e+00
4.731208e+00 4.537575e+00
7.315726e+00 7.048949e+00
8.722965e-01 1.890894e+00
-7.598940e-01 -5.731730e+00
-4.456274e-01 -1.834733e+00
2.013561e+00 -9.568391e-01
1.504874e+00 -4.676666e+00
3.912080e+00 -3.443039e+00
9.274252e+00 -3.866538e+00
4.220371e+00 -1.358839e+00
3.210208e+00 -3.332651e+00
5.943075e+00 4.709256e+00
5.855168e+00 -5.602425e-01
3.271583e+00 -1.540799e-01
3.245340e+00 1.548828e+00
7.649017e+00 -2.717643e+00
5.746782e+00 -5.061329e+00
1.004321e+01 -5.723117e-01
7.413680e+00 -2.357154e+00
5.004204e+00 -7.089018e+00
2.641011e+00 -5.302991e-01
4.237867e+00 2.177673e+01
9.595399e+00 2.817033e+00
-1.990527e+00 4.590339e+00
-2.402769e+00 1.022934e+01
7.397728e+00 -5.979848e-01
1.413387e+00 -3.799058e+00
-6.590779e+00 1.320041e+01
-7.504236e+00 9.162073e+00
6.370864e+00 1.373513e+00
6.478875e+00 2.859874e+00
4.079733e+00 4.776800e+00
1.996478e+00 3.070756e+00
-6.609785e+00 1.121315e+01
-5.442311e+00 8.006048e+00
1.237614e+01 -2.656142e+00
1.381018e+00 -3.365637e+00
1.889577e+00 4.003987e+00
6.601944e+00 5.329168e+00
2.259938e+00 4.380401e+00
1.434711e+00 9.391684e+00
-1.238254e+01 2.130844e+01
-5.291092e+00 2.107852e+01
-1.968670e+00 1.307353e+01
2.168993e+00 1.601043e+01
-2.247110e+00 6.384521e+00
-7.181834e+00 8.906211e+00
8.670799e+00 3.887842e+00
1.234066e+01 6.870636e+00
3.683671e-01 -2.573694e+00
2.643091e+00 2.928941e+00
4.181807e+00 -1.798346e+00
1.763933e+00 3.730917e-02
7.315137e+00 6.531670e-01
2.839064e+00 3.651121e+00
1.957672e+00 2.001808e+00
3.217070e+00 4.640328e+00
-8.958092e+00 3.895563e-01
-4.303896e+00 -1.112737e+00
2.502648e+00 8.477353e+00
2.359866e+00 3.636672e+00
9.674516e+00 1.684848e+01
5.835882e+00 4.528859e+00
-8.391213e-01 -4.389834e+00
5.907684e+00 5.079184e+00
-1.305335e+00 1.149668e+01
-1.054784e+01 9.643530e+00
-1.038686e+00 2.133925e+00
2.661106e+00 -2.356744e+00
5.012239e+00 8.751070e+00
7.806472e-01 4.309984e+00
-3.228307e+00 5.256121e-02
-3.195201e+00 -1.830913e+00
-2.291555e+00 1.137180e+01
4.510566e+00 1.707363e+01
-1.056547e+00 2.287844e+00
3.520239e+00 1.524204e+00
-5.834356e+00 5.883966e+00
-1.066730e+01 3.024094e+00
5.187718e+00 1.226400e+01
2.409445e+00 1.533333e+01
4.912627e+00 -9.234652e-01
8.422616e+00 4.109473e+00
-9.184476e-01 3.869376e+00
4.152691e+00 -1.037297e+00
-5.832804e+00 -5.176623e+00
2.797206e+00 -3.769066e+00
6.527150e+00 2.718545e-01
2.329487e+00 2.975286e+00
6.080382e+00 -4.311066e+00
7.765053e+00 -6.666775e-01
5.933800e+00 3.484199e+00
4.640556e+00 6.210145e+00
1.619266e+01 -1.942073e+01
6.419899e+00 -8.771329e+00
-2.975588e+00 -2.436808e+00
8.902970e-01 4.981496e-01
7.313568e+00 -3.198355e+00
4.211750e-01 -3.536450e+00
6.530477e+00 5.296209e+00
6.427019e+00 1.209357e+00
1.350707e+01 -9.365196e+00
8.529016e+00 1.559645e+00
2.559840e+00 2.686406e+00
6.386850e+00 -5.059687e+00
-3.406678e+00 -9.947406e+00
1.120486e+01 2.849158e-01
7.551042e+00 2.288611e+00
7.363230e+00 -6.048781e+00
4.647586e+00 2.508787e+00
3.830937e+00 1.938026e-01
-5.381681e+00 5.631475e+00
1.724446e+00 -1.519316e+00
5.493355e+00 -1.800644e+00
1.495739e+00 6.103348e+00
2.070978e+00 1.484066e+00
-2.988064e+00 4.838827e+00
-5.593394e+00 -5.480933e+00
1.004409e+00 1.124391e+01
-5.198077e+00 6.465254e+00
1.273440e+00 7.230556e+00
-7.405515e+00 1.314728e+00
-7.104284e+00 5.238333e+00
-7.829813e+00 1.263093e+01
2.684629e+00 9.315499e+00
5.691606e+00 -2.191053e+00
-2.681003e+00 7.597499e+00
4.724809e+00 1.136932e+01
-1.229306e+01 2.229683e+01
-5.319208e+00 -1.285917e+00
3.858429e+00 6.631106e+00
2.431467e+00 7.932728e+00
1.105954e-01 1.036502e+01
6.232002e+00 3.425738e+00
-8.010696e-01 1.245089e+01
-2.335248e+00 8.095789e+00
2.509935e+00 4.229474e+00
-6.113758e+00 -1.512598e+00
5.932738e+00 3.049785e+00
3.462584e+00 9.067141e+00
6.401829e+00 3.805219e+00
2.539442e+00 2.519328e+00
3.568546e+00 3.309310e-01
1.131768e+01 2.059849e+00
1.870892e+01 -1.176175e+01
6.755521e+00 -4.713252e+00
1.060364e+01 1.789155e+00
6.041863e+00 -7.841700e+00
4.965452e+00 1.510984e+00
1.269188e+00 -4.034890e-01
8.291210e+00 7.969323e+00
6.964396e+00 3.108457e+00
7.085914e+00 1.498972e+00
1.244565e+01 -4.264108e+00
4.754043e+00 -4.160728e-01
-5.414401e+00 -2.008075e+00
1.591793e+00 7.544775e-01
5.656258e+00 3.379432e-01
5.044538e+00 -1.857182e+00
2.067462e+00 5.922560e+00
4.484644e-01 5.799100e+00
4.597839e+00 3.867625e+00
6.211024e+00 3.520674e+00
7.313623e+00 1.068968e+00
8.910605e+00 -1.237392e+01
6.565204e+00 -3.295380e+00
4.415556e+00 4.433569e+00
1.090084e+01 1.028233e+01
2.976388e+00 -5.607698e+00
6.761603e+00 -2.076425e+00
-5.278078e-01 -1.338197e+00
1.427725e+00 3.611915e+00
1.529282e+00 4.731506e-02
4.336153e+00 3.645362e+00
-1.106972e+00 7.892386e+00
4.603738e+00 2.926962e+00
1.675058e+00 4.588873e+00
4.253270e-02 -3.413878e+00
2.266151e+00 1.255258e+01
6.334276e-01 8.173109e+00
2.517932e+00 7.948160e+00
-4.227588e+00 6.998408e+00
-6.289212e+00 6.022369e+00
-7.312319e+00 9.127562e+00
5.465463e-01 2.929386e+00
3.226713e+00 1.948197e-01
-4.726642e-01 1.118172e+01
-3.023480e-01 6.494616e+00
-1.173024e+01 1.642391e+01
-2.891896e+00 4.755275e+00
5.026862e+00 1.265939e+01
6.405145e-01 1.144621e+01
3.330216e+00 5.354706e+00
3.350218e+00 4.413637e+00
1.768858e+00 1.193444e+01
-4.869529e+00 1.221051e+01
9.193984e+00 6.840762e+00
-3.585094e+00 4.695890e+00
-1.149162e-01 7.883879e+00
-6.636622e+00 1.385444e+01
-3.064188e+00 4.042854e+00
1.359415e+01 6.588461e+00
3.378397e+00 4.196300e+00
2.619312e+00 3.826084e+00
2.960060e+00 1.799878e+00
7.954137e+00 5.017345e-02
4.220966e+00 3.962359e+00
1.221068e+01 -5.378377e+00
5.166546e+00 -5.695785e-02
1.406912e+00 1.785222e+00
4.586359e+00 4.129842e+00
6.417608e+00 2.058657e+00
8.985757e+00 -1.540512e+00
-3.312968e+00 7.488967e+00
1.799327e+00 8.345835e+00
1.028140e+01 -2.367690e+00
1.017756e+01 2.471441e-01
-2.465587e-01 6.342642e+00
4.542974e+00 -8.199263e-01
4.586927e+00 -4.535203e+00
6.054563e+00 -3.849642e+00
1.264679e+01 -1.909760e+00
7.762717e+00 8.028449e-01
1.387734e+00 1.216976e+01
-4.478056e+00 6.435871e+00
7.240829e+00 -4.478833e+00
1.225923e+01 -7.049453e-01
6.734168e+00 4.576830e+00
3.539652e+00 -4.718036e+00
1.283153e+01 -2.689461e+00
5.648595e+00 1.633930e+00
1.613225e+00 7.325974e+00
-1.783503e+00 6.230457e+00
1.832788e+00 1.276788e+01
2.219091e+00 1.173826e+01
-4.477945e+00 1.238101e+00
-4.304132e+00 4.159200e-01
7.932911e-01 -1.147169e+00
8.339695e-01 -4.592654e-01
-1.265715e+00 5.639538e+00
-1.422900e+00 4.695954e+00
-8.989667e-01 1.994214e+01
4.317497e+00 1.165574e+01
-6.270779e+00 1.014563e+01
-1.595775e+00 5.367171e+00
-1.382673e+00 7.624254e+00
-5.425842e+00 6.522388e+00
1.515413e+00 1.527726e+01
3.072479e+00 1.947726e+01
8.260831e+00 1.339695e+00
3.983442e+00 -3.726866e+00
5.628440e+00 -5.565118e+00
1.328090e+00 -1.660858e+00
7.721791e+00 -1.107329e+01
1.687440e+00 -3.902681e+00
4.679850e+00 1.011454e+01
2.783320e+00 1.094698e+01
-7.316576e-01 1.632666e+01
-4.699572e+00 1.320240e+01
-1.865362e+00 4.047414e+00
2.267232e+00 -4.292547e+00
9.154062e+00 -1.129259e+00
6.744136e+00 -3.543744e+00
1.198326e+01 4.974371e+00
1.027824e+01 8.108045e+00
7.592167e+00 -5.185857e+00
1.359681e+01 -9.075140e+00
1.035107e+01 -2.399086e+00
-5.203500e-01 5.128278e+00
1.189156e+01 2.677089e+00
1.657598e+01 5.986404e+00
-6.454037e-01 1.276745e+01
1.123249e+01 1.381860e+01
7.103767e+00 9.675975e+00
6.326786e+00 9.817960e+00
9.003495e+00 2.429429e+00
1.110045e+01 3.169629e+00
6.893174e+00 1.333614e+01
1.267538e+01 1.061823e+01
1.032421e+01 8.277315e+00
1.179422e+01 -3.875887e-02
8.598130e+00 6.993955e+00
6.430312e+00 6.981095e+00
1.001108e+01 4.676011e+00
3.576972e+00 8.589145e+00
7.057324e+00 -5.654463e-01
2.038723e+01 2.671495e+00
4.808591e+00 1.748977e+00
8.834954e+00 -3.231732e+00
9.237155e+00 2.570560e+00
1.359293e+01 -7.806429e+00
9.870367e+00 -1.356495e+00
9.745556e+00 1.219199e+00
8.279028e+00 1.598069e+01
9.073599e+00 1.470406e+01
5.914529e+00 5.443661e+00
1.171317e+01 7.471872e+00
1.011347e+01 8.609595e+00
1.066494e+01 9.027211e+00
1.315687e+01 5.456060e+00
1.272404e+01 1.001566e+01
1.139838e+01 9.137175e+00
1.252809e+01 2.245974e+00
6.987602e+00 1.303234e+00
3.625596e+00 -2.547822e+00
1.282057e+01 2.208243e-01
1.458787e+01 2.849684e+00
1.611520e+01 5.469185e+00
8.006122e+00 2.770561e+00
1.556801e+00 4.188116e-02
8.652354e+00 2.688906e+00
6.996845e+00 5.880203e+00
3.270298e+00 7.487083e+00
5.263717e+00 -5.712678e-01
9.704916e+00 7.648771e+00
1.203012e+01 -5.222814e+00
8.819546e+00 -1.008934e-01
1.139836e+01 1.168848e+01
1.375248e+01 1.054887e+00
4.730806e+00 -6.970340e-02
5.845580e-01 6.856413e+00
1.097530e+01 1.792687e+01
6.174858e+00 1.553047e+01
1.986398e+00 1.115474e+01
5.621160e+00 8.225362e-01
6.044581e+00 4.530459e+00
6.134126e+00 6.378885e+00
-7.171187e+00 1.279408e+01
-4.968940e+00 1.371790e+01
7.512155e+00 1.423542e+01
6.600540e+00 1.020959e+01
5.448113e-01 8.108126e+00
4.777580e+00 7.687514e+00
1.271308e+00 6.870446e+00
-1.895577e+00 8.382306e+00
5.811438e+00 9.905170e+00
6.908241e+00 1.131532e+01
7.091227e+00 6.956904e+00
2.122506e+00 7.898475e+00
1.428220e+00 1.307287e+01
5.385899e+00 1.333063e+01
1.854232e+00 2.088554e+01
8.175406e-01 1.943624e+01
5.367203e+00 9.259081e+00
3.191603e+00 1.423575e+01
-3.306353e-01 9.843647e+00
6.428295e+00 9.577447e+00
1.320247e+01 1.422400e+01
1.246048e+01 6.495217e+00
6.976717e+00 1.765791e+01
9.446134e+00 1.337691e+01
3.643121e+00 1.018670e+01
4.310731e+00 7.718359e+00
1.128712e+00 1.141601e+01
6.266720e+00 7.891466e+00
3.528698e+00 7.521098e+00
6.594854e+00 1.945874e+00
1.146085e+00 1.047555e+01
-1.894229e+00 6.725846e+00
-8.358971e+00 5.531193e+00
-7.239838e-01 7.401594e+00
1.019896e+01 5.834131e+00
4.419978e+00 1.004377e+01
3.692690e+00 5.754756e+00
1.200925e+01 8.399418e+00
-6.548686e-02 1.019421e+01
-3.909190e+00 1.212323e+01
6.407893e+00 8.489609e+00
-3.333350e-01 7.829879e+00
7.440158e+00 7.101183e+00
-1.384407e+00 8.149370e+00
4.060555e+00 5.744779e+00
-2.194398e+00 1.223785e+01
-1.585845e+00 5.307027e+00
1.726876e+00 8.922195e+00
-4.406869e+00 8.561384e+00
4.282940e-01 3.256704e+00
2.654641e+00 1.717774e+01
-8.879415e+00 1.459010e+01
1.488410e+00 9.264846e+00
5.139972e+00 7.344562e+00
7.969132e+00 4.235796e+00
1.301508e+01 8.596035e+00
1.749607e+00 3.049364e+00
1.458516e+01 5.294832e+00
1.618877e+01 -5.174074e+00
2.984406e+00 6.147121e+00
1.747250e+01 -5.426466e-01
1.301496e+01 6.395221e+00
8.617567e+00 2.451568e+00
9.797331e+00 1.699111e+01
1.143630e+01 4.783528e+00
5.654553e+00 9.124702e+00
4.764760e+00 1.214405e+00
8.060731e+00 -6.993396e-01
1.087479e+01 7.768733e+00
9.585157e+00 4.601389e+00
8.350185e+00 7.193524e+00
1.945034e+01 1.349046e+00
9.856059e+00 1.183752e+01
1.121234e+01 9.666301e+00
1.410329e+01 3.141792e-01
9.887127e+00 6.985395e+00
8.995744e+00 4.952421e+00
6.167090e+00 -4.835135e+00
9.377823e+00 1.621164e+00
1.327283e+01 1.588359e+01
5.308164e+00 2.676576e+00
5.039465e+00 6.946834e-01
3.637368e+00 5.241641e+00
1.305146e+00 6.130709e+00
1.779509e+00 9.939162e+00
1.844406e+00 6.822725e+00
7.211121e-01 6.367595e+00
4.514697e+00 1.561122e+01
3.608860e+00 6.804502e+00
2.031776e+00 1.197994e+01
-5.915745e-01 5.850052e+00
7.617601e+00 1.082801e+01
6.661981e+00 1.582530e+01
5.798284e+00 4.687334e+00
-5.426050e+00 1.400563e+01
-3.164201e+00 7.493434e+00
4.630129e+00 1.189138e+01
-1.755908e+00 1.385868e+01
9.245947e+00 4.692176e+00
2.398482e+00 1.015891e+01
1.164664e+01 5.218660e+00
-1.088394e+00 1.728174e+01
2.510532e-01 1.496062e+01
6.922236e+00 1.120422e+01
4.098144e+00 1.540183e+01
-2.255399e-01 1.006362e+01
7.266015e+00 9.289533e+00
-1.668737e+00 1.218676e+01
-6.317301e-01 1.821230e+01
8.435806e+00 1.870244e+01
-1.215351e+00 6.495416e+00
-6.123823e+00 6.257090e+00
4.487571e+00 9.376069e+00
3.520456e+00 9.430694e+00
1.065416e+01 8.170742e+00
1.061448e+01 8.112421e+00
6.159041e+00 9.660952e+00
9.270473e+00 3.597753e+00
9.730882e+00 -1.744294e+00
4.508759e+00 3.501077e+00
7.850567e+00 8.076933e-01
1.013957e+01 1.052693e+00
1.016502e+01 1.068454e+00
7.470371e+00 1.571720e+01
1.620415e+01 7.480676e+00
9.221328e+00 6.297414e+00
9.487455e+00 -1.514615e+00
1.400636e+01 2.382733e+00
1.125580e+01 4.179983e+00
1.706089e+01 -1.025441e+00
1.262360e+01 5.738003e+00
1.518274e+01 6.387546e+00
5.039282e+00 9.273208e+00
7.595820e+00 5.870766e+00
9.367424e+00 9.275453e+00
3.501601e+00 6.385899e+00
1.143009e+01 2.419833e+00
9.911079e+00 -1.532327e+00
1.044989e+01 -3.196296e+00
9.426291e+00 1.122229e+01
-6.669404e-01 6.028851e+00
5.604456e+00 3.038414e+00
5.600681e+00 2.782552e-02
6.762921e+00 3.061319e+00
1.162169e+00 7.201116e+00
1.274962e+00 4.270844e+00
-1.422937e+00 1.187293e+01
7.843207e+00 7.094923e+00
8.434920e+00 1.144164e+01
2.306883e+00 1.403453e+01
4.681107e+00 6.646320e+00
1.044406e+01 1.230662e+01
-2.059335e+00 8.915360e+00
3.535351e+00 7.333147e+00
2.254774e+00 6.989983e+00
1.752123e+00 7.239905e+00
1.277359e+00 1.454791e+01
-1.773547e-01 1.240652e+01
9.297759e+00 4.588180e+00
-2.804865e+00 1.169384e+01
3.838757e-02 7.026041e+00
2.620714e-01 1.787837e+01
3.906142e+00 1.669129e+01
1.281974e+01 3.394140e+00
-6.235609e-01 1.330253e+01
-1.661893e+00 8.756783e+00
3.545260e+00 1.195432e+01
2.393374e-02 1.427513e+01
7.872152e-01 1.140639e+01
7.363866e+00 1.674820e+01
-1.072890e+00 7.656631e+00
3.754723e+00 7.466486e+00
-5.577749e-01 9.674297e+00
6.031222e+00 9.671650e+00
1.162538e+01 2.655684e-01
6.910198e+00 -2.227284e+00
7.169411e+00 5.762848e+00
3.815521e+00 6.284795e+00
9.068593e+00 7.813124e+00
9.715165e+00 5.228737e+00
1.262201e+01 8.026060e+00
1.105415e+01 6.092106e+00
3.355635e+00 7.343966e+00
4.015035e+00 1.160106e+01
6.024253e+00 1.282703e+01
7.239404e+00 2.865771e+00
1.000717e+01 4.642077e+00
7.271048e+00 4.282479e+00
1.637085e+01 5.304273e+00
1.007062e+01 6.133779e+00
9.428526e+00 7.407149e+00
1.050833e+01 1.600231e+00
8.093244e+00 1.358508e+00
1.014827e+01 6.373519e+00
1.374287e+01 5.269580e+00
1.239583e+01 5.619646e+00
7.764500e+00 1.989391e+01
8.034810e+00 2.023719e+01
1.165041e+01 4.219591e+00
9.348676e+00 3.549883e+00
4.532386e+00 -7.203868e-01
6.915701e+00 -1.351939e+00
9.521049e+00 4.345009e+00
8.204341e+00 2.762139e+00
8.342243e+00 3.630248e+00
-3.781929e+00 1.109040e+01
2.476245e+00 1.066563e+01
2.851990e+00 1.098118e+01
-4.085294e+00 6.711173e+00
5.218189e+00 8.796762e+00
1.207313e+00 8.626307e+00
5.145275e+00 7.012802e+00
-1.376251e+01 9.682263e+00
-5.965204e+00 1.138374e+01
5.239344e+00 9.438966e+00
-2.883544e+00 1.209360e+01
4.778461e+00 9.503851e+00
-1.832464e+00 5.471603e+00
1.275160e+01 6.207034e+00
9.918521e+00 1.246020e+01
1.131496e+01 9.762093e+00
-3.776382e+00 9.268745e+00
8.336063e+00 1.184851e+01
1.158501e+01 1.048556e+01
4.405946e+00 1.375864e+01
4.194537e+00 5.701524e+00
1.383096e+01 7.900632e+00
6.453903e+00 3.476550e+00
8.558724e+00 1.111812e+01
5.082519e-01 1.482920e+01
3.671254e+00 1.984939e+01
-3.444741e+00 1.716049e+01
-2.063689e+00 9.954472e-02
6.420217e+00 4.496502e+00
7.587188e+00 3.140258e+00
-2.351705e+00 -8.442543e+00
1.528275e+01 1.066691e+01
7.262317e+00 6.326549e+00
7.230362e+00 -2.857668e+00
9.772000e+00 -3.155617e+00
3.050432e+00 1.404861e+01
4.644711e-01 5.493861e+00
7.611320e+00 -1.320544e+00
7.677274e+00 -4.316257e+00
5.641154e+00 2.065462e+00
1.652983e+00 9.818689e+00
7.907065e+00 2.880566e-01
4.731085e+00 -4.144086e+00
3.621160e+00 -8.135776e-01
8.499255e+00 3.635716e+00
1.080213e+01 9.890196e-01
1.098796e+01 5.499917e-01
1.578384e-01 -6.982236e+00
8.188691e+00 -4.672480e+00
6.293226e+00 1.301106e+00
7.833834e+00 1.428871e+00
5.405765e+00 -6.300481e-01
9.906075e+00 3.586287e-01
1.775408e+01 -1.038727e+01
1.109883e+01 -3.614938e+00
2.703494e+00 -4.268264e-01
-4.916992e-01 6.998361e+00
1.292175e+01 -7.168476e+00
3.012431e+00 -7.552146e+00
1.038794e+01 3.257155e+00
1.076548e+01 1.830533e+00
1.987295e+00 4.307934e+00
2.037820e+00 9.571534e+00
5.174010e+00 -3.443420e-01
1.391193e+01 -2.952502e+00
1.090422e+01 1.170158e+01
7.830012e+00 8.492804e+00
1.247940e+01 2.470803e+00
3.275948e+00 2.848684e+00
5.099283e+00 1.486366e+01
5.211529e+00 2.425968e+00
1.270649e+00 -1.646393e+00
1.174950e+00 5.435071e+00
1.173540e+01 -7.080866e-01
7.816524e+00 -1.215265e+00
8.583855e+00 -4.384901e+00
7.774381e+00 -6.772928e+00
1.255700e+01 -5.353864e+00
1.265784e+01 -5.453151e+00
6.395432e+00 4.097679e+00
3.654262e+00 8.755706e-01
7.804871e+00 7.278491e+00
9.029079e+00 3.510843e+00
1.478764e+01 8.818630e+00
1.120930e+01 8.166726e+00
1.211360e+01 6.176241e+00
1.128723e+01 3.103427e+00
1.316028e+01 -2.188644e+00
1.645510e+01 4.416861e+00
7.548506e+00 1.187315e+01
3.327689e-01 7.915227e+00
-1.146777e-01 9.558621e+00
-6.680384e+00 2.575483e-01
1.212751e+00 -2.473562e+00
6.120444e+00 4.036946e+00
4.163400e-01 1.105254e+01
-3.454412e+00 1.344202e+01
-5.892348e+00 2.117316e+00
1.215639e+01 1.215089e+00
4.638503e+00 8.928182e+00
4.314071e+00 8.235700e+00
-2.591956e+00 3.562752e+00
1.427122e-01 3.429917e+00
2.349842e+00 9.219435e+00
1.062679e+00 3.547976e+00
5.326706e+00 4.498808e+00
3.384711e+00 7.679874e-01
2.264668e+00 6.468863e+00
5.123405e+00 1.006873e+01
-5.456201e-01 5.686420e+00
3.098716e+00 1.011755e+01
6.100562e+00 3.897853e+00
8.168841e+00 4.828341e+00
-7.416107e-01 1.129925e+01
4.378906e+00 2.907681e+00
1.004028e+01 4.109207e+00
7.469577e+00 6.029927e+00
-3.091304e+00 -2.195417e+00
7.444045e-01 3.600878e+00
7.628159e-01 8.263705e+00
-1.153181e+00 4.927859e+00
6.577588e+00 9.708067e+00
-1.937957e+00 7.571376e+00
6.305435e+00 -4.912624e+00
1.040101e+01 -4.024193e+00
-4.469720e+00 2.443752e+00
-3.133501e+00 4.797224e+00
1.573632e+00 1.437188e+00
3.921927e+00 9.245852e+00
5.009516e+00 1.760989e+00
9.453950e+00 5.833507e+00
5.705724e+00 7.002401e+00
-7.160732e+00 7.094861e+00
3.476159e+00 9.395349e+00
-6.094758e+00 7.402665e+00
8.174464e+00 5.471885e+00
6.605490e+00 4.092522e+00
2.131094e-01 8.223912e+00
4.537617e-01 4.291996e+00
-8.061924e+00 -1.718877e+00
-9.269208e+00 1.726710e+00
6.594463e+00 5.282094e+00
1.031109e+01 1.533064e+01
-8.805154e+00 -8.693480e-01
-6.770528e+00 8.884945e+00
-1.892986e-01 9.842151e+00
-2.878151e+00 9.079273e+00
-5.984447e+00 1.049492e+01
7.613909e+00 5.631803e+00
4.658422e+00 -1.674960e-01
9.963570e+00 -2.525559e+00
1.236576e+01 3.414229e+00
1.631962e+01 5.514482e+00
9.641865e+00 -9.420987e+00
8.387330e+00 -5.391745e+00
1.793083e+01 -1.272887e+00
9.852486e+00 -1.463421e+00
8.158753e+00 4.510532e+00
4.650578e+00 1.490307e+01
1.509655e+01 -8.680576e-01
6.881278e+00 5.893251e-01
2.894729e+00 -2.855449e+00
4.529148e+00 2.607640e+00
1.404271e+01 1.505972e+00
6.353124e+00 -2.712408e+00
6.884179e+00 -7.174634e-01
4.621891e+00 -2.635518e+00
6.590929e+00 3.825649e+00
7.876581e+00 -5.253002e+00
9.574216e+00 1.792400e+00
2.556685e+00 1.159299e+00
1.357007e+01 4.108054e+00
1.246646e+01 -5.897672e+00
5.695981e-01 1.140851e+00
9.004323e+00 2.983606e+00
1.169015e+01 1.301612e+00
-1.057692e+00 -2.023402e+00
1.083720e+01 9.777645e-01
-2.161291e+00 3.718287e+00
-9.291765e+00 3.300376e-01
2.113130e+00 2.288212e+00
5.318762e+00 3.670699e+00
-1.114386e-01 1.945645e+00
-6.956688e+00 2.054863e+00
1.223561e+00 2.563354e-01
2.979541e+00 6.096559e+00
7.679729e+00 7.731196e+00
1.199341e+00 1.188575e+00
5.547004e+00 7.014937e+00
4.273220e-03 4.122529e+00
-8.609122e+00 5.783011e+00
-7.554718e+00 4.786098e+00
1.277506e+00 8.103764e+00
-9.121601e+00 1.840167e+00
6.080062e-01 8.447268e+00
5.328144e+00 5.241228e+00
7.958487e+00 7.826071e+00
-4.121939e+00 2.768301e+00
1.788775e+01 3.342759e+00
2.733651e+00 3.899777e+00
-3.164830e+00 2.256663e+00
6.601437e-01 4.599449e+00
3.423264e+00 1.304423e+01
-4.940016e+00 9.798840e+00
3.519839e+00 6.745060e+00
-5.487004e+00 6.464999e+00
7.947807e+00 2.782831e+00
7.574352e+00 7.536481e+00
5.835551e+00 5.199000e+00
7.095599e+00 3.328374e+00
1.792661e+01 -7.187265e+00
1.151082e+01 4.034814e+00
1.456771e+01 4.586396e+00
1.168511e+01 -2.353857e-01
6.565138e+00 -5.393979e+00
7.505442e+00 -9.110364e+00
4.276397e+00 -2.440522e-01
6.947292e+00 4.538121e+00
2.979387e+00 1.465696e+01
7.412695e+00 -1.919303e+00
1.104629e+01 -5.006499e-01
-5.019559e-01 -5.710645e+00
-1.981085e+00 5.337232e+00
1.601215e+01 2.664976e-01
-1.171419e+00 -3.364629e+00
1.217892e+01 -4.657863e+00
9.888399e+00 -3.556521e+00
8.862347e+00 6.969754e+00
1.114465e+01 -2.503284e+00
1.095239e+01 4.025731e+00
1.790654e+00 -1.079935e+00
1.581006e+01 4.501358e+00
5.989882e+00 4.430327e-01
-2.883322e+00 2.781435e+00
1.315504e+01 9.369562e+00
1.046435e+01 1.953699e+00
1.117439e+01 -3.401668e+00
3.098756e+00 -8.639655e-02
1.802608e+00 2.082410e+00
-9.166128e+00 3.049025e+00
5.398466e+00 -2.022489e+00
3.128260e+00 4.653802e+00
3.363174e+00 4.053963e+00
-5.197886e+00 7.345439e+00
2.672919e+00 3.732454e+00
-7.145494e+00 7.115468e+00
5.587730e+00 7.297173e+00
2.607758e+00 6.930342e+00
4.177857e+00 9.872762e+00
-6.888149e+00 -5.098426e+00
-1.670443e+01 7.627163e+00
6.749093e+00 1.064438e+01
4.035707e+00 1.259180e+00
3.267896e-01 2.504127e+00
2.837264e-01 -3.311660e-01
2.175462e+00 8.233359e+00
-3.264708e+00 1.273882e+01
-1.411747e+01 5.008288e+00
5.279350e+00 2.000463e-01
-4.568166e+00 2.155626e+00
6.346104e+00 -7.250943e-01
6.677063e+00 7.338339e+00
1.924793e+00 1.133624e+01
-3.018405e+00 1.690541e+00
4.168893e+00 4.614087e+00
-1.792264e+00 1.262330e+00
5.326975e+00 8.362945e+00
6.736172e+00 -6.112522e+00
1.388393e+00 4.107484e+00
1.306758e+00 4.134671e+00
1.173066e+01 2.108710e+00
3.090879e+00 3.640048e+00
2.971930e+00 4.774906e+00
9.804185e+00 7.580339e+00
9.707811e+00 -1.212479e+00
1.340903e+01 1.196561e+00
6.982304e+00 -2.842167e+00
6.420733e-01 3.758247e+00
8.040724e+00 -1.733807e+00
4.242339e+00 5.408237e+00
1.262416e+01 1.019609e+00
1.032000e+01 2.920974e+00
-2.509728e-01 1.156803e+00
2.756942e+00 -1.161292e-01
5.557119e+00 1.613629e+00
5.434043e+00 2.020045e+00
7.643450e+00 2.552603e+00
5.305690e+00 -4.340954e-01
9.440858e+00 -5.816708e+00
1.105026e+01 3.226146e-01
1.833175e+01 2.382798e+00
6.473103e+00 1.390757e+01
1.211609e+01 1.060334e+01
2.640548e+00 -2.955436e+00
3.248634e+00 -5.245825e-02
1.254177e+01 -4.956660e+00
5.249333e+00 -1.750234e+00
1.174065e+01 1.296489e+00
7.608321e+00 5.774125e-01
4.489831e+00 7.557471e+00
-9.920060e-01 1.231056e+00
-2.539369e+00 7.092852e+00
5.374351e-01 6.844636e+00
-8.197368e+00 2.688360e+00
-9.168372e+00 7.721729e+00
2.178735e+00 -4.351158e+00
-1.987147e+00 -3.512527e+00
-5.509705e+00 1.064581e+01
-2.050039e+00 8.758897e+00
9.662813e+00 1.500035e+01
-6.562749e-01 1.498050e+01
1.177238e+00 -2.631128e+00
-2.852045e+00 7.768001e+00
5.771797e+00 6.981450e+00
3.064551e-01 -1.471265e+00
2.768165e+00 -6.482242e+00
-3.758507e+00 4.964499e-01
2.700942e+00 2.956327e+00
6.417450e+00 1.923528e+00
-6.243175e+00 2.375003e+00
9.481988e+00 1.484062e+00
-1.389608e-01 3.429649e+00
2.518495e+00 4.343212e+00
3.367524e+00 1.302876e+01
-4.641884e-01 2.966130e+00
-1.188916e+01 1.682251e+01
9.564385e-01 1.351308e+01
-1.050460e+01 2.193889e-01
-9.503607e-01 3.070341e+00
