6.982657e+00 1.053573e+00 -4.369724e-01 2.799057e+00
3.503752e+00 -5.005102e-01 6.553447e-01 4.743721e+00
4.176527e+00 -7.398815e+00 5.741092e+00 2.185436e+00
5.716934e+00 -1.696690e+00 -1.559732e+00 2.570530e+00
1.129466e+00 -9.191889e+00 3.722261e+00 6.673731e+00
-1.381369e+00 1.142453e+00 2.308697e+00 -3.876016e-01
2.024165e+00 -1.133385e+00 3.966199e+00 3.248587e+00
7.192731e+00 -7.439585e-01 -9.430078e-01 3.896350e+00
6.430693e-01 8.758653e-01 8.407772e-01 6.014359e+00
-6.793101e-01 1.889970e-01 -8.343205e-01 8.215848e+00
6.226195e+00 6.523995e+00 -4.679403e-01 2.793797e+00
7.707345e+00 7.985784e+00 -4.685568e+00 1.152195e+00
4.132359e+00 3.161758e+00 3.656570e-02 5.012187e+00
8.389519e-01 6.722080e+00 -3.256725e-01 3.091677e+00
2.034555e+00 8.342815e+00 2.682992e+00 1.018589e+01
8.063460e-01 5.862934e+00 4.278872e+00 3.146822e+00
4.051752e+00 6.788092e+00 3.034689e-01 6.973563e+00
9.357001e+00 6.679971e+00 5.319303e+00 9.243419e+00
9.627500e+00 3.549825e+00 8.928128e+00 8.561739e+00
1.166095e+01 3.359633e+00 2.779729e-01 1.148137e+01
5.259964e+00 2.134207e+00 -3.709528e+00 1.189631e+01
2.749062e+00 2.236887e+00 -1.569249e+00 1.575407e+01
6.917041e+00 1.222107e+00 6.982118e+00 7.879963e+00
3.943362e+00 1.015789e+00 8.913375e+00 8.427057e+00
-4.760402e-01 9.973667e+00 3.194745e+00 9.173511e+00
4.688873e+00 9.444522e+00 4.551601e-01 4.566939e+00
1.350786e+01 7.621720e+00 5.121476e+00 1.481677e+01
1.319354e+01 4.172301e+00 9.514663e+00 1.286148e+01
9.728746e+00 7.364938e+00 -7.643398e-02 8.957257e+00
4.701751e+00 8.897662e+00 -1.100440e+00 8.714969e+00
9.582953e+00 4.576719e+00 5.167251e+00 8.527333e+00
1.035493e+01 3.382528e+00 4.225988e+00 8.249401e+00
7.887610e+00 8.179772e+00 1.813967e+00 9.588832e+00
9.868542e+00 7.871271e+00 2.587979e+00 1.080081e+01
5.053723e+00 7.857808e+00 -5.779445e-01 7.444463e+00
5.380019e+00 8.207751e+00 3.429190e+00 9.441485e+00
9.617849e+00 7.014016e+00 1.562071e-01 4.013301e+00
8.266472e+00 6.410473e+00 2.091328e+00 1.318053e+00
6.682487e+00 6.958618e-01 3.007946e+00 1.628805e+00
6.524851e+00 6.888555e+00 5.199830e+00 9.302629e+00
5.357978e+00 8.663706e+00 9.015080e+00 4.347508e+00
7.452898e+00 8.088386e+00 6.162793e+00 9.585732e+00
4.882268e+00 6.287918e+00 -3.117330e-01 1.206859e+00
4.681559e+00 3.716508e+00 3.052791e+00 -2.072654e+00
4.261195e+00 3.191425e+00 2.352994e+00 5.496035e+00
8.756309e+00 1.713312e+00 2.557009e+00 6.510170e+00
7.310845e+00 3.639372e+00 5.876128e+00 1.106068e+01
7.829920e+00 2.739100e+00 3.451352e+00 1.181928e+01
3.835897e+00 3.522902e+00 2.995861e-01 8.628757e+00
3.945956e+00 4.856794e+00 2.254064e-01 5.048425e+00
7.559657e+00 3.353081e+00 4.327638e+00 6.719200e+00
9.891545e+00 4.819573e+00 1.480557e+00 1.105774e+01
5.442653e+00 4.179263e+00 -3.589967e+00 3.616515e+00
4.505706e+00 4.638565e+00 -1.550740e+00 1.252688e+01
4.515567e+00 4.235366e+00 1.202616e+00 7.791275e+00
8.036011e+00 4.224009e+00 5.133204e-01 1.095323e+01
7.374050e+00 1.258293e+01 -3.217199e+00 1.414346e+00
8.573228e+00 1.075050e+01 -4.904804e-01 5.065006e-01
1.003133e+01 7.452668e+00 4.487686e+00 9.463549e+00
1.208187e+01 4.809274e+00 3.096799e+00 5.913447e+00
4.887398e+00 8.112201e+00 -1.088565e+00 5.174298e+00
2.025407e+00 4.842676e+00 1.605621e+00 5.938541e+00
6.586402e+00 6.980134e+00 -1.163336e+00 4.155943e+00
9.610757e+00 6.339064e+00 2.073762e+00 5.788123e+00
-1.727425e+00 2.540255e+00 9.783957e-01 6.462513e+00
7.936242e+00 -3.569236e+00 1.845239e+00 5.562631e+00
1.849669e+00 1.760958e-01 6.496811e+00 2.972786e+00
6.145508e+00 4.929669e+00 1.227110e-01 2.576731e+00
1.218882e+01 9.461817e+00 -8.267120e-01 3.657389e+00
1.182968e+01 4.575737e+00 -3.229093e+00 7.853847e+00
-2.253931e-01 1.478856e+00 -1.728980e+00 4.739078e+00
3.040993e+00 4.853106e+00 1.993082e+00 8.421831e+00
9.889045e+00 1.461725e+00 -9.102550e+00 1.224866e+01
9.773562e+00 2.560038e+00 -7.097510e+00 8.412560e+00
8.781672e+00 5.346789e-01 -7.762216e-01 6.394820e+00
4.838525e+00 -1.364281e+00 -1.128332e+00 6.676594e+00
1.517914e-02 5.224983e+00 4.367067e+00 1.274612e+01
-1.094452e+00 5.591725e+00 1.412337e+00 1.489907e+01
4.980939e+00 4.101300e+00 -5.409794e+00 7.691186e+00
7.653689e+00 6.923619e-02 -5.550408e+00 9.605625e+00
1.565982e-01 -1.873172e+00 1.627387e-01 1.207132e+01
1.476484e+00 -1.187474e-01 -3.023602e+00 1.112369e+01
3.272454e+00 -7.587840e+00 5.991094e-02 1.529402e+01
3.581962e+00 -4.371870e+00 -1.046600e+00 1.705392e+01
9.646712e+00 1.944524e+00 6.952043e-01 9.795261e+00
5.127670e+00 3.852556e+00 -3.109260e+00 1.568818e+01
8.142308e+00 -1.157683e+00 -1.759646e+00 7.948200e+00
1.231666e+01 2.817660e+00 3.809873e-01 1.380965e+01
7.863829e+00 7.304149e+00 -2.654524e+00 1.345697e+01
1.003294e+01 8.697751e+00 -2.099903e+00 8.728745e+00
4.216268e+00 -8.525269e-01 1.067752e+00 1.607100e+01
5.926702e+00 2.808302e+00 2.612512e+00 1.298750e+01
8.966240e+00 -3.712210e+00 -8.014880e-01 9.779526e+00
8.241727e+00 -2.510022e+00 2.409937e+00 1.169078e+01
7.922996e-01 -2.520074e-01 -6.131983e+00 1.514593e+01
-1.208693e+00 -5.367623e+00 -4.316228e+00 1.204956e+01
8.567259e+00 -1.300968e+00 2.721992e+00 8.550653e+00
7.287428e+00 4.364094e+00 5.974729e+00 2.501938e+00
3.923743e+00 -1.255916e+00 -2.358770e+00 1.144634e+01
7.275017e+00 2.599125e+00 -4.452594e+00 1.014071e+01
3.579861e+00 8.326306e-01 -5.013632e+00 7.961063e+00
1.775729e+00 -2.242608e+00 -4.960166e+00 1.187285e+01
1.360312e+01 -2.249536e+00 -3.676944e+00 1.217572e+01
1.231819e+01 -3.519431e+00 7.258159e-01 1.133325e+01
1.519480e+01 1.317442e+00 -2.838382e+00 8.958322e+00
1.306685e+01 -2.617207e-01 2.408317e+00 8.475519e+00
6.085868e+00 5.583625e+00 -5.161746e+00 1.238596e+01
5.232170e+00 -1.267688e+00 -4.539866e+00 1.403719e+01
6.111847e+00 9.370611e-01 2.323486e+00 9.007718e+00
8.183500e+00 -1.663519e+00 2.622262e+00 1.350245e+01
9.945307e+00 4.224536e+00 5.223896e+00 1.083026e+01
1.039320e+01 3.468094e+00 2.358755e+00 7.539580e+00
9.290599e+00 -2.188039e+00 -4.111262e+00 1.849782e+01
8.488293e+00 6.374316e-01 4.997808e-01 1.007250e+01
5.140650e+00 -5.800159e+00 6.213898e+00 8.360090e+00
6.164397e+00 -4.237878e+00 -3.201848e+00 1.064216e+01
1.311416e+01 1.671260e+00 1.999214e+00 1.641796e+01
1.048166e+01 -1.501278e+00 -2.988364e+00 1.466210e+01
1.082278e+01 -6.469263e+00 6.188785e+00 6.637296e+00
1.061887e+01 -4.420612e+00 1.962756e+00 9.496071e+00
1.820316e+00 -1.527557e+00 -5.254574e+00 7.093075e+00
6.316971e-01 -2.617092e+00 -4.534823e+00 1.075969e+01
9.187647e+00 1.436752e+00 2.521041e+00 3.656594e+00
5.613494e+00 4.367042e-01 9.015583e-01 9.199703e+00
2.812477e+00 -5.510529e-01 3.484562e+00 1.964611e+01
4.803257e+00 -7.319792e-01 6.636738e-01 2.189430e+01
4.349116e+00 -4.313556e+00 3.610775e+00 1.015823e+01
1.111549e+01 -7.575720e-01 -1.937542e+00 1.748521e+01
9.971352e+00 3.886618e-01 -2.376361e+00 4.769235e+00
9.049871e+00 1.138375e+00 -1.970659e+00 5.479910e+00
5.659236e-01 7.460259e+00 -3.591043e-01 8.526239e+00
5.327195e+00 1.824540e+00 3.123830e+00 1.467117e+01
1.311414e+01 4.638510e+00 1.229120e+00 9.741436e+00
1.038563e+01 8.046848e+00 4.481617e+00 1.261294e+01
2.827083e+00 6.098587e+00 -3.016003e+00 5.699752e+00
7.653300e+00 -9.680070e-01 -3.630302e+00 9.373424e+00
1.982648e+00 6.779100e+00 -2.982501e+00 8.134678e+00
6.362756e+00 2.856540e+00 1.343737e+00 1.032408e+01
5.163147e+00 5.117636e+00 5.122515e+00 1.272231e+01
7.596925e+00 -2.193304e+00 4.554809e+00 4.322086e+00
7.614725e+00 1.138849e+00 2.244768e+00 1.138826e+01
6.493762e+00 3.248514e+00 1.000932e+00 2.642171e+00
8.029354e+00 9.599224e+00 6.058200e+00 1.137043e+01
4.693547e+00 5.703905e+00 3.820216e-01 1.100263e+01
9.224943e+00 3.002472e+00 1.494408e-01 1.216018e+01
9.530244e+00 6.824504e+00 3.566041e-01 9.023057e+00
8.077091e+00 5.199743e+00 5.276913e+00 8.413613e+00
3.701328e-01 4.780473e+00 3.882729e+00 8.471863e+00
6.224780e+00 4.544067e+00 3.498265e+00 1.352637e+00
7.069137e+00 5.073829e+00 -1.106493e+00 5.809721e+00
5.404342e+00 8.385903e+00 -3.478701e+00 4.794132e+00
4.715218e+00 8.054412e+00 -7.772948e-01 1.576045e+00
7.890206e+00 7.305469e-01 3.501756e+00 1.354557e+01
5.875868e+00 8.350141e+00 3.584510e+00 1.240268e+01
-2.541820e+00 6.393214e+00 -2.624090e+00 5.660341e+00
4.992754e+00 2.186329e+00 1.532919e+00 -6.508399e-01
7.813518e+00 2.754512e+00 1.776398e+00 1.276541e+01
7.123768e+00 7.363750e+00 6.961259e-01 5.975556e+00
1.146474e+01 3.357947e+00 9.680473e+00 8.958244e+00
8.991113e+00 5.620678e+00 -1.460887e+00 5.332313e+00
9.147452e+00 4.712466e+00 -7.472976e+00 1.146894e+01
1.161257e+01 5.206712e+00 -1.704215e+00 1.054726e+01
6.486192e+00 5.611452e+00 -2.195231e+00 1.259811e+01
9.166930e+00 2.500913e+00 -6.070849e-02 5.819106e+00
1.105552e+01 1.473352e+00 -3.508376e+00 7.014185e+00
6.188061e+00 6.703795e-01 -1.175498e+00 8.799000e+00
1.298564e+01 2.703703e+00 1.439671e+00 1.218301e+01
5.115561e+00 -1.837707e+00 -2.373899e-01 9.822680e+00
1.024166e+01 1.875324e+00 -3.897143e+00 6.955644e+00
8.652060e+00 1.456256e-01 2.747299e+00 1.368549e+01
5.262080e-01 2.061587e+00 3.202284e+00 1.542580e+01
4.006240e+00 -2.763569e+00 -1.020549e+00 9.386463e+00
5.472991e+00 2.157616e+00 -6.662635e+00 1.377398e+01
6.583252e+00 1.556993e+00 5.818307e-01 9.179695e+00
7.383647e+00 2.434483e+00 -3.542545e+00 9.362646e+00
4.670183e+00 -7.174270e-01 -1.538128e+00 2.058287e+01
1.215392e+01 2.537071e+00 -3.203980e+00 8.810977e+00
2.145596e+00 -5.972710e+00 2.513455e-01 8.050032e+00
3.289372e+00 1.632123e+00 5.776605e+00 1.679558e+01
9.096637e+00 6.261229e-01 -1.717863e+00 1.141992e+01
8.019577e+00 3.385149e+00 -2.536589e+00 1.098266e+01
1.201810e+01 1.132025e+00 4.808660e-01 1.050209e+01
2.889867e+00 -2.638563e+00 3.895584e+00 1.629269e+01
1.029538e+01 2.600074e+00 6.878538e+00 1.361405e+01
9.163150e+00 -2.288432e+00 -4.780684e+00 6.226019e+00
5.091584e+00 -3.786869e-01 4.303847e-01 5.519095e+00
2.649036e+00 -1.648526e+00 -2.477822e+00 1.408978e+01
6.666357e+00 -2.516753e+00 -3.798136e-01 8.474889e+00
1.045666e+01 -4.925802e+00 1.279629e+00 1.073781e+01
9.958210e+00 5.526875e+00 -6.537687e+00 4.746578e+00
6.209101e+00 8.250599e+00 -1.489729e+00 9.141479e+00
3.046387e+00 5.309911e+00 1.569760e+00 4.885749e+00
1.369432e+01 2.614541e+00 2.217779e+00 8.865049e+00
9.176518e+00 4.328730e+00 4.825932e+00 2.786912e+00
9.479646e+00 5.304173e+00 -1.560133e+00 4.130232e+00
9.723204e+00 4.166630e+00 6.419339e-01 5.469012e+00
3.881212e+00 6.366935e+00 -1.343169e+00 4.168277e+00
9.729640e+00 3.632170e+00 1.349199e+00 1.092619e+01
8.692532e+00 5.216879e+00 2.693236e-01 9.207708e+00
2.145869e+00 4.007430e-01 5.887907e+00 7.959166e+00
3.992664e+00 1.769875e+00 5.506982e+00 9.821044e+00
5.749000e-01 3.901736e+00 -2.546712e+00 5.767490e+00
4.691532e+00 6.347916e+00 5.216318e+00 7.121776e+00
4.452510e+00 4.837855e+00 -5.327204e-01 1.082441e+01
7.190090e+00 3.485395e+00 -1.977697e+00 9.666133e+00
7.464085e+00 8.920361e+00 2.772296e+00 1.311810e+01
8.340094e+00 1.048107e+01 1.332355e+00 5.363345e+00
3.641227e+00 7.840642e+00 3.051635e+00 6.996597e+00
1.057273e+01 6.368062e+00 5.116082e-01 3.139661e+00
1.260178e+01 -1.068058e+00 1.613584e+00 7.746409e+00
5.570914e-01 9.910171e+00 -4.274437e+00 1.984895e+00
6.054634e+00 8.413528e+00 -3.089475e+00 2.576169e+00
6.605873e+00 4.138726e+00 3.935168e+00 8.554615e+00
2.687213e+00 7.753788e+00 5.407657e+00 8.122959e+00
1.835706e+00 9.817395e+00 -5.225632e+00 -1.555929e-01
7.472892e+00 3.741389e+00 1.766740e+00 4.913875e+00
6.104540e+00 3.488034e+00 1.119757e+00 1.266463e+01
3.964349e+00 6.306122e+00 -1.338302e+00 -2.308946e+00
1.216574e+01 5.744682e+00 6.036224e+00 9.757668e+00
7.658819e+00 3.706920e+00 2.718123e-01 5.969820e+00
6.144904e+00 4.272914e+00 -3.878315e+00 7.737519e+00
1.085245e+01 6.592386e+00 1.930964e+00 9.401024e+00
9.956217e+00 3.535432e+00 -2.377464e+00 1.293557e+01
1.168027e+01 2.718034e-01 1.690670e+00 6.262938e+00
7.938116e+00 -3.240403e-01 8.205542e-01 6.333929e+00
8.764636e+00 -1.569052e+00 1.726479e+00 9.888562e+00
1.142286e+01 -1.986513e+00 4.858334e+00 7.666525e+00
1.115869e+01 -3.846942e-01 3.522439e+00 8.735973e+00
6.393662e+00 1.996174e+00 4.328612e+00 1.010653e+01
9.235465e+00 4.475601e-01 4.921501e+00 1.642383e+01
3.560071e-02 6.814361e+00 -3.877656e+00 1.457573e+01
1.154517e+01 4.170574e+00 2.235276e+00 1.366667e+01
7.747457e+00 1.953126e+00 -1.289753e+01 4.754719e+00
6.125623e+00 3.874743e+00 8.830398e-01 7.236093e+00
6.693688e+00 3.211124e+00 -3.526921e-01 9.510638e+00
8.123747e+00 -1.324091e+00 -3.957436e+00 1.646744e+01
1.334941e+01 -4.704450e-01 -3.544419e+00 1.998509e+00
3.738105e+00 -5.033480e+00 -3.672441e+00 1.566874e+01
-1.193495e+00 -1.452060e+00 4.132438e+00 1.538784e+01
8.244536e+00 -1.142266e+00 1.179779e+00 1.198011e+01
9.331644e+00 1.648270e-01 -6.185049e+00 8.115318e+00
1.549751e+01 4.630670e+00 -2.741784e+00 6.940901e+00
7.237395e+00 1.741749e+00 7.852691e-01 1.202792e+01
9.383512e+00 -4.176626e-01 6.199428e+00 1.612568e+01
7.798372e+00 -2.501827e+00 3.248164e+00 5.620147e+00
3.004020e+00 -4.532126e+00 -9.919189e-01 5.737090e+00
3.933231e+00 3.633415e+00 5.929142e-01 1.461878e+01
8.094529e+00 -4.829591e+00 -3.867161e+00 2.366519e+00
1.127976e+01 -5.746119e+00 5.632346e+00 2.826476e+00
1.041666e+01 6.758951e+00 -5.485112e+00 6.111298e+00
6.869054e+00 7.319693e-01 -5.493741e-01 6.338510e+00
2.734605e+00 6.295828e+00 -1.526962e+00 6.567858e+00
6.036375e+00 4.423729e+00 2.725411e+00 1.257212e+01
9.320853e+00 2.770747e+00 5.128973e-03 1.385870e+01
4.679054e+00 5.197605e+00 7.676424e+00 1.111764e+01
5.551775e+00 6.419073e+00 3.776625e+00 7.176588e+00
8.547377e+00 3.850067e+00 3.935678e+00 5.290253e+00
1.462400e+01 2.762642e+00 6.020403e+00 1.240824e+01
3.683846e+00 -1.985158e-01 2.050548e+00 6.579293e+00
2.900271e-02 1.762737e+00 -1.599709e+00 6.731359e+00
2.380393e+00 6.916268e+00 2.174816e+00 1.031244e+01
4.791724e+00 4.485848e+00 -3.054635e+00 5.999908e+00
5.384087e+00 1.374529e-01 2.052391e+00 1.395018e+01
3.997275e+00 6.191747e-01 -9.117750e-01 8.281357e+00
5.515873e+00 5.641875e+00 2.160859e-02 6.128556e+00
4.213275e+00 6.136016e+00 -4.861541e-01 2.006969e+00
7.953173e+00 1.355715e+00 1.740603e+00 1.296677e+01
1.113511e+01 -1.070142e+00 6.088568e+00 9.317217e+00
1.167638e+01 4.454870e+00 3.549755e+00 9.978537e+00
9.873649e+00 6.475728e+00 1.434270e+00 8.620933e+00
1.126982e+01 1.041759e+00 -1.256212e-01 1.293554e+01
1.017106e+01 1.554052e+00 -4.790190e-01 1.090059e+01
1.105694e+00 -5.385688e+00 3.517968e+00 7.719301e+00
3.281510e+00 -5.939712e+00 6.327789e+00 9.822437e+00
4.266238e+00 8.170081e+00 3.129399e+00 5.770530e+00
7.621783e+00 4.674557e+00 4.819540e+00 4.317959e+00
5.752205e+00 8.540134e+00 6.010452e+00 7.987776e+00
8.816351e+00 1.084911e+01 1.989993e+00 7.168982e+00
5.166241e+00 5.910078e+00 1.627624e+00 1.264417e+01
6.597109e+00 4.010409e+00 -1.429181e-01 9.536812e+00
6.589241e+00 -5.703802e+00 -8.509247e-01 7.606604e+00
1.006463e+01 -7.842676e+00 -1.264995e+00 1.102677e+01
1.117055e+01 -7.548133e-01 -2.002792e-01 9.985116e+00
8.063738e+00 -2.752699e+00 -8.628590e-01 6.988429e+00
9.442045e+00 6.356046e-01 1.605332e+00 1.008438e+01
1.009925e+01 5.928832e-01 9.894361e-01 9.748024e+00
1.049639e+01 2.398367e+00 -2.536441e+00 1.308777e+01
7.270282e+00 5.224450e-02 -2.028672e+00 1.407350e+01
4.794804e+00 -1.625741e+00 3.732038e+00 9.920257e+00
6.540327e+00 1.029930e+00 4.147993e+00 9.824150e+00
1.104131e+01 4.267517e-01 8.217605e+00 9.995800e+00
5.214249e+00 -1.784533e+00 -1.378882e+00 5.710360e+00
1.525010e+00 -2.476918e-01 -6.128427e+00 1.443663e+01
1.218655e+00 -1.968008e+00 -5.814034e+00 7.120454e+00
5.505924e+00 -1.107772e+00 -2.784909e+00 1.478310e+00
7.795314e+00 2.048978e+00 2.567441e-01 1.033957e+01
6.564223e+00 -2.667021e+00 6.774862e+00 9.352408e+00
4.869723e+00 -4.348913e-01 1.952831e+00 9.955475e+00
7.893927e+00 7.733287e-01 -1.097939e+00 9.525639e+00
9.956299e+00 -3.054999e+00 -1.387398e+00 1.122815e+01
7.862590e+00 1.529043e+00 5.265250e+00 1.268111e+01
4.824036e+00 3.585421e+00 4.733059e+00 1.421311e+01
9.165996e+00 1.988263e+00 -2.582246e+00 6.800957e+00
1.201047e+01 6.149754e-01 -6.276548e-01 1.083648e+01
8.798360e+00 -8.882308e-01 9.227539e-01 7.866650e+00
1.243646e+01 -1.528916e+00 1.156486e+00 1.028577e+01
7.976342e+00 -2.866068e+00 8.096017e-01 1.035027e+01
7.171237e+00 -1.088012e+00 -2.778981e+00 1.269543e+01
4.309504e+00 4.480910e+00 9.194649e-01 1.466740e+01
8.957459e+00 1.472428e+00 2.419152e-01 1.326673e+01
-1.030035e+00 6.700572e+00 -5.133963e+00 4.874889e+00
8.087283e-01 9.041438e+00 8.075106e-02 7.137346e+00
-2.859446e+00 4.444832e+00 1.622614e-01 3.774666e+00
7.508833e-01 2.418264e+00 3.543113e+00 9.061503e+00
-2.641591e+00 7.813087e+00 3.357481e+00 7.024727e+00
-2.211839e+00 4.750270e+00 1.539488e+00 1.083832e+01
-9.013576e-01 6.827825e+00 2.556351e+00 2.766843e+00
1.821044e+00 6.924290e+00 1.824732e+00 1.063489e+01
-3.687239e-01 8.338430e+00 5.806408e+00 1.424288e+01
7.750589e+00 7.598677e+00 4.324493e+00 1.287899e+01
-5.254813e+00 6.135670e+00 -4.187238e+00 1.352261e+01
-4.988544e+00 2.628715e+00 -5.700506e+00 1.079692e+01
-6.737173e-01 4.083247e+00 -2.190473e+00 1.394968e+01
-3.051242e-01 3.374327e+00 -1.949177e+00 1.347925e+01
-4.043095e+00 8.626072e+00 -5.780408e-01 9.600336e+00
-3.521873e+00 5.614914e+00 4.637299e-01 1.355410e+01
4.507623e+00 8.194493e+00 1.564953e+00 1.427777e+01
5.918326e+00 8.063830e+00 2.548960e+00 1.119999e+01
5.735696e-01 5.321877e+00 2.367456e+00 1.381161e+01
-8.383780e-01 2.640733e+00 4.403220e+00 1.448685e+01
4.079327e+00 4.480331e+00 -1.825106e+00 1.537083e+01
2.090702e+00 4.876495e+00 3.737244e+00 1.217248e+01
3.115146e+00 9.459419e+00 5.600842e+00 1.491541e+01
3.151093e+00 7.412954e+00 2.900105e+00 2.064072e+01
1.775816e+00 1.103139e+01 5.080794e+00 8.211589e+00
-3.719282e+00 7.932952e+00 6.422736e+00 8.144828e+00
-5.081221e-01 5.883705e+00 6.909260e-01 9.620881e+00
1.371651e+00 6.793996e+00 4.607576e+00 5.828146e+00
2.444550e+00 -2.689450e+00 3.612637e+00 3.383485e+00
7.272093e+00 8.046493e+00 6.853319e+00 1.591991e+00
2.193122e+00 5.665345e+00 5.235089e+00 1.107822e+01
9.248220e-01 3.999282e+00 8.151789e+00 1.337643e+01
-1.208426e+00 3.423619e+00 3.846132e+00 8.782601e+00
-8.200069e-01 2.814112e+00 9.380395e-01 8.823973e+00
2.945139e+00 9.359144e+00 7.924642e-01 5.145630e+00
2.191434e+00 9.454055e+00 3.204930e+00 8.721895e+00
3.750533e+00 4.262905e+00 -6.927081e-01 1.629098e+01
1.478603e+00 4.335376e+00 1.656726e+00 1.651836e+01
1.943664e+00 2.974017e+00 -1.792367e+00 1.148186e+01
-1.342351e+00 5.066904e+00 3.034006e+00 1.273950e+01
-1.140282e+00 5.427357e+00 6.792871e+00 6.434679e+00
2.607074e+00 4.205770e+00 3.909904e+00 3.629693e+00
-1.208850e+00 4.632628e+00 1.054589e+00 9.085881e+00
-3.456869e+00 4.901504e-01 3.299466e+00 1.102232e+01
1.222535e-01 8.261536e+00 2.991885e+00 8.166981e+00
-1.649453e+00 8.578759e+00 4.935174e+00 8.260769e+00
2.992084e+00 9.644298e+00 1.301580e+00 2.561011e+00
3.935746e+00 5.058483e+00 3.727411e+00 5.396479e+00
9.438914e+00 4.684651e+00 -5.074501e+00 1.177518e+01
7.062571e+00 7.996440e+00 -1.309196e+00 1.334642e+01
2.451719e+00 4.400834e+00 3.139921e+00 7.299673e+00
-2.086949e+00 6.582970e+00 -5.271481e-01 1.142562e+01
3.989253e+00 8.066756e+00 -1.903540e+00 1.398775e+01
1.853453e+00 5.088401e+00 2.018398e+00 6.473899e+00
-9.653767e-01 1.069887e+01 -3.263926e+00 7.972984e+00
-2.531461e-01 6.804146e+00 2.294806e+00 1.495997e+01
1.455667e+00 4.247889e+00 3.027845e-01 1.423395e+01
1.219001e+00 4.343076e+00 -1.735872e+00 9.725127e+00
5.542028e+00 3.530448e+00 -5.967944e-01 1.316219e+01
5.197130e+00 3.590823e+00 -2.089955e+00 1.391683e+01
2.529494e+00 -1.261065e+00 -9.479603e-01 9.671203e+00
-6.967872e+00 1.221436e+00 2.815832e+00 1.590185e+01
-8.666488e-01 2.371124e+00 -5.465853e-01 1.968238e+01
2.369086e-01 5.570281e+00 -4.174516e+00 1.614948e+01
3.089525e+00 5.629701e+00 2.622326e+00 1.737796e+01
-1.110570e+00 3.324483e+00 2.293802e+00 1.829413e+01
-7.819489e+00 8.956901e+00 -7.901266e-01 1.990510e+01
-4.434003e+00 6.562254e+00 3.189363e+00 1.893578e+01
-2.489115e+00 5.450089e+00 -3.135330e+00 1.515338e+01
-4.397804e-01 4.780310e+00 -1.024890e+00 2.045743e+01
-4.592937e+00 -1.456419e+00 -4.304671e-01 1.631134e+01
1.499750e+00 -9.339758e-01 -1.150648e+00 1.496057e+01
-2.480598e+00 -8.195546e-01 7.335918e-01 1.969644e+01
-3.464070e+00 1.005030e+00 1.413841e+00 1.597519e+01
-4.073422e-02 7.285209e+00 -2.116738e+00 9.127973e+00
-1.811751e+00 6.195621e+00 -8.369362e+00 8.306295e+00
-7.816094e-01 4.953362e+00 -2.039868e+00 1.713216e+01
-3.825090e-01 3.757539e+00 -2.125643e+00 1.582910e+01
3.217498e+00 4.950232e+00 3.348470e+00 1.906672e+01
1.843185e+00 6.740653e+00 -1.418967e+00 1.634829e+01
-3.198592e+00 -2.845330e-01 3.948993e+00 1.769158e+01
-5.462401e+00 4.383836e+00 1.925217e+00 1.828515e+01
2.284570e+00 9.814802e-01 -6.446899e+00 1.334920e+01
2.573247e+00 -1.654364e+00 -6.258693e-01 1.543730e+01
-1.211167e+00 2.306501e+00 -6.230948e-01 1.748305e+01
-1.613791e-01 5.014720e+00 -1.766798e+00 1.523282e+01
-9.893161e-01 3.571956e+00 -6.097620e-02 1.006194e+01
1.964973e+00 3.454009e+00 1.859726e+00 1.053676e+01
-2.395762e+00 -2.970469e+00 -6.061221e+00 2.010689e+01
-2.166068e+00 -9.491147e-02 -4.865184e+00 1.637763e+01
3.323246e-02 2.640454e+00 -3.475092e-01 1.634640e+01
1.038679e-01 4.558857e+00 -5.469610e-01 1.711540e+01
7.268167e-02 1.735318e+00 5.902695e-01 1.627633e+01
4.322970e+00 5.661829e-01 2.623352e+00 1.831624e+01
1.706197e+00 2.767309e+00 3.047049e+00 1.448589e+01
5.111058e+00 6.524103e+00 1.351080e+00 1.151691e+01
-1.478296e+00 2.724452e+00 5.475936e-01 1.971355e+01
-1.007800e+00 3.980938e+00 -2.443983e+00 2.292829e+01
2.068717e+00 3.523383e+00 1.426253e+00 1.828111e+01
-2.494362e+00 7.220511e+00 9.370851e-01 1.622837e+01
6.069061e+00 1.488473e+00 -3.358409e+00 1.532157e+01
5.085760e+00 6.963069e-01 6.066808e+00 1.540526e+01
1.644956e+00 2.133390e+00 -4.858170e-01 1.714899e+01
3.576894e+00 2.340496e+00 4.035116e+00 1.622058e+01
2.747056e+00 -2.838866e+00 -3.680771e-01 1.588939e+01
1.705090e+00 -1.504411e+00 -1.523690e+00 1.609367e+01
3.477176e+00 -2.828931e+00 2.461459e+00 2.044273e+01
1.236044e+00 -3.719409e+00 2.330942e+00 1.825039e+01
2.027244e+00 -3.010437e-01 3.549906e-01 1.574917e+01
2.750316e+00 -4.936927e-01 7.785682e-01 1.584580e+01
-3.159682e-01 8.911337e-01 -6.935857e+00 8.366836e+00
-1.099297e+00 -1.826366e-01 -7.989842e+00 8.938304e+00
3.555891e+00 2.983814e+00 -2.719515e-01 1.476372e+01
3.280654e+00 -3.061225e-01 -1.089807e+00 1.591617e+01
7.122010e-03 9.783730e-01 -7.969701e+00 2.195002e+01
2.671232e+00 2.117342e+00 -4.448712e+00 1.830155e+01
-2.729250e+00 -5.719567e+00 7.557090e+00 1.925796e+01
-7.933158e+00 -1.471093e+00 6.487602e-01 2.363526e+01
5.185041e+00 3.551206e+00 3.513916e-01 1.614062e+01
1.988992e+00 2.893838e+00 3.127594e-01 2.177050e+01
6.393333e-02 2.617678e+00 2.089001e+00 1.118501e+01
-2.175043e+00 6.648358e+00 3.765198e+00 1.302523e+01
2.325863e+00 9.647049e+00 2.262144e+00 1.384244e+01
3.165941e+00 7.307569e+00 4.503617e+00 9.057779e+00
-1.791353e+00 5.874136e+00 2.581924e+00 1.314793e+01
-2.609891e-01 3.264987e+00 -3.879389e+00 1.267436e+01
-1.427271e+00 5.680409e+00 5.199970e+00 7.086198e+00
-1.298868e+00 5.624300e+00 1.461633e+00 8.536936e+00
-1.340530e+00 6.912430e+00 4.390798e-01 7.728233e+00
1.340661e+00 -1.906589e-01 -2.798972e+00 1.410783e+01
-5.228447e-01 6.185474e+00 -7.567816e-01 1.096740e+01
-4.134726e+00 5.002049e+00 -1.636878e+00 8.274448e+00
2.309169e+00 7.616262e+00 1.379422e+00 6.706543e+00
-2.258119e-01 9.931294e+00 5.731209e-01 1.694335e+01
4.365302e+00 6.803604e+00 2.268517e+00 1.259876e+01
-3.045727e+00 3.175117e+00 4.090552e+00 1.660553e+01
4.400293e+00 8.906457e+00 6.257042e-01 1.380432e+01
2.650837e-01 5.733099e+00 3.177506e+00 7.483116e+00
1.197480e+00 1.778542e+00 3.700163e+00 8.240998e+00
3.120810e+00 5.272968e+00 6.118153e+00 1.443250e+01
1.361258e+00 2.138617e+00 1.375380e+00 8.886408e+00
-2.255599e-02 7.854599e+00 3.271793e+00 1.126710e+01
1.197785e-01 6.405030e+00 2.934816e+00 1.366283e+01
3.013025e+00 1.596947e+01 3.606948e+00 1.403436e+01
4.932682e+00 1.051908e+01 2.155109e+00 1.487329e+01
3.679929e-01 -1.880470e+00 4.819082e+00 1.101017e+01
1.019810e+00 2.429282e+00 -1.173379e+00 1.862907e+01
-2.818761e+00 2.281051e+00 -6.011280e-01 1.273037e+01
3.605947e+00 1.168852e+01 5.492277e+00 1.427934e+01
4.917751e+00 7.846821e+00 3.118879e+00 1.633888e+01
2.750121e+00 3.176335e+00 -3.068263e+00 1.167217e+01
1.527189e+00 7.716842e+00 -1.327286e+00 1.802154e+01
-3.815969e-01 8.017221e+00 -3.163019e+00 1.520406e+01
2.072616e+00 6.887583e+00 2.388446e+00 1.657117e+01
3.118029e+00 -1.918485e+00 -4.717302e+00 2.074877e+01
-3.107137e+00 5.959318e+00 9.019785e-01 1.344731e+01
6.422245e+00 6.475661e-02 -1.545298e+00 1.780407e+01
5.866827e+00 -7.584049e-01 -5.276314e+00 8.793211e+00
-5.209021e-01 -3.333599e-01 -4.576673e+00 1.381358e+01
3.388498e+00 8.958860e-01 2.762893e+00 2.438218e+01
-1.186941e+01 1.171348e+00 -2.914733e+00 2.173549e+01
1.483017e+00 5.956515e-01 -3.103040e+00 1.337454e+01
-3.344478e+00 -1.549045e+00 1.895963e+00 1.591877e+01
1.233010e+00 1.612565e+00 -1.219741e+00 2.210929e+01
3.365156e+00 8.981242e-01 -5.283595e+00 1.003113e+01
1.787063e+00 2.118520e+00 3.337606e+00 2.058948e+01
3.608749e+00 9.922212e-01 -1.029870e+00 1.180074e+01
-1.149345e+00 -7.862929e-01 3.737836e-01 1.486068e+01
-1.205616e+01 -2.294255e+00 2.411179e+00 1.811343e+01
-9.712594e-01 5.577502e+00 -5.435428e+00 1.460938e+01
1.249326e+00 -6.842175e-01 5.247510e-01 1.990363e+01
3.366780e+00 6.569537e+00 1.511257e-01 2.179856e+01
1.730415e+00 5.660337e+00 4.745557e+00 1.723111e+01
4.936336e-02 4.589474e+00 1.691492e-01 1.789580e+01
-2.003595e+00 -3.668033e-01 2.595944e+00 1.117488e+01
-4.672239e+00 1.628646e+00 -4.198147e+00 1.447487e+01
-3.014033e+00 1.495364e-01 -4.669686e+00 1.564386e+01
3.348599e+00 3.056663e+00 -1.058080e+00 2.078970e+01
2.769984e+00 -1.297332e+00 -3.336581e+00 1.410254e+01
4.501990e-01 1.310654e+00 -2.533315e+00 1.308185e+01
-2.166252e+00 6.082843e+00 1.458293e+00 1.417554e+01
-5.207698e-01 5.398557e+00 8.522582e+00 1.086082e+01
3.332889e+00 7.584727e+00 3.198331e+00 1.219123e+01
1.519892e+00 8.150205e+00 1.579529e+00 5.171555e+00
2.422373e+00 3.780598e+00 8.573850e-01 1.437138e+01
5.808456e-01 4.140483e+00 -7.120410e-01 1.322967e+01
-4.659772e+00 5.988637e+00 -2.032023e+00 1.165487e+01
5.282626e+00 9.056528e+00 3.484929e+00 1.109904e+01
1.380746e+00 5.700411e+00 -4.715063e-01 8.190763e+00
-6.678031e-01 4.485251e-02 -1.800912e+00 1.089370e+01
-4.665257e+00 4.726973e+00 3.470421e+00 1.224436e+01
-4.326204e+00 3.066645e-01 -5.633302e-01 5.148294e+00
3.386492e+00 1.161146e+01 1.297891e+00 8.370749e+00
-1.496805e-01 1.016592e+01 4.112635e+00 1.107761e+01
6.068276e+00 5.455372e+00 4.286250e+00 1.520289e+01
1.305364e+00 4.960645e+00 6.033794e+00 1.035975e+01
1.293185e+00 5.560210e+00 3.570329e+00 1.800816e+01
5.793484e-01 9.104815e+00 2.994199e+00 7.670787e+00
1.096629e+00 4.747778e+00 2.812473e+00 5.494224e+00
5.028286e+00 2.069099e+00 8.802786e+00 1.803891e+01
-5.904219e+00 6.572705e+00 -6.115167e-02 8.883064e+00
3.668644e+00 1.208756e+01 2.520676e-01 1.115641e+01
3.068994e+00 6.376481e-01 4.435420e+00 1.571313e+01
5.482735e+00 1.158420e+01 6.524741e+00 1.164288e+01
2.043647e+00 1.098733e+01 5.477328e-01 5.429127e+00
8.461259e-01 2.216602e+00 1.975975e+00 9.449710e+00
1.603140e+00 2.499260e+00 -2.023193e+00 1.719543e+01
1.055206e+00 8.764356e-01 1.524890e+00 6.301074e+00
6.047270e+00 1.053252e+01 1.088891e+00 1.424252e+01
4.489140e+00 6.547863e+00 7.898281e-01 2.013088e+01
5.304732e+00 6.067432e+00 -3.899623e+00 9.538362e+00
4.638727e+00 8.855946e+00 9.909867e-01 1.585071e+01
2.393673e+00 3.609416e+00 -6.189595e+00 1.374847e+01
3.488184e+00 2.306723e+00 1.877315e+00 1.489996e+01
5.803995e-01 -4.768739e+00 -2.023358e+00 1.445682e+01
-1.425756e+00 2.327312e+00 2.076526e-01 1.312848e+01
7.524794e+00 5.809693e+00 1.386644e+00 1.859928e+01
8.720261e+00 -2.239944e+00 3.327234e+00 1.578597e+01
-2.871725e-01 -3.041099e+00 -2.170385e-01 1.489249e+01
-1.391426e-01 3.039488e-01 3.688471e+00 2.128580e+01
-4.644330e+00 -1.027142e+00 -1.152623e+00 1.133492e+01
-1.952071e+00 1.962989e+00 -3.641464e+00 1.780547e+01
-1.012861e+00 -1.000514e+00 -2.486589e+00 1.421604e+01
6.742102e-01 3.791825e+00 -9.346054e-01 1.808634e+01
1.527326e+00 5.482959e+00 -3.861681e+00 1.511307e+01
-1.762535e+00 1.943564e+00 -5.972374e+00 1.740481e+01
6.882703e+00 3.495968e+00 6.521577e+00 1.414920e+01
-5.321152e+00 -2.150939e+00 -4.756522e+00 1.442547e+01
-9.878223e+00 -4.671143e+00 4.061472e+00 2.004856e+01
1.742515e-01 3.886255e+00 -4.013859e+00 1.239392e+01
-1.729183e+00 2.395992e+00 -4.164795e+00 1.617960e+01
3.767953e+00 3.322686e+00 -8.006000e-01 1.842945e+01
-2.258044e+00 5.631913e+00 -5.965191e-01 1.654961e+01
-2.228492e+00 3.149899e+00 -7.453813e-02 1.995506e+01
-2.722198e+00 -4.167857e+00 -2.935320e+00 1.225808e+01
-3.264771e+00 -1.032173e+00 -1.471523e+00 1.308562e+01
-6.074025e+00 5.573254e+00 -3.806682e+00 1.712741e+01
1.073627e+00 1.835202e+00 -2.042822e+00 1.627633e+01
-2.654081e+00 -1.774618e+00 5.308667e+00 9.567255e+00
4.373847e+00 3.285743e+00 -1.000095e-01 1.496795e+01
2.045509e+00 3.757629e+00 1.560006e-01 2.530870e+00
2.768107e+00 5.149290e+00 -1.873793e+00 5.111578e+00
1.693755e+00 8.803691e+00 -3.389994e-01 1.715526e+01
-1.300126e+00 6.730541e+00 -4.697795e-01 1.585744e+01
3.270425e+00 1.745031e+00 4.236110e+00 1.443259e+01
2.673647e+00 6.070398e+00 3.725714e+00 1.709344e+01
-8.037197e-01 3.733212e+00 4.614784e+00 1.163738e+01
1.677215e+00 3.656276e+00 2.122779e+00 1.331146e+01
-7.023004e+00 1.988849e+00 -2.276560e-01 1.474202e+01
-5.617960e+00 5.833828e+00 -8.896266e-01 1.528992e+01
-8.590966e+00 7.646625e+00 -2.335229e+00 1.026254e+01
-2.849339e+00 4.796549e+00 3.189387e+00 6.127648e+00
1.684623e+00 1.504185e+00 -6.643849e-01 1.119972e+01
-2.752463e+00 2.856531e+00 -4.089344e+00 1.002858e+01
2.548422e+00 4.903046e+00 2.144857e+00 1.199520e+01
-4.440598e+00 6.633989e+00 1.091209e+00 1.156629e+01
2.330119e+00 1.044376e+01 3.557146e-01 8.078413e+00
-8.385762e-01 7.010110e+00 3.193830e+00 1.127973e+01
5.082473e+00 6.266240e+00 -8.884240e-01 1.694445e+01
6.062738e+00 1.092408e+01 2.514726e+00 1.193697e+01
2.554267e+00 2.798420e+00 -4.101431e+00 1.310291e+01
-1.433639e+00 3.210722e+00 2.282175e-01 9.256813e+00
-2.321379e+00 -6.067676e+00 2.942513e+00 2.067674e+01
-9.574978e-01 3.153750e+00 -3.093448e+00 1.778347e+01
1.195616e+00 7.873947e+00 1.351360e+00 1.244871e+01
-4.322815e+00 7.477538e+00 -3.597571e-01 1.251091e+01
4.097235e+00 8.416869e+00 -1.090303e+00 1.179677e+01
3.934151e+00 4.267241e+00 2.884748e-01 1.139161e+01
2.692535e+00 6.124348e+00 1.041622e+00 1.683307e+01
1.997534e+00 5.459282e+00 3.663041e+00 9.937015e+00
-2.990859e+00 4.807607e-01 -1.818034e+00 1.231192e+01
-3.570740e+00 -6.221092e+00 -3.961373e+00 1.034795e+01
4.409448e+00 3.241356e-01 4.178444e-01 1.594114e+01
1.142219e+00 -1.767007e-01 1.235929e+00 1.590356e+01
1.208877e+00 2.883505e+00 -2.213695e+00 1.433336e+01
4.449175e+00 3.850874e+00 -1.922464e+00 1.416182e+01
-1.230512e+00 1.212312e+00 6.907542e-01 1.846489e+01
-8.610327e-01 9.329967e-01 -1.204521e+00 1.925722e+01
-3.394460e+00 3.268943e+00 -3.839511e+00 8.764975e+00
-2.534059e+00 2.588121e+00 -7.757833e+00 9.278605e+00
2.414599e+00 -4.003788e+00 9.154306e+00 1.152677e+01
-5.618853e+00 -8.161448e+00 -1.675222e+00 1.145067e+01
-2.728894e-01 3.336003e+00 -6.434030e+00 1.583942e+01
9.817842e-01 4.344343e+00 -7.589314e-01 1.690645e+01
6.350190e+00 -2.743304e-01 -1.200707e+00 1.141865e+01
2.139645e+00 4.236937e+00 -4.376103e+00 1.059277e+01
-3.322951e-01 5.296508e+00 6.331290e+00 2.035187e+01
7.152654e-01 1.150003e+00 -2.138723e-01 1.909315e+01
1.111074e+00 -4.241834e-02 3.948762e+00 1.599296e+01
4.745488e+00 4.197892e+00 3.078250e+00 1.784814e+01
-9.252591e-01 6.465454e+00 2.044172e+00 1.560092e+01
8.793156e-01 7.566165e+00 1.789786e+00 1.601857e+01
3.209023e+00 2.748570e+00 -1.996070e+00 1.707115e+01
3.002258e+00 2.384983e+00 -1.178646e+00 1.712771e+01
9.353848e+00 2.433521e+00 -1.236579e+00 9.215235e+00
7.791309e+00 3.595744e-01 2.908652e+00 1.615385e+01
8.438764e-01 -1.323437e+00 3.372871e+00 1.360303e+01
-4.416714e+00 4.759405e-01 3.619403e+00 1.376455e+01
8.180856e-01 6.178682e+00 -2.194661e+00 1.853526e+01
6.180676e+00 8.651332e-01 1.428430e+00 1.781775e+01
5.167913e-02 3.103942e+00 -6.597380e+00 5.784439e+00
7.004018e+00 4.579792e+00 -1.052507e+01 5.331464e+00
-2.566978e+00 5.267692e+00 2.439879e+00 4.684634e+00
5.662812e+00 1.112531e+00 -4.849610e+00 4.762569e+00
-1.688182e+00 1.110949e+01 2.807148e+00 7.435052e+00
-5.846056e+00 8.138660e+00 -2.132781e-01 9.052016e+00
-2.453314e+00 6.260362e+00 -2.460379e+00 3.767113e+00
-3.181937e+00 7.867158e+00 -8.999507e+00 9.726689e+00
5.073487e+00 7.601352e+00 1.838807e+00 1.092691e+01
5.178667e+00 9.443285e+00 -1.037963e+00 1.604392e+01
-1.514753e+00 5.740940e+00 -6.361492e+00 1.051578e+01
-7.985478e-01 5.412521e+00 -6.823382e+00 1.764122e+01
-4.253125e-01 1.190184e+00 2.132074e+00 8.903079e+00
1.881417e+00 4.445157e+00 -4.726461e+00 9.915861e+00
-1.685343e+00 5.613714e+00 1.860174e+00 1.054836e+01
5.113401e-01 1.220322e+01 2.984328e+00 4.550040e+00
9.093110e+00 8.622483e+00 3.128763e+00 1.248720e+01
5.575392e+00 9.509593e+00 -3.475811e-01 6.330349e+00
-2.206859e+00 2.512069e+00 -1.121971e+00 1.508093e+01
-1.890701e+00 8.274878e-01 4.602620e+00 1.070594e+01
5.746042e+00 6.186444e+00 -1.324537e+00 1.227426e+01
4.750999e+00 1.113879e+01 -3.493434e+00 1.531972e+01
1.009590e+01 6.498468e+00 2.062378e+00 1.102469e+01
3.825844e+00 7.988758e+00 4.710736e+00 1.613568e+01
-3.211142e-01 8.731885e+00 4.580813e+00 1.381616e+00
2.314163e+00 6.497348e+00 1.453582e+00 6.716147e+00
3.395693e+00 6.633104e+00 1.123047e+00 4.222058e+00
3.268877e+00 3.390029e+00 2.808653e+00 1.179673e+01
7.493791e+00 6.551550e+00 1.377240e-01 4.182411e+00
3.281652e+00 9.354725e+00 -2.610946e+00 4.983835e-01
1.152110e+00 7.327430e+00 1.100983e+01 8.655395e-01
-1.729780e+00 1.066857e+01 9.294991e+00 6.583457e+00
-6.152348e-01 3.750503e+00 2.583359e+00 7.595391e+00
9.744300e-01 7.913804e+00 1.748817e+00 1.017863e+01
4.613048e+00 5.153941e+00 1.987285e+00 6.446481e+00
6.529468e+00 9.915098e+00 2.435084e+00 4.728332e+00
-1.579217e+00 7.720253e-01 2.445041e+00 1.075571e+01
1.913951e+00 5.062289e+00 9.421397e-01 1.729221e+01
1.119215e+00 7.604845e+00 2.003947e-01 1.431211e+01
6.121309e+00 3.397915e+00 7.052186e-01 1.672554e+01
-1.254779e+00 7.031302e+00 3.018453e+00 9.745932e+00
1.847880e+00 3.826204e+00 -5.336579e+00 5.053923e+00
-1.773070e+00 -3.637694e+00 -7.886195e+00 4.123841e+00
-4.065142e+00 -5.891640e-01 -3.488611e+00 8.524196e+00
-1.178648e-01 1.300316e+01 8.238607e+00 7.250417e+00
4.897836e-01 1.166430e+01 1.867320e+00 8.175449e+00
2.506332e+00 7.820165e+00 -2.143515e+00 1.090372e+00
6.069391e+00 5.620440e+00 -1.147241e+00 4.738166e+00
7.462820e+00 9.912963e+00 2.351883e+00 9.524958e+00
8.253264e+00 7.265869e+00 2.726258e+00 7.279261e+00
2.594040e-01 9.421981e+00 -2.625034e+00 1.002420e+01
1.110834e+00 6.188539e+00 -2.064962e+00 9.841791e+00
3.036069e+00 5.190204e+00 -5.583619e-01 7.146194e+00
7.731301e+00 2.627970e+00 -6.019064e+00 9.594223e+00
-2.420302e+00 1.660894e+00 -6.405896e-01 -2.461211e-03
-4.870868e+00 -4.296960e-01 -5.323406e-01 3.097746e+00
2.150854e+00 5.523482e+00 -1.060723e+00 6.049186e+00
2.118269e+00 9.688504e+00 1.566078e+00 8.130757e+00
1.600104e+00 7.247574e+00 9.560223e-01 6.650325e+00
2.588688e+00 2.527859e+00 4.062398e+00 7.550138e+00
-2.408992e+00 4.794029e+00 -5.196208e+00 1.434392e+01
-5.899516e+00 3.909110e+00 -8.002375e+00 1.933615e+01
-6.013432e+00 2.726268e+00 -3.557832e+00 1.209101e+01
1.162010e+00 9.781522e+00 -3.643553e+00 1.606727e+01
1.454511e+00 2.941080e+00 -3.399750e+00 1.296013e+01
8.964638e-01 7.355450e+00 2.698666e+00 1.395195e+01
-3.803506e+00 -6.267403e-01 -6.786785e+00 2.090942e+01
-8.208903e+00 4.507480e+00 -4.231656e+00 1.391392e+01
1.272587e+00 6.679358e+00 -8.636022e+00 1.499122e+01
-2.397606e+00 3.992382e+00 -3.562968e+00 1.555232e+01
1.026272e+00 -1.248788e+00 -3.331239e+00 1.263155e+01
4.115290e+00 -1.861169e+00 -2.041127e+00 1.050813e+01
1.110496e+00 1.638061e+00 -9.879204e+00 2.116100e+01
-2.269542e+00 -2.289486e+00 5.827953e-01 2.367542e+01
7.410579e-01 2.175271e+00 -9.368146e+00 1.040987e+01
1.313184e-01 3.972419e-01 -1.046772e+01 1.147505e+01
2.670420e+00 6.420712e+00 -5.532714e+00 1.503037e+01
-6.727671e-01 6.280549e+00 -5.506110e+00 1.276813e+01
3.746184e+00 7.271379e+00 3.898384e+00 1.705692e+01
5.728093e+00 7.894303e+00 1.252858e+00 1.774940e+01
-6.640768e+00 4.329900e+00 -2.759736e+00 1.510375e+01
-5.473420e+00 4.646757e+00 -2.822424e+00 1.515640e+01
4.176248e+00 6.699287e+00 -1.076688e+00 1.985266e+01
2.295744e+00 4.809834e+00 -5.162955e+00 1.565370e+01
-3.264248e+00 3.411028e+00 -4.940841e+00 1.651235e+01
-1.589545e+00 3.194845e-01 2.161751e-01 1.848605e+01
2.084235e+00 2.982789e+00 -1.331159e+00 1.384304e+01
2.971345e+00 5.450635e+00 1.888781e+00 1.042352e+01
-3.258207e+00 5.489031e+00 -6.601758e+00 1.014610e+01
-6.416392e+00 6.250951e+00 -6.156709e+00 1.165250e+01
6.067408e-01 2.062616e+00 -1.131025e+00 1.933130e+01
1.709364e+00 5.452404e-01 -1.963884e+00 1.359617e+01
2.490067e-01 -2.655436e+00 -1.252687e+00 1.544666e+01
5.462173e+00 4.181912e+00 -4.140581e+00 1.988405e+01
1.046249e-01 2.607900e+00 1.767665e+00 1.342424e+01
2.636579e+00 2.764725e+00 2.457395e+00 8.092278e+00
-3.166634e+00 3.397482e+00 -5.574738e+00 1.373651e+01
-1.391412e+00 4.438168e+00 -5.225942e+00 1.291948e+01
1.892636e+00 6.776831e-02 4.621634e+00 2.001957e+01
-1.895100e+00 1.474175e+00 4.496222e+00 1.858293e+01
4.487358e+00 -1.039565e+00 -7.856861e+00 1.031617e+01
1.143336e+00 3.383442e+00 -6.515117e+00 8.277520e+00
3.592691e+00 2.408136e+00 -5.390460e+00 1.462957e+01
5.213253e+00 5.621468e+00 -3.638544e+00 1.534425e+01
3.014997e+00 -1.343721e+00 1.158856e+00 1.970665e+01
3.172455e+00 2.531528e+00 1.000542e-01 1.608300e+01
1.169070e+00 5.189501e+00 4.079180e+00 1.643675e+01
3.071772e+00 1.778426e+00 -2.242240e+00 1.760405e+01
4.113408e+00 2.968248e+00 -2.082950e+00 1.685938e+01
1.167849e+00 2.658492e+00 2.792600e+00 1.528487e+01
-1.687848e+00 3.124681e+00 -5.734410e+00 1.232389e+01
1.544595e+00 2.412148e+00 -6.771671e+00 1.522291e+01
-2.145963e-01 3.817764e+00 -6.883026e+00 1.914263e+01
2.723293e+00 -1.623407e+00 -6.726505e-01 1.781422e+01
1.706840e+00 1.649344e+00 -2.606359e+00 2.237896e+01
-2.761643e+00 -2.482422e-02 -5.133754e+00 1.677718e+01
-7.649087e+00 1.314063e+00 -1.852211e-01 1.270437e+01
-4.352153e+00 1.050635e+00 -1.511031e+00 1.727862e+01
5.078461e+00 1.598709e+00 -3.266458e-01 1.765569e+01
1.292863e+00 1.671948e+00 -2.080927e+00 1.203307e+01
-2.789609e-01 1.044190e+00 9.426521e-01 9.899799e+00
4.385472e+00 6.050669e-01 -1.235752e+00 1.205681e+01
5.773470e+00 6.363526e+00 6.502334e-01 9.383759e+00
5.076456e+00 7.441990e+00 3.852168e+00 1.849291e+00
7.027442e+00 4.982554e+00 -5.923828e-02 7.514296e+00
3.196335e+00 5.824343e+00 -6.488586e+00 6.959472e+00
-3.133724e+00 5.735792e+00 -2.265442e-02 7.269100e+00
7.641305e+00 8.730884e+00 -2.170100e-02 1.401458e+01
4.193963e+00 6.712848e+00 -4.096965e-01 7.202754e+00
-4.344881e+00 -1.163537e+00 4.466647e+00 1.679775e+01
2.794966e+00 5.129490e+00 5.823487e+00 1.166340e+01
1.310136e+00 3.649575e+00 -5.692256e-01 7.719152e+00
5.083290e+00 5.709537e+00 2.812852e+00 8.760550e+00
4.093734e+00 9.126456e+00 -6.518006e+00 1.167352e+01
3.602680e+00 6.589159e+00 2.633174e+00 9.652793e+00
4.317155e+00 6.939518e+00 1.623476e+00 1.286366e+01
3.496581e+00 8.780643e+00 -1.117969e+00 1.190720e+01
4.649960e+00 5.605870e+00 -6.300148e+00 1.156404e+01
-3.978561e-01 8.562755e+00 3.700919e+00 5.647052e+00
2.852067e+00 2.596848e+00 3.091019e+00 1.512371e+01
-3.659136e+00 9.457753e-01 -3.676686e+00 4.945995e+00
3.190397e+00 1.104491e+01 -1.719341e+00 7.919104e+00
8.235760e-02 5.465695e+00 3.002514e+00 7.944981e+00
8.744718e+00 1.278162e+01 -2.976042e+00 1.211102e+01
-2.414369e+00 1.256914e+01 -4.205032e+00 4.466365e+00
1.066143e-01 2.258437e+00 4.856938e+00 4.679527e+00
-1.274685e+00 5.355410e+00 9.383489e-02 1.546567e+01
6.163866e+00 7.280500e+00 1.299622e+00 1.405782e+01
3.258281e+00 1.277141e+01 7.529347e+00 8.552513e+00
8.885084e+00 4.245960e+00 -4.168458e+00 2.100721e+01
3.519729e+00 2.546227e+00 -4.473288e+00 7.873806e+00
5.682370e+00 1.050032e+01 -8.956970e-01 1.183823e+01
1.623395e+00 6.197265e+00 -6.381305e+00 1.249236e+01
5.298651e-01 5.263061e+00 -3.695295e+00 9.833339e+00
4.218141e+00 2.311700e+00 -3.053703e+00 1.966873e+01
-1.583528e+00 6.243998e+00 3.260361e+00 1.210402e+01
5.330243e+00 -1.710032e-01 1.844540e-01 1.758883e+01
3.869664e+00 2.774987e+00 2.693029e+00 1.404790e+01
1.027784e+00 4.284343e+00 -4.093156e+00 1.671732e+01
-7.092826e-01 6.732212e+00 3.978131e-01 2.098856e+01
-1.790417e+00 3.966664e+00 -3.025273e-01 1.636426e+01
2.335421e+00 1.245291e+00 -1.039432e+00 2.000435e+01
3.827567e+00 -1.152518e+00 -7.020581e+00 1.811157e+01
-3.770545e-01 7.519837e+00 1.563276e-03 1.652415e+01
4.991597e+00 4.099888e+00 -7.192976e+00 1.775072e+01
-5.169771e-01 6.365042e+00 6.074788e-01 1.854128e+01
3.972826e+00 6.285778e+00 1.934930e+00 1.877760e+01
-9.763462e-01 -1.412176e+00 -5.304349e-01 7.987399e+00
-8.007063e+00 3.216382e+00 -2.164596e+00 1.488715e+01
1.550909e+00 7.592918e+00 4.248680e+00 1.087497e+01
-2.435447e+00 -1.397178e+00 1.865229e+00 1.452483e+01
5.772195e+00 8.287964e+00 1.847200e+00 2.021957e+01
-2.782539e-01 3.896459e+00 -4.215841e+00 1.499514e+01
-4.361077e+00 6.830172e+00 5.047344e+00 1.574204e+01
9.576108e-01 1.174102e+00 -3.710076e+00 1.470769e+01
-2.748641e-01 -3.285929e-01 -8.813392e+00 1.375677e+01
9.760143e-02 8.484168e-02 -4.546221e+00 2.203866e+01
3.343114e+00 1.381053e+00 -1.115344e+01 9.660034e+00
1.759808e-01 6.665614e+00 2.143747e+00 1.838174e+01
4.585662e-01 6.719899e+00 -8.930193e+00 7.387154e+00
3.225985e+00 9.492750e+00 1.645745e+00 1.264239e+01
3.169793e+00 9.330155e+00 2.243780e+00 4.671390e+00
5.273894e+00 1.094221e+01 7.539444e+00 8.492502e+00
3.659623e+00 9.064349e+00 1.203176e+00 1.273648e+00
2.907355e-01 8.008678e+00 -1.968378e+00 5.903351e+00
7.237198e-01 2.199813e+00 -4.707700e+00 9.619061e-01
7.059114e-01 8.706539e+00 3.706698e+00 8.807443e+00
7.483517e+00 2.022856e+00 2.478918e+00 8.282749e+00
8.262299e-01 4.631436e+00 -7.966423e+00 1.943459e+00
-1.770769e+00 1.212551e+00 9.433206e-01 1.511660e+01
4.333862e+00 5.534783e+00 2.428381e-01 1.478229e+01
-2.582887e+00 1.503396e+00 2.917946e+00 9.034993e+00
4.832534e+00 1.917057e-01 7.396999e+00 9.631107e+00
3.364292e+00 8.231195e+00 -3.664025e+00 7.368553e+00
3.323290e+00 6.544301e+00 2.895186e+00 9.464054e+00
6.335537e+00 3.505007e+00 -3.909343e+00 1.443319e+01
7.688268e+00 7.025436e+00 -1.471480e+00 8.654964e+00
1.727220e+00 7.637071e+00 -1.073017e+00 6.428323e+00
5.683673e+00 6.380489e+00 4.304090e+00 3.931137e+00
1.616178e+00 3.739163e+00 3.697392e+00 1.045649e+01
3.535619e+00 -3.651850e-01 1.936334e+00 1.547827e+01
3.795856e+00 6.700826e+00 -3.713451e-01 5.150760e+00
1.093019e+00 4.244034e+00 2.774292e+00 1.011751e+01
1.476008e+00 7.527436e+00 -1.454721e+00 6.864791e+00
2.534481e+00 4.248718e+00 -4.712718e+00 8.336945e+00
-4.438987e+00 -1.352935e+00 2.256391e+00 8.176894e+00
-9.350628e-01 5.712057e+00 -1.491595e-01 1.385826e+01
1.976965e+00 2.738080e+00 1.795201e+00 5.862100e+00
1.030883e+01 7.857715e+00 -1.539718e+00 1.526503e+01
6.979257e+00 4.549223e+00 -2.017255e+00 1.648630e+01
5.845623e+00 3.964435e+00 -3.751968e+00 1.205520e+01
6.137697e+00 6.492143e+00 -6.322229e+00 1.323783e+01
1.076595e+00 7.209787e+00 -7.611624e+00 1.387113e+01
1.980833e+00 -1.405849e+00 -3.416664e+00 1.707018e+01
3.791916e+00 2.874742e+00 -4.934379e+00 1.971822e+01
-3.879982e+00 5.554061e+00 2.688420e+00 1.401356e+01
4.348187e+00 9.534931e-01 -1.197615e-01 1.968846e+01
6.622174e+00 2.640703e+00 -4.690140e+00 1.547518e+01
2.880117e+00 1.147402e+00 -6.797767e-01 1.293471e+01
2.981957e+00 1.061646e+01 1.117240e+00 1.932139e+01
-1.430297e+00 2.514118e+00 -5.044213e+00 1.724677e+01
6.414195e+00 2.903306e+00 -2.453510e+00 1.859243e+01
-1.467055e+00 5.958910e+00 -5.946880e+00 1.208290e+01
4.195367e+00 5.062724e+00 -7.492111e-01 1.677210e+01
2.921783e+00 4.374741e+00 -4.455829e-01 1.439450e+01
-3.965126e+00 5.548690e+00 -5.641968e+00 1.309770e+01
1.531541e-01 6.951843e+00 -1.637742e+00 1.673426e+01
-7.152699e+00 4.162574e-01 1.187862e+00 1.500485e+01
-9.056872e+00 3.586719e+00 -5.246635e+00 1.869285e+01
4.846773e+00 1.000447e+01 -3.681737e+00 1.213642e+01
-3.751344e+00 2.981486e+00 -2.380012e+00 1.300839e+01
4.799632e-01 5.484651e+00 -4.250531e-01 1.370724e+01
-1.143322e+00 5.242070e+00 3.025378e+00 1.476339e+01
-1.400964e+00 8.705324e+00 1.759493e+00 1.429307e+01
-1.358653e+00 -2.215432e+00 -7.154852e+00 1.132680e+01
2.251900e-01 1.654507e+00 -2.818310e+00 1.165274e+01
-2.702516e+00 2.540354e+00 5.811876e-01 1.810013e+01
4.836595e+00 -1.237176e+00 -2.997882e-01 1.355010e+01
3.285299e+00 2.551245e+00 6.534381e+00 1.802286e+01
2.900975e+00 1.029710e+01 -5.919868e+00 7.922483e+00
-1.221561e+00 3.343769e+00 -5.016090e+00 3.283143e+00
2.654136e+00 6.203724e+00 6.852874e-01 -1.993842e+00
-9.562103e-01 8.385717e+00 -5.468579e+00 5.839142e+00
9.247409e-01 1.112460e+01 -7.970073e+00 8.087452e+00
-1.871127e+00 8.480913e+00 3.978598e+00 9.699689e+00
-1.858935e+00 1.171561e+01 2.268647e-01 7.637773e+00
5.493658e+00 5.976559e+00 -2.885707e+00 1.138827e+01
9.261418e+00 5.953062e+00 3.922422e+00 1.570703e+01
-4.810077e+00 2.374090e+00 -5.221933e+00 1.068711e+01
-2.724836e+00 2.115268e+00 -2.927720e+00 1.331520e+01
-1.599263e+00 2.532412e+00 -6.491294e-01 6.679614e+00
-1.806390e+00 2.558784e+00 -2.502927e-01 7.446608e+00
2.758758e+00 5.825429e+00 -5.405622e+00 1.121804e+01
-4.130081e+00 8.139181e-01 -2.013504e+00 4.271827e+00
2.595257e+00 3.102253e+00 -1.490220e-01 1.131316e+01
1.961337e+00 4.267313e+00 -3.405638e+00 1.447653e+01
1.779406e+00 5.227598e+00 5.923466e+00 5.115398e+00
2.642133e+00 6.962230e+00 2.005592e+00 4.543851e+00
4.152602e+00 1.213267e+01 3.481182e+00 9.447149e+00
2.883000e+00 9.724735e+00 4.092576e+00 9.310866e+00
2.625820e+00 7.542854e+00 -1.336979e+00 1.103875e+01
-9.266077e-01 4.208346e+00 -3.108879e+00 7.279998e+00
-4.090997e+00 6.571462e+00 3.243191e+00 1.626747e+01
-5.800910e+00 3.107057e+00 1.357688e+00 1.004864e+01
-4.599740e-01 5.897025e+00 -2.489938e+00 1.073700e+01
5.152112e+00 4.984033e+00 2.319738e+00 6.306524e+00
7.073526e+00 1.189898e+01 1.293179e+00 5.702966e+00
6.827868e+00 8.834331e+00 -1.747054e+00 1.058272e+01
2.207289e-01 3.574608e+00 -1.042796e+00 1.127643e+01
8.819214e-01 4.463865e+00 -5.167794e-01 9.911006e+00
2.556065e-01 4.966420e+00 -2.444095e+00 1.450398e+01
1.504346e+00 7.997391e-02 -8.147885e+00 7.604769e+00
3.958116e+00 7.684717e-01 -3.950476e+00 2.147957e+01
5.353453e+00 2.537148e+00 1.549955e-01 2.278960e+01
9.347422e-01 6.517287e+00 -8.154638e+00 1.101055e+01
5.296737e+00 3.036253e-01 -1.622935e+00 1.515209e+01
3.916386e+00 3.450437e+00 1.973949e+00 1.873718e+01
-6.334668e+00 9.941474e-01 -2.088247e+00 1.447915e+01
2.146765e-01 -2.241846e+00 -3.316388e+00 1.482875e+01
-5.959869e-01 2.145600e+00 2.942270e+00 1.798229e+01
-1.802524e+00 -3.213335e+00 -1.013890e+00 1.478285e+01
-5.848139e+00 -2.335556e+00 -9.714782e+00 9.885840e+00
9.588312e-01 8.740047e+00 -4.260418e-01 1.219238e+01
-3.805046e-01 7.220833e+00 -4.760499e+00 1.123414e+01
-3.541794e+00 1.474921e+00 -4.962948e+00 5.125724e+00
4.413548e+00 8.473226e+00 -3.876665e+00 1.254350e+01
-1.559228e+00 1.009165e+01 1.020985e+00 1.705837e+01
-2.285454e+00 4.166845e+00 -6.977437e-01 1.866768e+01
1.386513e+00 8.613128e+00 -4.185028e+00 1.742098e+01
-1.712735e+00 9.802925e+00 2.952307e+00 1.460332e+01
2.810142e+00 7.607236e+00 -3.249482e+00 1.477572e+01
1.266743e+00 7.298581e+00 4.094389e+00 1.031511e+01
-1.316305e+00 -2.684329e+00 -5.784183e+00 1.937563e+01
-7.195990e-02 5.800876e+00 -5.016035e+00 2.089211e+01
6.268174e+00 5.287082e+00 -2.935623e+00 1.331742e+01
8.485375e+00 2.917989e+00 -2.243193e+00 1.432197e+01
1.999743e+00 2.024766e+00 -7.299685e+00 1.702625e+01
-4.343536e+00 1.153613e+00 -5.201699e-01 1.348944e+01
3.731792e+00 8.262419e+00 -2.157761e+00 1.817104e+01
-1.250719e-01 8.284645e+00 -1.677306e+00 1.367637e+01
