-2.779324e+00 6.018755e+00 4.948669e+00 -3.891640e+00 4.146432e+00 5.355847e+00 6.544932e-01 -7.105791e+00
-1.723300e+00 9.330464e+00 2.317543e-01 -4.688432e+00 8.089105e+00 7.306454e+00 1.927850e+00 -6.979942e+00
-1.268230e+00 5.126900e+00 5.280340e+00 -1.957606e+00 2.345960e+00 -5.732802e-01 4.440478e+00 4.491458e-01
2.014712e-01 4.322575e+00 6.233568e+00 -3.507881e+00 4.296935e+00 3.837768e+00 3.838697e+00 -5.503882e+00
7.113491e-01 8.880037e+00 7.025125e+00 -5.291727e+00 1.461041e+00 4.345496e-01 4.499309e+00 -9.331612e+00
2.295962e+00 2.399680e+00 -6.790832e-02 -3.752420e+00 1.374746e+00 -4.720483e+00 9.632708e-01 -2.786952e+00
-3.111691e+00 4.284747e+00 7.908455e+00 -1.022565e+01 5.258904e+00 4.141754e+00 1.435461e+00 -7.102052e+00
-3.072970e+00 6.871398e+00 2.290095e+00 -1.675017e+00 7.829730e-01 5.654201e+00 2.987586e+00 -1.500800e+00
3.722215e-01 1.764359e+00 5.652688e+00 -4.379165e+00 2.746650e+00 6.081156e+00 -4.896907e+00 -6.802353e+00
-6.070021e-01 5.391704e+00 1.078972e+01 -7.861988e+00 2.888854e+00 6.444480e+00 -2.267536e+00 -6.626782e+00
-8.585820e-01 1.502362e+00 1.555666e+00 -2.919087e+00 3.657254e+00 2.845645e+00 -9.649820e+00 -7.497489e+00
-3.771005e-01 -1.770279e+00 5.065389e-01 -6.573313e+00 3.294207e+00 5.451789e+00 -8.796563e+00 -2.038904e+00
-3.052329e+00 6.286088e+00 6.139060e+00 -2.348162e+00 3.250162e+00 4.878037e+00 -8.793092e+00 -5.255476e+00
-2.972783e+00 3.188469e+00 3.555280e+00 -8.752024e-01 1.988705e+00 4.893166e+00 -1.128145e+01 -5.887376e+00
-2.282324e+00 1.095705e+00 -5.314593e-01 -2.516709e-01 7.617418e-01 3.335074e+00 -5.778020e+00 -4.465525e+00
-3.138002e+00 6.217093e-01 -2.147296e+00 -2.627799e+00 4.452467e+00 1.710199e-01 -9.682736e+00 -3.876382e+00
-2.324713e+00 3.393241e+00 6.823395e+00 1.772873e-01 1.647465e+00 5.685189e+00 -8.013596e+00 -3.557772e+00
-4.870950e+00 4.497193e+00 1.526077e+00 -3.124102e+00 1.760139e+00 8.614540e+00 -9.297488e+00 -1.312877e+00
-3.665445e+00 3.068810e+00 2.325664e-01 -5.239859e+00 4.243126e+00 3.611167e+00 -7.805417e+00 -1.652355e+00
-4.426035e+00 1.308741e+00 2.555196e-01 -6.793276e+00 3.849576e+00 5.758995e+00 -8.463763e+00 -5.430661e+00
-6.858334e-01 3.584641e+00 2.243987e+00 -2.898171e+00 9.741288e-01 6.077719e-02 -4.838679e+00 -3.208782e+00
-3.314597e+00 1.541624e-01 2.716254e+00 -4.613409e+00 1.648024e+00 2.045178e+00 -3.402117e+00 -1.798475e+00
-6.774483e+00 4.731225e+00 4.107743e+00 -3.899931e+00 1.397491e+00 2.219970e-01 -8.951274e+00 -7.019700e+00
-4.809842e+00 3.858622e+00 1.554235e+00 -5.668220e+00 3.768851e-01 9.253712e-01 -9.118431e+00 -5.984454e+00
-4.589750e+00 2.393874e+00 1.197985e+00 -3.318691e+00 3.475467e+00 1.699670e+00 -7.835245e+00 -1.313060e+00
-2.462991e+00 3.075901e+00 -2.913828e+00 -5.403444e+00 2.471235e+00 3.930903e+00 -1.089079e+01 -1.313090e+00
-3.091865e+00 2.630261e+00 2.126649e+00 -6.514572e+00 2.103411e+00 2.663762e+00 -5.946094e+00 -2.829161e+00
-2.818224e+00 3.046433e+00 9.173097e-01 -6.898843e+00 5.678069e+00 3.800116e-01 -5.515527e+00 -3.873058e+00
-3.309131e+00 3.735798e-01 4.468226e-01 -5.788853e+00 3.578916e+00 1.620970e+00 -7.935485e+00 -2.007016e+00
9.317892e-01 -3.638978e+00 -3.004813e-01 -6.865023e-01 1.892158e+00 8.043818e-01 -7.833257e+00 -2.864044e+00
-3.225682e+00 3.111125e+00 -1.116512e-01 -5.595596e+00 1.758347e+00 3.034759e+00 -7.835256e+00 -2.790857e+00
-4.037673e+00 3.937129e+00 -1.831723e+00 -8.141724e+00 2.532566e+00 2.516602e+00 -9.361585e+00 -3.323466e+00
-3.010570e+00 3.127231e+00 2.548542e+00 -6.729797e+00 2.291525e+00 3.079521e+00 -1.102874e+01 -5.423024e+00
-2.930918e+00 7.912880e-01 1.968686e+00 -5.686667e+00 2.518735e+00 1.465358e+00 -8.602259e+00 -7.712952e+00
-2.934860e+00 -2.027828e-01 -2.311151e+00 -4.677539e+00 4.458858e+00 -1.122610e+00 -6.146861e+00 -1.744252e+00
-1.585868e+00 -2.744858e-01 -1.714548e+00 -7.307680e+00 4.000351e+00 -1.447715e+00 -8.537804e+00 -4.910642e+00
-2.408854e+00 2.184752e+00 2.188029e+00 -3.769295e+00 -3.810182e-01 6.716146e+00 -1.124888e+01 -2.393064e+00
-1.592023e+00 2.076722e+00 3.495730e+00 -3.092913e+00 3.218386e+00 4.837309e+00 -1.600298e+01 -6.820689e-01
-2.384351e+00 1.627875e+00 5.337484e+00 -5.397037e-01 4.685182e+00 4.822252e+00 -7.619449e+00 -5.447566e+00
1.402051e+00 2.025606e-01 1.777382e+00 -1.857602e+00 3.788874e+00 5.317126e+00 -8.439653e+00 -2.481269e+00
-1.845473e+00 2.095626e+00 2.930853e+00 -4.768633e+00 3.651223e+00 2.963837e+00 -1.282896e+01 -4.383795e+00
-2.531531e+00 2.940516e+00 1.861546e+00 -3.895191e+00 3.079882e+00 4.256432e+00 -1.294244e+01 -6.621380e+00
-1.723389e+00 8.612420e-02 4.486842e+00 -2.489790e+00 4.213765e+00 1.348821e+00 -6.716476e+00 -8.577812e+00
-3.265860e+00 1.506467e+00 1.723114e+00 -3.292253e+00 1.261108e+00 1.541164e+00 -1.174221e+01 -9.093874e+00
-5.809602e-01 -4.011480e-01 5.505694e+00 -2.182279e+00 -8.779375e-02 2.610160e+00 -9.237901e+00 -6.346310e+00
-3.746452e+00 4.064980e+00 2.987797e+00 -5.503159e+00 8.663544e-01 2.829443e+00 -7.438886e+00 -4.366356e+00
-3.417499e+00 5.000347e+00 7.816239e-01 -5.944071e+00 4.227236e+00 -4.279720e-01 -5.994442e+00 -4.696199e+00
-4.139403e+00 4.426233e+00 1.244906e+00 -6.500338e+00 5.301402e+00 1.789325e+00 -4.644321e+00 -5.207905e+00
-6.127794e+00 9.061986e-01 1.153537e+00 -6.272069e+00 1.012393e+00 2.803185e+00 -3.432810e+00 -5.934209e+00
-6.857637e+00 1.021923e+00 -1.854334e+00 -5.733105e+00 3.550316e+00 1.901172e+00 -6.820221e+00 -3.631124e+00
-4.761941e+00 -1.147630e-01 4.127116e+00 -3.191965e+00 6.482085e+00 4.041590e+00 -7.263539e+00 -4.829649e+00
-5.626348e+00 1.537193e+00 3.831950e+00 -3.036281e+00 3.972248e+00 5.401221e+00 -9.525941e+00 -6.482919e+00
-3.829825e+00 2.272363e+00 2.839490e+00 2.979677e+00 1.188321e+00 1.746199e+00 -8.688407e+00 -2.549972e+00
-1.267483e+00 2.138155e+00 2.186549e+00 -6.403114e-01 5.610336e-01 1.564294e+00 -6.014448e+00 -2.755970e+00
-5.203389e+00 -2.408299e-01 7.902519e-01 -6.964139e+00 3.193674e+00 2.504798e+00 -8.197398e+00 2.168660e-01
-5.049610e+00 -5.898808e-01 -9.091713e-01 -5.567760e+00 3.863203e+00 3.499170e+00 -9.417243e+00 -2.904020e+00
-1.515431e+00 1.847032e+00 -7.365930e-01 -3.853717e+00 2.435967e+00 9.188809e+00 -1.032752e+01 -2.976129e+00
-1.053406e+00 -2.341269e+00 -1.335240e+00 -4.553656e+00 1.381810e+00 8.316650e+00 -8.150970e+00 -4.455668e+00
-4.179764e+00 3.885290e-01 1.653758e+00 -6.137134e+00 2.696877e+00 1.107489e+00 -5.838908e+00 -1.879610e+00
-3.507472e+00 4.632910e-01 -1.004666e-01 -4.094702e+00 4.961186e+00 1.940661e+00 -8.259718e+00 -2.633105e+00
-2.855058e+00 -5.298591e-01 3.656218e+00 -3.217382e+00 2.814502e+00 2.766332e+00 -1.173376e+01 -8.508947e+00
-2.901631e+00 -6.802707e-01 4.334375e+00 -3.514938e+00 2.340933e-01 2.644533e+00 -7.280569e+00 -5.274149e+00
1.024641e+00 4.190289e-02 1.292630e-01 -6.677933e+00 1.659297e+00 3.323176e+00 -1.015257e+01 -1.940994e+00
-1.800972e+00 2.677898e+00 2.141595e+00 -5.557767e+00 2.442749e+00 4.878929e+00 -9.757087e+00 -4.348192e+00
-1.445039e+00 3.117844e-01 9.207325e-01 -5.472315e+00 4.457311e+00 5.511339e+00 -7.743653e+00 1.123011e+00
-5.007717e+00 9.889974e-01 1.018854e+00 -2.119679e+00 -2.013614e+00 1.041803e+00 -5.215058e+00 -5.699752e+00
-2.610425e+00 1.171174e+00 6.362413e+00 -3.618198e+00 2.232650e+00 8.966114e-01 -8.163917e+00 -6.864086e+00
-2.986463e+00 7.467646e-01 6.205564e+00 -7.015544e+00 4.198055e+00 7.332891e-01 -9.318123e+00 -7.742158e+00
-3.008001e+00 3.626046e+00 -2.968386e+00 -1.432348e+00 1.982474e+00 3.910207e+00 -1.006587e+01 -8.277034e+00
9.416414e-02 5.004683e+00 -2.575426e+00 -3.523595e+00 4.932692e-01 3.852509e+00 -9.815896e+00 -7.856375e+00
-4.316424e+00 3.778383e-01 1.454173e+00 -2.305706e+00 1.110339e+01 -3.029713e-01 -3.048043e+00 -5.164108e+00
-2.469008e+00 2.789190e-01 2.142212e+00 -4.226099e+00 8.767587e+00 -5.760138e+00 1.145587e+00 -4.640934e+00
-1.185031e+00 5.089426e+00 -4.230210e-01 -7.917200e+00 7.863523e+00 1.178048e+00 -5.058405e+00 -2.749105e+00
-1.415658e-01 4.486036e+00 -3.457818e+00 -8.636491e+00 7.476114e+00 3.712920e+00 -6.670496e+00 -1.891610e+00
3.827157e-01 3.884951e+00 -4.194190e-01 -6.696623e+00 4.326848e+00 3.258181e+00 -9.661414e+00 -2.014443e+00
-1.054138e+00 2.434436e+00 -2.336631e+00 -9.555371e+00 6.689870e-01 3.465842e+00 -8.819655e+00 4.720180e-01
-1.190266e+00 -2.839011e+00 3.499751e+00 -1.126631e+01 9.260995e+00 7.394030e-01 -5.189420e+00 -2.340813e+00
-3.746684e+00 -6.404962e-01 3.640784e+00 -9.160258e+00 8.468874e+00 -4.755383e-01 -3.439523e+00 1.761841e-01
-8.025017e-01 2.990405e+00 -1.607448e+00 -7.868441e+00 4.707289e+00 5.133170e+00 -6.766497e+00 -2.564635e+00
7.673026e-02 6.366066e+00 2.308440e+00 -6.801798e+00 3.546580e+00 2.465135e+00 -7.049396e+00 -4.523678e+00
6.548362e-01 1.255459e+00 3.284524e+00 -6.970545e+00 3.214703e+00 -1.474911e+00 -2.377342e+00 -1.630021e+00
2.595537e+00 2.038465e+00 2.462936e+00 -6.728602e+00 -6.765054e-01 1.253899e+00 -4.228962e+00 -3.210593e+00
-2.166283e+00 5.517108e+00 -1.160686e+00 -2.462219e+00 2.730764e+00 4.147971e+00 -4.395955e+00 -6.310133e+00
-2.483838e+00 4.807353e+00 2.564090e+00 -6.013509e+00 6.072956e+00 -5.901015e-02 -3.926607e+00 -4.317087e+00
-4.132286e+00 9.037749e+00 3.336912e+00 -1.039352e+01 1.228931e+00 -2.219884e-01 -2.392876e+00 -1.736457e+00
2.255938e+00 6.167917e+00 2.379228e+00 -7.552216e+00 1.393743e+00 1.865379e+00 -6.008265e+00 -5.441626e+00
-1.436435e+00 2.350450e+00 -3.715179e-01 -3.506763e+00 1.553628e+00 8.029701e-01 -7.420778e+00 1.384869e+00
-1.122440e+00 6.157858e-01 -9.023701e-01 -5.424615e+00 3.099713e-01 -2.685990e-01 -6.623035e+00 -1.017744e+00
-1.117891e+00 -1.959925e-01 1.658031e+00 -8.326771e+00 7.146281e+00 1.607551e+00 -8.269583e+00 -8.359946e+00
-1.264772e+00 4.131754e+00 4.197216e+00 -4.341300e+00 7.144787e+00 1.364780e+00 -8.452009e+00 -8.194477e+00
-4.932676e+00 2.555355e+00 2.985583e+00 -9.161319e+00 9.819894e+00 -3.638858e+00 9.638318e-01 7.715535e-01
-5.986364e+00 8.298017e-01 4.683505e+00 -5.524852e+00 1.023910e+01 -2.582693e-01 -1.278328e+00 -2.731462e+00
-2.799337e+00 3.828926e+00 2.765182e+00 -8.738390e+00 6.933813e+00 -3.242542e+00 2.137995e-01 -7.518862e-01
-1.646735e+00 1.784207e+00 8.185020e-01 -5.552164e+00 6.687212e+00 -1.332741e+00 -1.071050e+00 -2.803871e+00
-1.291722e+00 7.106725e+00 4.988589e+00 -9.560262e+00 3.747019e+00 -5.624482e-01 -7.147480e+00 -2.826983e+00
6.057060e-01 7.565807e+00 5.501406e+00 -6.590192e+00 6.123394e+00 -1.668066e+00 -1.687071e+00 -5.357994e+00
-3.662022e+00 9.241385e+00 1.030683e+00 -8.360630e+00 4.030465e+00 1.059684e+00 -2.252391e+00 -9.263016e-01
-4.758724e+00 5.697261e+00 1.354047e+00 -1.067810e+01 4.686579e+00 2.153620e+00 -4.805879e+00 -1.073450e+00
-3.206607e+00 3.717316e+00 1.133423e+00 -7.110872e+00 4.383358e+00 4.033826e+00 -4.690570e+00 -4.809072e+00
-1.332140e+00 2.165875e+00 1.045553e+00 -9.186839e+00 5.408674e+00 2.188939e+00 -4.806283e+00 -5.641479e+00
-8.184328e-01 4.386514e+00 1.170810e-01 -6.473129e+00 1.258642e+00 1.227230e+00 -7.778064e+00 2.902492e-01
1.832505e+00 3.689044e+00 -5.933052e-01 -9.267187e+00 2.027455e+00 2.256219e+00 -3.009159e+00 7.355491e-01
-1.479278e+00 5.687201e+00 1.391672e-02 -7.712917e+00 4.582376e+00 -1.991545e+00 -1.750648e+00 -5.248393e+00
-1.269174e+00 5.425902e+00 -1.764113e+00 -6.066489e+00 4.005864e+00 -2.875151e+00 -1.535194e+00 -6.854921e+00
-2.658433e+00 2.909171e+00 -1.690536e+00 -4.335364e+00 4.826189e+00 2.572848e+00 -9.630642e+00 -5.141543e+00
-3.860970e+00 1.613031e+00 -3.235109e-02 -2.361884e+00 3.856490e+00 1.379621e+00 -9.422610e+00 -2.958719e+00
-2.880376e+00 3.440677e+00 -5.941641e+00 -5.892482e+00 1.103052e+00 1.563042e+00 -5.929462e+00 -5.071560e+00
-3.070707e+00 5.043886e+00 -2.154629e+00 -6.569031e+00 -3.839040e-01 1.582359e+00 -6.865728e+00 -5.857039e-01
-9.275978e-03 4.787576e+00 2.448038e+00 -6.612843e+00 2.113796e+00 5.779941e-01 -8.124868e+00 -4.861278e+00
2.345375e-01 5.919748e+00 -2.560749e+00 -7.726467e+00 4.033999e+00 3.379514e+00 -7.608516e+00 -3.403664e+00
3.177972e+00 6.356088e+00 2.269913e+00 -3.717215e+00 6.686631e+00 -2.010973e+00 -5.809175e+00 6.894621e-01
2.368732e+00 5.375647e+00 1.725187e+00 -4.463075e+00 7.102247e+00 -4.841239e-01 -7.606104e+00 -7.315677e-01
2.887542e+00 4.293164e+00 -2.241694e-01 -7.340653e+00 1.748970e-01 5.174566e-01 -2.349160e+00 -4.088323e+00
-2.342534e+00 6.336674e+00 -1.965755e+00 -3.928921e+00 6.004802e+00 -2.252953e+00 -1.598457e+00 -4.997899e+00
-3.734088e+00 6.383926e+00 1.557431e+00 -8.739023e+00 4.398791e+00 -2.666516e+00 -2.007260e+00 1.161250e+00
-2.695891e+00 8.616585e+00 2.079517e+00 -5.032748e+00 6.613127e-02 -3.430052e+00 -1.197313e+00 -4.022638e+00
-3.532618e+00 4.780475e+00 -3.394661e+00 -4.244421e+00 2.162672e+00 -2.757108e-01 -4.782707e+00 -8.644373e+00
-1.679106e+00 4.758896e+00 -1.582980e+00 -5.394734e+00 5.849636e+00 -2.067795e+00 -4.604416e+00 -4.900644e+00
-1.414498e+00 5.973645e+00 2.205204e+00 -6.196576e-01 8.738113e+00 -3.653874e+00 -3.086600e+00 -4.703346e+00
-2.558066e+00 7.271942e+00 3.059235e+00 -1.923219e+00 6.619041e+00 4.711037e-01 -7.825830e+00 -9.553576e+00
-3.416620e+00 5.809509e+00 1.803017e+00 -5.838733e+00 2.225413e+00 2.107730e+00 -4.765384e+00 -4.955421e+00
-1.565728e+00 5.680118e+00 3.928298e+00 -8.873810e+00 9.264971e-01 3.568022e+00 -3.316930e+00 -4.393022e+00
4.208417e-01 1.208217e+00 3.503353e+00 1.431005e+00 4.438137e+00 -7.755784e+00 -5.641998e-02 -7.660820e+00
8.845470e-01 -1.892961e+00 4.860285e+00 -3.075416e+00 7.188147e+00 -5.618346e+00 -6.371774e-01 -3.963062e+00
-5.944741e-01 3.076453e+00 1.492124e+00 -1.105248e+01 2.356786e-01 -3.108091e+00 -1.380896e-03 9.747305e-01
-1.069810e+00 3.834040e+00 1.658109e+00 -1.061349e+01 1.004314e+00 -5.342240e+00 1.257891e+00 -3.900412e-01
1.581876e-01 1.902010e+00 -4.989829e-01 -4.908335e+00 9.258848e+00 -5.351670e+00 -3.110731e+00 -1.554737e+00
-4.744715e+00 3.077132e+00 -4.974179e-02 -7.222729e+00 7.394463e+00 -7.155467e+00 1.348020e+00 3.030450e+00
-3.850571e+00 5.470566e+00 8.178056e-01 -6.751805e+00 1.009488e+01 -5.705379e-01 -3.590139e+00 -4.260178e+00
-1.148703e+00 3.577285e+00 1.422769e-01 -8.357131e+00 7.743477e+00 -6.310506e-01 -4.920736e+00 -1.071005e+00
-3.791398e-01 1.376495e-01 6.493265e-01 -8.436955e+00 3.299099e+00 4.844835e+00 -7.831310e+00 -4.805586e+00
-3.380150e+00 -6.725874e-02 4.121668e-01 -5.079742e+00 2.139492e+00 1.236165e+00 -3.992970e+00 -6.514564e+00
-2.051360e+00 2.062178e+00 3.975302e+00 -2.457629e+00 4.856123e+00 1.541387e+00 -6.577680e+00 -7.264529e+00
1.136178e+00 1.865708e+00 2.460824e+00 -4.231854e-01 5.228362e-02 2.622005e+00 -2.470550e+00 -6.798600e+00
-3.688451e+00 1.354079e+00 1.466305e+00 -3.518503e+00 7.153631e-01 6.974590e+00 -1.128943e+01 -1.832302e+00
-5.020085e+00 3.982023e+00 -5.068567e-01 -5.093391e+00 3.136073e+00 5.415940e+00 -4.976017e+00 -5.821105e+00
-4.531294e+00 -4.365857e-01 -1.346717e+00 -6.819562e+00 1.299857e+00 4.567476e+00 -6.082058e+00 -4.232142e+00
-3.493370e+00 3.768665e+00 -3.145421e-01 -6.082537e+00 4.135144e+00 5.106292e+00 -8.034960e+00 -2.274358e+00
-6.248914e+00 8.409309e-01 2.850374e+00 -7.683602e+00 1.447036e+00 3.567490e+00 -4.671013e+00 -7.196909e+00
-7.743728e-01 8.823404e+00 1.085690e+00 -6.122641e+00 5.049488e+00 -1.896690e+00 -3.397173e+00 -9.028200e+00
-5.027671e+00 2.764724e+00 3.751112e+00 -4.208282e+00 4.134751e+00 2.746182e+00 -5.417967e+00 -4.423183e+00
-3.025092e+00 -3.071068e+00 2.334807e+00 -2.462587e+00 3.788372e+00 1.494012e+00 -1.098240e+01 -7.078179e+00
-8.307025e-01 -4.684709e-01 3.473338e-01 -7.261667e+00 2.694951e+00 3.444538e+00 -6.499680e+00 6.135205e-01
-2.787512e+00 1.039563e+00 6.384391e-01 -5.842533e+00 3.259656e+00 2.827987e+00 -2.164011e+00 -5.338719e+00
-1.748637e+00 2.843898e+00 2.448198e+00 -7.829043e+00 3.610052e+00 6.340469e+00 -4.768053e+00 -3.643246e+00
-1.465310e+00 2.878107e+00 2.827875e+00 -3.041229e+00 3.942108e+00 1.871293e+00 -1.238091e+01 -7.619563e+00
-5.348926e+00 7.770946e-01 -1.481747e+00 -5.526024e+00 4.724124e+00 2.930801e+00 -8.970168e+00 -3.767403e+00
-3.368395e+00 1.299316e+00 3.065343e-01 -5.343811e+00 6.941279e+00 3.715583e+00 -7.246883e+00 2.516997e-01
-1.656932e+00 5.346105e+00 2.897318e+00 -5.211242e+00 2.777180e+00 4.819461e+00 -1.231911e+01 -1.658777e+00
-4.159568e+00 3.272623e+00 -3.539899e+00 -9.035319e+00 5.701767e+00 1.314895e+00 -4.686737e+00 -6.914621e+00
5.389757e-01 1.837068e+00 3.545487e+00 -2.183746e+00 3.972381e+00 3.806310e+00 -9.282930e+00 -8.550884e+00
-2.587362e+00 -3.308701e+00 5.305681e-01 -2.866108e+00 2.695617e+00 3.394623e+00 -1.210185e+01 -5.905256e-01
-5.358949e+00 1.235201e+00 3.649216e+00 -7.055026e+00 1.295200e+00 4.870246e-01 -5.421433e+00 -6.271697e+00
-6.296089e-01 -1.152555e+00 -7.701669e-01 -7.212963e+00 9.356609e-01 4.714450e+00 -5.164073e+00 -2.939527e+00
-1.846921e+00 3.885633e+00 -9.051789e-01 -9.630401e+00 2.248553e+00 7.724468e+00 -1.147018e+01 1.071740e+00
-4.102637e+00 1.008191e+00 1.534476e+00 -4.218045e+00 3.106373e+00 3.675442e-01 -8.136373e+00 -3.826541e+00
-4.091777e+00 5.146346e+00 1.057882e+00 -5.797167e+00 4.677073e+00 3.349893e-01 -6.490822e+00 -5.942533e+00
-1.222422e+00 -5.176319e-01 -2.463611e+00 -3.252381e+00 4.354524e+00 5.757097e+00 -1.010571e+01 -8.625268e+00
-3.006934e+00 4.485947e+00 4.170810e+00 -4.032338e+00 1.896907e+00 -1.002785e+00 -7.302873e+00 -5.250866e+00
1.328345e+00 5.994085e+00 1.456024e+00 -1.003269e+01 3.192038e+00 8.043228e-01 -7.978691e+00 -4.082979e+00
1.494541e+00 3.115454e+00 -2.876822e+00 -4.555080e+00 6.744306e+00 5.230865e+00 -7.928154e+00 -1.022967e+01
-1.563705e+00 5.175009e+00 1.829989e+00 -9.534329e+00 3.314453e+00 6.019784e+00 -8.657193e+00 -1.283281e+00
-1.616693e+00 7.134741e-01 -1.833286e+00 -1.070263e+01 3.770651e+00 4.272361e+00 -6.793103e+00 -4.800811e+00
-3.393928e-01 6.596479e+00 -7.643285e-01 -3.510192e+00 7.650665e+00 -7.141515e-01 -6.175506e+00 -6.777731e+00
3.644354e+00 4.058811e+00 3.680534e+00 -5.608394e+00 2.759358e+00 -4.107874e-01 -7.094838e+00 -7.937017e+00
-3.969447e+00 1.166848e+00 -3.094164e-02 -3.564709e+00 6.951683e+00 2.538707e+00 -4.939548e+00 -6.889509e+00
5.165440e-02 5.086902e+00 -3.461413e+00 -7.665030e+00 3.819354e+00 3.965136e+00 -7.256955e+00 4.740457e-01
2.004370e+00 3.823789e+00 -6.839600e-01 -4.417029e+00 3.295803e+00 -5.536225e-01 -8.456581e+00 -6.027036e+00
1.410752e-01 4.504970e+00 -1.178352e+00 -7.834054e+00 8.108536e+00 1.915889e+00 -7.778517e+00 1.454420e+00
-3.435810e+00 4.460117e+00 4.052447e+00 -6.471056e+00 3.646436e+00 1.718374e+00 -1.120847e+01 -4.321139e+00
-3.598244e-01 3.662266e+00 1.450273e+00 -4.693524e+00 9.254465e+00 -1.613455e-01 -3.136815e+00 -5.444724e+00
-2.489650e+00 5.378906e+00 2.660101e+00 -5.997197e+00 2.603500e+00 1.027606e-01 -5.584181e+00 -4.493892e+00
-9.977809e-01 6.804025e-01 4.976889e-01 1.640807e+00 5.531123e+00 -3.022402e+00 -1.992707e+00 -1.118857e+01
9.572763e-01 5.995815e+00 1.720406e+00 -6.606221e+00 3.059911e+00 1.746773e+00 -5.939599e+00 -4.794499e+00
2.095956e+00 4.004516e+00 -1.214201e+00 -9.041138e+00 3.332950e+00 7.117794e-01 -4.471616e+00 -1.466679e+00
-7.162596e-01 4.026949e+00 3.022996e+00 -5.653869e+00 1.031136e+00 1.823275e+00 -3.944001e+00 -3.257560e+00
3.892437e+00 4.444758e+00 -4.670137e+00 -4.134521e+00 4.171327e+00 -1.910678e+00 -2.457851e+00 -5.335937e+00
-3.752696e+00 7.480113e+00 3.584920e+00 -4.054020e+00 1.035449e+01 -3.006327e+00 6.868865e-01 -2.700520e+00
-2.100112e+00 2.106123e-02 -1.568536e-01 -4.992025e+00 4.635948e+00 -2.364227e+00 -7.809816e-01 -2.118936e-02
-5.538007e-01 3.608908e+00 -1.595397e+00 -8.974287e+00 2.353903e+00 7.966100e-01 -2.614233e+00 1.194864e+00
-6.245038e-01 4.608696e+00 2.794063e+00 -4.996639e+00 3.659381e+00 2.733005e-01 -6.151665e+00 -1.325824e+00
-3.146102e+00 5.265650e+00 -4.687556e+00 -3.824231e+00 3.725006e+00 2.410501e+00 -5.463689e+00 -3.285897e-02
-7.751132e-01 4.471011e+00 -1.170391e+00 -7.108928e+00 2.882781e+00 3.080699e+00 -5.235122e+00 -1.147718e+00
-6.952024e-01 2.456754e+00 4.463000e+00 -7.254460e+00 8.320316e+00 -2.630656e+00 -3.677030e+00 -1.190393e+00
-2.026561e+00 9.960166e+00 3.240310e+00 -6.125497e+00 3.205874e+00 -7.931520e-01 -8.849021e-01 -3.838199e+00
-2.605838e+00 1.060731e+01 3.763747e+00 -6.908129e+00 8.005526e+00 -3.183989e+00 -4.779981e+00 -1.992593e+00
-8.679790e-01 2.545653e+00 2.775003e+00 -7.799653e+00 2.399585e+00 2.527502e+00 -3.865717e+00 -3.338787e-01
-9.393254e-01 8.309922e+00 4.022253e+00 -2.516188e+00 4.418805e+00 -1.369425e+00 -3.667273e+00 -3.877740e+00
-1.142247e+00 5.462091e+00 3.232608e-01 -6.551122e+00 7.188511e+00 -3.363669e+00 -2.608697e+00 -3.870447e+00
-3.612184e+00 7.635642e+00 -4.475439e-01 -5.916496e+00 5.934715e+00 2.805829e+00 -6.858407e+00 -2.344575e+00
3.716587e-01 -8.660062e-01 1.400910e-01 -4.155054e+00 5.283345e+00 5.940651e+00 -1.122906e+01 -5.702200e+00
-3.911815e+00 7.697847e-01 5.164107e-01 -5.079468e+00 2.184159e+00 2.815797e+00 -9.952395e+00 -4.064585e+00
-5.872670e+00 -3.180162e-01 1.874284e+00 -4.007971e+00 5.715572e+00 -7.920042e-01 -9.202817e+00 -5.650256e+00
4.788339e-02 2.656988e+00 4.060890e+00 -3.096417e+00 3.704732e+00 2.940198e+00 -4.402233e+00 -5.872598e+00
-1.618700e+00 2.516661e+00 1.891168e-01 -5.610751e+00 1.167922e+00 5.926858e+00 -9.513899e+00 -5.916610e+00
-1.032406e+00 1.695983e+00 2.205418e-01 -4.774152e+00 2.110920e+00 5.004540e+00 -8.962883e+00 -7.160275e+00
-4.522960e+00 6.558820e-02 1.096522e+00 -8.910074e+00 3.510163e+00 6.000809e+00 -7.250696e+00 -3.923105e+00
-8.618803e-02 2.927474e+00 3.964099e+00 -4.742373e+00 1.875712e+00 2.214508e+00 -8.181598e+00 -4.873431e+00
-6.170427e+00 2.696184e+00 2.852873e+00 -7.250387e+00 1.460223e+00 4.387530e+00 -7.298740e+00 -4.323663e+00
-3.396756e+00 7.886353e+00 -1.281000e+00 -6.297240e+00 7.158841e-01 -7.263980e-01 -4.958715e+00 -5.241121e+00
-7.487818e+00 1.141806e+00 2.779848e+00 -4.677618e+00 6.391980e+00 4.989569e-01 -6.381914e+00 2.338364e-01
-2.178167e+00 3.132705e+00 3.972279e+00 -3.288258e+00 5.435004e+00 1.312226e+00 -8.083427e+00 -6.524399e+00
-1.567596e+00 3.748558e+00 7.259530e-01 -8.637137e+00 3.067169e+00 5.420527e+00 -6.406219e+00 2.409501e+00
-3.517904e+00 3.028290e+00 3.474479e+00 -6.879393e+00 3.657479e+00 3.799769e+00 -5.006950e+00 -3.208543e+00
-1.350274e+00 2.331073e+00 2.709911e+00 -6.843812e+00 4.141097e+00 5.169300e+00 -9.340161e+00 -7.283470e+00
8.576578e-01 -2.404491e+00 5.216796e-02 -1.567917e+00 4.374400e+00 -7.311645e-01 -1.116306e+01 -1.020245e+01
-4.385022e+00 1.764501e-01 -6.279519e-01 -4.990125e+00 1.758109e+00 4.410181e+00 -9.278767e+00 -5.522221e+00
-4.106587e+00 1.328406e+00 1.832947e+00 -1.561046e+00 3.345138e+00 2.778348e+00 -6.127657e+00 -1.214989e+00
-2.388530e+00 2.156332e+00 2.563325e+00 -5.256037e+00 4.544344e+00 4.970090e+00 -1.041639e+01 -1.477912e+00
-4.224210e+00 3.538226e+00 -1.581160e+00 -3.775633e+00 3.324735e+00 -1.169226e+00 -4.233008e+00 -5.701499e+00
9.590874e-02 1.021934e+00 8.938575e-01 -4.504802e+00 5.171994e+00 2.544678e+00 -6.726263e+00 -3.492054e+00
-2.593703e+00 -8.934469e-01 3.611859e-01 -4.770931e+00 4.164546e+00 3.862896e+00 -1.149273e+01 -5.033046e+00
-4.281037e+00 1.093165e+00 4.037468e+00 -5.664286e+00 1.329703e+00 3.008925e-02 -3.221043e+00 -6.255754e+00
-8.224854e-01 -7.021631e-01 -1.368756e-01 -1.000506e+01 5.391977e+00 4.278678e+00 -3.210706e+00 -2.118801e-01
2.174092e+00 -1.207492e+00 -1.337523e+00 -6.630863e+00 3.549269e+00 1.010927e+01 -1.202009e+01 -1.981945e-01
-4.501119e+00 2.746390e-01 4.827660e-01 -2.382029e+00 1.853625e+00 7.473530e-01 -8.997363e+00 -5.594838e+00
-4.631947e+00 3.885008e+00 -1.231091e+00 -5.539706e+00 7.272169e+00 2.013013e+00 -5.720069e+00 -7.756284e+00
-2.041026e+00 3.067491e+00 -1.539477e-01 -2.358971e+00 1.553747e+00 2.491491e+00 -1.202895e+01 -1.047673e+01
-1.490163e+00 1.046292e+00 3.961713e+00 -7.322220e+00 1.382955e+00 2.711839e+00 -7.804045e+00 -3.818682e+00
-2.615886e+00 5.406129e+00 1.612678e+00 -9.174721e+00 1.885045e+00 2.813005e+00 -8.017632e+00 -2.223821e+00
1.925202e+00 2.557170e+00 -2.260709e+00 -8.655432e-01 6.122695e+00 2.308089e+00 -5.478831e+00 -9.734776e+00
-1.232164e+00 3.976721e+00 7.092040e-01 -9.325865e+00 3.550772e+00 5.739540e+00 -1.167258e+01 -3.093977e+00
-5.518389e-01 3.072746e+00 1.790850e-02 -7.599670e+00 2.629481e+00 2.719197e+00 -4.236900e+00 -7.087671e+00
-2.581904e+00 5.415287e+00 1.216854e-01 -2.827754e+00 7.335544e+00 -1.403334e+00 -3.165412e+00 -4.740154e+00
2.646013e+00 2.941107e-01 4.584414e+00 -4.555861e+00 4.331552e-02 1.928567e+00 -5.693697e+00 -3.754058e+00
-4.553128e+00 4.934429e+00 1.151282e+00 -2.718302e+00 5.724163e+00 -7.413093e-01 -4.960265e+00 -7.461021e+00
8.281874e-01 7.930482e+00 -2.779761e+00 -5.905884e+00 6.414662e+00 6.545247e-01 -7.309569e+00 -7.575864e+00
-1.649053e-01 4.830754e+00 2.952146e+00 -5.715067e+00 6.312065e+00 -4.746287e+00 -4.330270e+00 -2.294312e+00
4.714483e-01 3.305762e+00 1.756214e+00 -6.429822e+00 7.836361e+00 -1.333317e+00 -4.719116e+00 -1.532310e+00
-5.224530e+00 4.252114e+00 1.120152e+00 -6.566653e+00 5.676153e+00 3.655212e-01 -9.244769e+00 -5.796554e+00
1.322584e+00 -2.552644e-01 5.619949e-01 -5.272056e+00 7.822935e+00 1.658899e+00 -3.705826e+00 -6.374389e+00
-2.913610e+00 4.472195e+00 -2.401726e-02 -5.229173e+00 4.354711e+00 2.442530e+00 -4.512070e+00 -2.996176e+00
1.226207e+00 3.688717e+00 1.068562e+00 -1.313054e+00 8.325554e+00 3.501197e-01 -4.729446e+00 -9.244706e+00
2.968406e-01 4.877608e+00 4.510373e-01 -6.374189e+00 5.261744e+00 3.407775e+00 -7.931448e+00 -3.248764e+00
1.621407e-01 5.796066e+00 -1.582205e-01 -1.015045e+01 2.166997e+00 -3.213999e-01 -2.620610e+00 -8.157880e-01
-9.445041e-01 2.437824e+00 -1.638767e+00 -6.672126e+00 4.105102e+00 4.265812e+00 -3.616095e+00 -1.408819e+00
2.661760e+00 6.972220e+00 -1.833630e+00 -3.973382e+00 7.036199e+00 -3.358362e-01 -6.596512e+00 -1.000317e+01
-1.762878e+00 4.316855e+00 6.263698e+00 -4.529549e+00 6.085691e+00 -2.491021e+00 1.264866e-01 -5.946854e+00
-5.289737e-01 8.983223e-01 1.024951e+00 -7.431936e-01 3.507824e+00 -3.995084e+00 -1.061220e+00 -1.859593e+00
-5.419356e+00 4.751082e+00 -2.592164e+00 -8.744991e+00 5.641453e+00 2.835112e+00 -2.672032e+00 3.536498e+00
1.709611e-01 1.673898e+00 2.258636e+00 -6.028845e+00 5.295031e+00 -1.347750e+00 -2.996800e+00 -9.153361e+00
-2.721721e+00 3.879632e+00 -3.597631e+00 -2.120058e+00 3.556230e+00 -5.252069e-01 -4.159647e+00 -5.594014e+00
-2.171343e+00 2.883467e+00 -1.285096e+00 -6.942952e+00 2.177166e+00 2.132837e+00 -7.563394e+00 -2.687355e+00
1.304810e+00 6.471841e+00 4.340612e+00 -7.371060e+00 6.877635e+00 -3.762133e+00 -1.245561e+00 1.383403e+00
1.007572e-01 5.680499e+00 -3.436393e-01 -4.239875e+00 4.526923e+00 -4.829937e+00 -6.164123e-01 -3.788697e+00
5.191426e-01 5.810430e+00 3.690385e+00 -3.675726e+00 4.833610e+00 -1.990572e+00 -3.170260e+00 -5.406050e+00
-1.829941e+00 2.590157e+00 2.332764e+00 -7.107299e+00 2.796837e+00 2.992128e+00 -5.128896e+00 -3.236891e+00
-2.485530e+00 5.265488e+00 6.113773e-01 -2.743360e+00 3.674786e+00 1.639471e-01 -7.523628e+00 -2.620473e+00
-4.036774e+00 3.559585e+00 1.351100e+00 -7.067479e+00 1.018102e+01 -7.920811e+00 -1.727271e+00 -4.504465e+00
-2.239705e+00 8.328940e+00 -1.349999e+00 -4.482672e+00 7.262376e+00 2.860463e+00 -4.674731e+00 -6.205160e+00
1.461254e+00 2.377262e+00 3.471219e+00 -2.934718e+00 4.552027e+00 3.030327e+00 -9.566615e+00 -2.227669e+00
-2.891729e+00 2.312800e+00 1.534423e+00 -8.770367e+00 4.187471e+00 2.836326e+00 -7.096381e+00 -4.283900e+00
-2.413323e+00 1.809352e+00 3.692191e+00 -2.733152e+00 5.863008e+00 1.117650e+00 -7.787254e+00 -7.527970e+00
-1.904570e+00 2.872897e+00 3.061159e+00 -5.952052e+00 6.025066e+00 6.945493e-01 -6.885088e+00 -6.089258e+00
-6.092866e+00 1.586850e+00 2.832832e+00 -4.052957e+00 2.761962e+00 2.920356e+00 -3.882770e+00 -4.596107e+00
-3.249366e+00 -7.504736e-01 4.137727e+00 -4.170080e+00 3.068385e+00 3.477482e+00 -1.031313e+01 -5.747184e+00
-3.251888e+00 3.135468e+00 9.040897e-01 -3.389623e+00 1.388976e+00 2.607433e+00 -8.377978e+00 -4.791499e+00
-4.189426e+00 5.246346e+00 2.915338e+00 -6.481713e+00 3.077935e+00 -4.720739e-01 -7.835263e+00 -8.455102e+00
-3.752510e+00 9.313120e-01 -2.377467e+00 -6.693807e+00 2.632299e+00 -3.033805e-01 -5.343470e+00 -3.713468e+00
-3.658125e+00 3.147968e+00 9.459830e-01 -5.990917e+00 2.971624e+00 1.253624e+00 -5.268855e+00 -4.267284e+00
-9.118967e-01 -1.616601e+00 1.722777e+00 -1.590671e+00 2.520589e+00 5.659623e+00 -8.662204e+00 -4.234008e+00
4.190203e-01 -1.452589e+00 3.261446e+00 -4.043977e+00 4.044893e-01 7.514828e+00 -1.065228e+01 -7.351694e+00
-8.401274e+00 2.703004e+00 1.386031e+00 -2.425768e+00 2.928712e+00 1.887310e-01 -8.548737e+00 -6.591194e+00
-4.929862e+00 2.654938e+00 2.396089e-01 -1.762266e+00 1.689506e+00 2.572880e+00 -5.147882e+00 -6.540483e+00
-2.408948e+00 9.183397e-01 2.121794e+00 -5.182316e+00 2.748838e+00 3.865991e+00 -7.388998e+00 -5.631371e+00
-2.259980e+00 1.289800e+00 3.303833e+00 -5.492686e+00 4.869059e+00 4.211391e+00 -8.455820e+00 -3.649982e+00
-2.025391e+00 5.892642e-01 2.541461e+00 -4.888989e+00 4.721571e+00 1.323189e+00 -6.031363e+00 -3.535523e+00
-1.524294e+00 1.302207e+00 1.484919e+00 -2.504847e+00 3.650651e+00 -1.518489e+00 -6.742914e+00 -2.459672e+00
-1.855043e+00 3.148674e+00 1.768046e+00 -6.386596e+00 3.125591e+00 5.611923e+00 -9.081418e+00 -4.641102e+00
-4.005826e+00 2.450357e+00 1.554486e+00 -6.011102e+00 4.280710e+00 4.574291e+00 -7.366762e+00 -6.471268e+00
-4.498560e+00 3.441267e+00 2.315242e+00 -3.716441e+00 4.770345e+00 8.026122e-02 -8.570934e-01 -1.699702e+00
-7.109406e+00 4.804523e+00 4.779474e+00 -7.630197e+00 4.529994e+00 2.633351e+00 -3.069930e+00 -3.756149e+00
-2.484785e+00 3.812939e+00 4.867229e+00 -5.862341e+00 3.076224e+00 -2.631370e+00 -1.087338e+00 -1.023228e+00
-5.023671e+00 2.448138e+00 4.086394e+00 -5.359220e+00 4.211942e+00 -2.826600e+00 -2.429418e+00 -2.687836e+00
-5.081236e+00 -3.790044e-01 3.543031e+00 -6.041799e+00 1.875747e+00 5.224035e+00 -8.688102e+00 -5.253390e+00
-2.378943e+00 3.981128e+00 3.836930e+00 -8.392733e+00 2.462457e+00 3.843401e+00 -6.271309e+00 -5.409243e+00
-1.266600e+00 1.085404e+00 2.185883e+00 -6.259924e+00 3.326856e+00 4.249441e+00 -8.339240e+00 -5.898571e+00
-2.292915e+00 3.199243e+00 2.439046e+00 -7.194257e+00 2.745189e+00 5.003962e+00 -1.133660e+01 -2.832132e+00
-2.574222e+00 2.590068e+00 1.047394e+00 -8.550156e+00 1.639929e-01 3.706910e+00 -8.234733e+00 -4.671094e+00
-4.952785e+00 2.941177e+00 3.494919e+00 -7.151836e+00 2.167729e+00 4.991584e+00 -9.677944e+00 -3.003518e+00
-3.027884e+00 5.136776e+00 2.903500e+00 -4.530404e+00 2.803581e+00 -3.527034e+00 -5.277240e+00 -4.217967e+00
-1.191016e+00 9.727872e+00 -4.255439e-02 -8.583402e+00 3.009133e+00 -1.901940e+00 -1.903898e+00 -1.052828e+00
2.835593e+00 6.422618e+00 -2.548527e+00 -4.819718e+00 4.379305e+00 -2.053111e+00 1.450451e+00 -6.005078e+00
1.570806e+00 5.733003e+00 1.302278e-02 -6.547208e+00 5.154435e+00 -9.103040e-01 -2.138436e+00 -1.519085e+00
-2.013340e+00 5.620089e+00 1.583623e+00 -7.304235e+00 6.594451e+00 3.494053e+00 -3.289299e+00 -3.430145e+00
-1.060757e+00 7.996749e+00 6.833101e-01 -5.930246e+00 5.656818e+00 4.028633e+00 -5.361929e+00 -2.135981e+00
1.282462e-01 5.049894e+00 -3.324462e+00 -6.125864e+00 -1.486611e-02 4.313423e+00 -6.784398e+00 -3.245816e+00
2.305908e+00 2.905502e+00 -1.833831e-01 -6.383570e+00 1.193688e+00 4.289900e+00 -8.708657e+00 -4.572223e+00
-1.661590e-01 6.899913e+00 3.899023e+00 -1.894686e+00 5.879305e+00 -5.128886e+00 -1.234987e+00 -2.221555e+00
-4.584709e+00 2.153731e+00 3.898028e+00 -2.822905e+00 9.017104e+00 2.087913e+00 -5.918896e+00 -8.991770e+00
-1.018569e+00 9.591405e+00 -4.268519e-01 -3.447077e+00 7.531754e+00 -4.372441e+00 4.460276e+00 -2.549497e+00
3.706639e-01 6.486847e+00 2.358089e+00 -5.402671e+00 9.302248e+00 -5.540859e+00 1.178897e+00 -3.939826e-02
-1.924406e+00 7.101456e+00 1.978143e+00 -6.148665e+00 7.983160e+00 -1.018233e+00 -3.539628e+00 1.060428e+00
-2.357507e+00 8.322940e+00 1.130380e+00 -6.815641e+00 7.431062e+00 1.267080e+00 -5.068530e+00 -3.587162e-01
-3.533368e+00 8.674585e+00 9.847315e-01 -4.726776e+00 4.215839e+00 1.746176e+00 -3.714595e+00 -2.014085e+00
-3.416875e+00 6.696050e+00 2.941084e+00 -6.437863e+00 6.190931e+00 -7.204057e-01 -4.310203e+00 2.126244e-01
-6.988282e+00 4.761077e+00 1.514757e-01 -3.559324e+00 6.000565e+00 -2.675843e+00 -4.341012e+00 -1.472406e+00
-1.483073e+00 2.447056e+00 6.508646e+00 -6.832349e+00 5.117548e+00 -4.309418e+00 -2.754278e+00 -1.434410e+00
-3.589407e+00 -1.761618e-01 -1.002384e+00 -4.430439e+00 3.622434e+00 4.416099e-01 -7.163790e+00 -7.786437e+00
1.543985e-01 1.803158e+00 -3.288793e+00 -3.379626e+00 1.620716e+00 3.846937e+00 -3.122452e+00 -9.656002e-01
1.042602e+00 -6.310663e-01 3.597030e+00 -9.414676e+00 5.144946e+00 -2.942029e+00 -2.218454e+00 -4.978643e+00
9.268710e-01 2.529655e+00 1.630530e+00 -8.946564e+00 5.873943e+00 -3.319641e-01 -2.922196e+00 -4.118811e+00
-2.590131e+00 1.505859e+00 -2.705990e+00 -1.101534e+01 7.706048e+00 1.872817e+00 -1.014636e+01 -5.547027e+00
-2.701083e+00 8.583492e+00 -3.782326e-01 -7.141502e+00 3.688816e+00 1.966167e-01 -8.909158e+00 -4.059125e+00
-1.247506e+00 8.221034e+00 8.460774e-01 -5.293998e+00 8.712571e+00 -3.557361e+00 -6.257019e+00 -3.915751e+00
-4.269157e-01 5.883441e+00 7.230278e-01 -5.460433e+00 7.835520e+00 -2.260173e+00 -6.559887e+00 -3.623362e+00
-1.562770e+00 5.907786e+00 2.921856e+00 -7.824748e+00 9.171629e+00 -3.177582e+00 -1.147616e+00 -2.608711e+00
-1.421855e+00 2.789987e+00 1.926522e+00 -6.200477e+00 1.009504e+01 -2.266201e+00 7.665821e-01 -6.205733e+00
1.583847e+00 6.158056e+00 3.011502e+00 -4.613327e+00 4.234282e+00 5.043487e+00 -6.433258e+00 -2.346776e+00
3.288060e+00 7.332986e+00 1.999957e+00 -8.235562e+00 5.044970e+00 3.186720e+00 -4.263261e+00 -3.575983e+00
1.402542e+00 -1.079849e-02 3.791703e+00 -2.878339e+00 -4.234968e+00 6.331038e+00 -7.151721e+00 -4.625127e-01
-5.141174e-01 3.808573e+00 -1.447439e+00 -1.458984e+00 -1.542780e+00 6.724953e+00 -7.493326e+00 7.196760e-01
-2.371746e+00 -3.405598e-01 4.980927e+00 1.235864e+00 -2.160433e+00 6.645075e+00 -3.382523e+00 -4.003051e+00
-3.871145e-01 2.075171e+00 1.815023e+00 -2.541358e+00 -1.265455e+00 7.635368e+00 -5.193226e+00 -2.587539e+00
-1.353723e+00 1.784037e+00 -5.844469e+00 -3.651774e-01 3.624929e-01 5.324389e+00 -6.949939e+00 1.626406e+00
-6.451786e-01 5.155997e+00 -6.230964e-01 -4.336107e+00 -4.143371e-01 7.723725e+00 -1.528843e+00 3.903049e-03
2.513042e+00 2.288185e+00 -1.086616e-01 -4.717592e+00 2.291762e+00 1.176522e+01 -6.639639e+00 -2.516031e+00
-3.320651e+00 5.946248e+00 4.338694e+00 4.780220e-02 -2.390057e+00 7.700913e+00 -3.715277e+00 -1.643905e+00
-3.619243e+00 5.635089e+00 -1.156361e+00 -2.100887e+00 -1.047342e+00 5.059755e+00 -5.349092e+00 -6.257331e-01
-1.140767e+00 3.142626e+00 -3.462479e-01 -4.464179e-01 -2.069432e+00 2.775939e+00 -5.560483e+00 5.069341e-01
3.315446e-01 -5.177089e-01 6.447509e-01 -3.282730e+00 -1.183850e+00 5.042592e+00 -2.165383e+00 -4.921431e+00
-6.648466e-01 1.263866e+00 7.572376e-02 -2.678605e+00 -2.235416e+00 4.072842e+00 -4.774319e+00 -3.718987e+00
-4.218609e+00 5.589676e+00 4.326882e+00 -3.190750e-01 -2.467001e+00 3.534258e+00 -2.816754e+00 -4.158747e+00
-4.198950e+00 2.009830e+00 2.805249e+00 -3.681813e+00 8.815038e-01 2.217902e-01 -4.688836e+00 -7.054544e-01
-3.052033e+00 1.806484e+00 -5.989343e-01 -3.594814e+00 -1.899828e+00 6.316012e+00 -4.135321e+00 -1.748584e+00
1.864224e+00 6.903904e-03 4.341576e-01 -3.707922e+00 -3.443059e-01 4.978168e+00 -4.157661e+00 -2.168405e-01
-2.742284e+00 4.382597e+00 3.985790e+00 -3.077906e+00 5.532711e-01 4.821524e+00 -2.000160e+00 -4.198260e+00
-1.276657e+00 2.840392e+00 1.471174e+00 -4.735279e+00 8.048540e-01 4.630361e+00 -3.608124e+00 -2.109062e-02
-1.702769e+00 2.048836e-01 2.977627e+00 -1.935269e+00 -1.115778e+00 3.420939e+00 -2.012123e+00 -2.316805e+00
2.623439e+00 2.558290e+00 1.742884e+00 -1.293726e+00 -2.792615e+00 3.077312e+00 -7.695252e-01 -2.115423e-01
-3.271212e+00 1.855526e+00 -4.228151e-01 -3.926559e+00 -4.947892e-01 4.126586e+00 -6.120783e+00 -5.805392e+00
-4.742463e+00 3.937059e+00 6.339696e-01 -1.482862e+00 8.390956e-01 4.301180e+00 -5.520217e+00 -3.333133e+00
-4.061062e+00 4.490612e-01 6.766752e-01 -4.053870e+00 -1.872892e-02 6.330554e+00 -6.751946e+00 -1.729840e+00
-4.577209e+00 4.560449e+00 5.171363e-01 -4.308514e+00 7.737517e-01 5.716404e+00 -3.653977e+00 -8.448349e-02
-3.739742e+00 2.365477e+00 -3.224675e+00 -6.325739e+00 -5.647401e-01 3.463566e+00 -7.282211e+00 4.546945e-01
-8.704761e-01 1.101822e+00 -1.762829e+00 -5.101534e+00 -4.101502e-01 5.070952e+00 -4.274266e+00 2.484976e+00
-3.573975e+00 1.295160e+00 1.387353e+00 3.166663e-01 -9.710246e-01 6.501766e+00 -6.531557e+00 -1.850813e+00
-2.879246e+00 2.876818e+00 2.753235e+00 1.359100e-01 -8.429931e-01 7.116847e+00 -7.668222e+00 -2.807825e+00
-7.591193e+00 7.054153e+00 6.350991e+00 5.890858e-01 -5.027116e+00 7.311842e+00 -3.441105e+00 -3.282373e+00
-8.176436e-01 4.154938e+00 2.411587e+00 -2.915210e+00 -4.094615e-01 9.544999e+00 -1.049483e+01 -3.786900e-01
-2.872745e+00 1.457550e+00 4.204864e-01 1.982987e+00 5.358596e-03 5.932447e+00 -6.238714e+00 -3.690878e+00
-3.062891e+00 2.046920e+00 1.847369e-01 -2.294897e+00 6.573728e-02 7.675495e+00 -7.912809e+00 -5.216516e+00
-2.124705e+00 3.344858e-02 3.883207e+00 -1.875612e+00 -3.665091e+00 2.474377e+00 -3.189414e+00 1.894220e-01
-4.561321e+00 1.819827e+00 3.025249e+00 -1.301281e+00 -3.160711e+00 2.279395e+00 -2.667648e+00 -1.971677e+00
7.970378e-01 -2.478187e-01 4.023499e+00 1.118451e+00 -2.790074e+00 6.996499e+00 -5.388956e+00 -3.760565e-01
6.594577e-02 9.105803e-01 4.294320e+00 -5.757839e-01 -5.171021e-01 7.075451e+00 -4.962240e+00 -1.697587e+00
-4.026113e+00 7.184384e+00 4.605662e+00 -3.007202e+00 9.605513e-01 1.133925e+00 -2.244981e+00 -4.323762e+00
-5.070318e+00 2.060357e+00 1.549831e+00 -4.293157e+00 2.065294e+00 3.876442e+00 -1.975359e+00 -2.841576e+00
-5.896239e+00 5.552928e+00 -1.960053e-01 -3.229446e+00 -1.155254e+00 2.361386e+00 -3.167365e+00 -5.249703e+00
-4.585228e+00 4.944696e+00 -3.854431e-01 -2.722754e+00 -1.018033e+00 5.192730e+00 -4.599742e+00 -1.783194e+00
-4.391977e+00 2.335662e+00 2.358499e+00 -2.566830e+00 6.739463e-01 6.742034e+00 -7.640449e+00 -4.602248e+00
-3.371462e+00 1.419059e+00 3.701105e+00 -1.344397e+00 -2.089929e+00 9.189111e+00 -6.500874e+00 -1.340397e+00
1.984321e-01 3.370350e+00 6.415555e+00 -1.989070e+00 -4.159131e+00 9.083887e+00 -6.747129e+00 2.701905e+00
-5.703829e-01 2.673769e+00 5.016768e+00 -7.599806e-01 -3.072968e+00 4.381480e+00 -5.154341e+00 1.142062e+00
1.790967e-01 2.263471e+00 5.839100e+00 -1.921571e+00 1.082342e+00 4.512095e+00 -4.365707e+00 -3.182064e+00
-3.618149e-01 2.493182e+00 3.679862e+00 -3.926793e+00 6.462766e-01 3.878307e+00 -7.182269e+00 -4.289230e+00
-1.372276e+00 1.809016e+00 -2.149334e-01 -1.375772e+00 -3.865996e+00 8.014778e+00 -7.040400e+00 1.267519e+00
-1.576416e+00 3.616794e+00 -8.700075e-02 -1.622061e+00 -2.451770e+00 9.117417e+00 -8.690915e+00 -1.209832e+00
-4.934462e+00 4.601716e+00 4.380016e+00 -2.690339e-02 -2.737262e+00 6.461483e+00 -5.570154e+00 -6.225461e+00
-4.716627e+00 1.852660e+00 2.507220e+00 -2.091749e+00 -7.046302e-01 4.847078e+00 -4.353000e+00 -6.382461e+00
-2.272974e+00 4.317468e+00 5.388605e+00 -3.948663e-01 -2.943671e+00 5.874718e+00 -6.638276e+00 -2.101705e+00
-4.636525e+00 -7.535169e-01 1.776379e+00 -9.653555e-01 -8.839647e-01 4.192924e+00 -3.952279e+00 -4.061384e+00
1.080170e+00 2.349246e+00 1.482115e+00 -1.990431e+00 -2.592204e+00 6.796426e+00 -4.417123e+00 9.403586e-01
1.813046e+00 1.285842e-01 2.857272e+00 -6.460090e-01 6.288605e-01 9.993553e+00 -5.023496e+00 -2.733780e+00
-2.502464e+00 3.475360e+00 2.120701e+00 -6.915757e+00 -4.117030e+00 3.468921e+00 -4.327892e+00 -1.669784e+00
4.009054e-01 9.822314e-01 1.064107e+00 -8.176308e-01 -3.798097e+00 7.166202e+00 -4.725409e+00 3.650105e-01
-1.514721e+00 3.989534e+00 7.487036e+00 -1.123453e+00 2.462511e-01 4.629593e+00 -4.300537e+00 -7.627215e+00
-1.648661e+00 2.772983e+00 6.628912e+00 -4.546130e+00 1.409019e+00 4.279022e+00 -6.123606e+00 -7.416614e+00
-2.077654e-01 4.722797e+00 -1.508890e+00 -2.635523e+00 -2.517599e+00 4.403308e+00 -3.471800e+00 -1.839896e-01
1.843339e-01 5.474222e+00 -2.848218e+00 -2.661086e+00 -1.069213e+00 6.242601e+00 -4.389721e+00 -2.952435e+00
-3.176518e+00 1.138857e+01 3.280685e+00 -2.030324e+00 3.755993e+00 4.871453e-01 1.130365e+00 -7.140397e+00
-1.971629e+00 5.693254e+00 6.678605e+00 -3.158777e+00 2.779298e+00 -4.260053e-01 2.402185e+00 -7.608453e-01
-2.633292e+00 5.079475e+00 1.442345e+00 -6.834662e+00 -1.685291e-01 4.220609e+00 2.360169e+00 3.924657e+00
-4.677063e+00 5.177297e+00 -2.111564e-01 -6.018828e+00 8.535633e-01 5.436602e+00 4.986713e-01 2.136890e+00
-2.447475e+00 3.303945e+00 -2.058425e-01 -3.544140e+00 7.904636e-01 8.124724e+00 -4.790362e+00 -2.029180e+00
-1.645993e+00 4.395510e+00 -2.299811e+00 -3.502884e+00 -8.820507e-01 5.421976e+00 -3.247878e+00 -2.205879e+00
-2.409396e+00 3.640313e+00 6.162134e+00 -7.490001e+00 3.835933e+00 -7.936395e-01 1.106527e+00 -2.868114e+00
-2.800347e+00 3.417325e+00 7.551876e+00 -5.835992e+00 3.843375e+00 -2.028132e+00 2.683028e+00 -2.134545e+00
-3.971965e+00 3.491950e+00 3.393343e+00 -4.542955e+00 -1.116367e+00 4.778766e+00 -4.124073e-01 -2.367953e+00
-7.611854e-01 4.073049e+00 2.637570e+00 -6.807284e+00 -9.764181e-01 5.661537e+00 -1.947132e+00 -2.348560e+00
-6.707451e-01 4.885916e+00 7.051152e+00 -5.194196e+00 -2.604372e+00 -1.068193e-01 9.124014e-01 -2.129878e+00
-6.241281e-02 7.937151e+00 5.020764e+00 -5.917518e+00 -2.837843e+00 2.298338e+00 -3.491853e-01 -1.524800e+00
-1.968649e+00 8.939804e+00 1.976489e+00 -4.554768e+00 7.689120e-01 2.447670e+00 -9.031825e-01 1.837349e+00
-2.905996e+00 7.940970e+00 2.982980e-01 4.805741e-01 8.867985e-01 -3.236096e-01 -2.598451e+00 2.336003e+00
-5.822172e+00 7.030789e+00 4.192057e+00 -6.949726e+00 -2.922037e+00 4.319365e+00 -5.834355e+00 -3.006650e+00
-3.457734e+00 7.806118e+00 2.706913e+00 -3.278179e+00 -3.012916e+00 3.449748e+00 -4.679204e+00 -2.442204e+00
-1.272414e+00 -5.159440e-01 1.047203e+00 -7.216251e-01 -1.820797e-01 5.323265e+00 -4.686269e+00 -2.976945e+00
-1.616512e+00 -1.828447e-01 1.102296e+00 7.516005e-01 6.757335e-01 5.734599e+00 -1.103613e+00 -3.374444e+00
-3.084678e+00 5.662353e+00 3.927420e+00 -1.337717e+00 1.237781e+00 3.559134e+00 -5.615642e-01 -6.087869e+00
-2.039600e+00 4.832694e+00 7.156072e+00 -5.342396e+00 3.902343e+00 2.854157e+00 -8.608562e-01 -7.500422e+00
-5.424523e+00 6.716330e+00 4.091150e+00 -8.649140e+00 1.875275e+00 4.365908e+00 3.270330e+00 2.570130e-02
-3.581931e+00 7.606292e+00 6.806273e+00 -8.242114e+00 3.956059e+00 2.772280e+00 1.966967e+00 -6.129288e-01
-4.402232e+00 6.529596e+00 4.388175e+00 -7.190550e+00 2.076722e-01 2.024745e+00 3.447243e+00 -5.057072e+00
-3.435471e+00 6.990952e+00 2.842870e+00 -5.770855e+00 5.162585e+00 1.315785e+00 4.750932e+00 -2.590509e+00
-2.217038e+00 6.083553e+00 3.556864e+00 -6.032704e+00 5.591436e-01 8.886994e-01 -3.294132e+00 -2.775022e+00
-1.945055e+00 3.031467e+00 2.552035e+00 -4.231878e+00 2.938314e-01 1.683125e+00 -2.911393e+00 -5.694592e+00
-4.884816e+00 3.850548e+00 2.034950e+00 -5.793936e+00 4.868626e+00 -2.612303e-01 1.037832e+00 1.969922e-01
-6.140916e+00 4.748540e+00 1.260575e+00 -7.091527e+00 3.877750e+00 4.192157e+00 1.230666e-02 2.542544e+00
-3.106710e+00 1.444052e+00 6.783856e+00 -6.878303e+00 -1.002655e+00 2.935791e+00 2.824960e-01 -2.116164e+00
-1.934338e+00 3.012477e+00 3.843265e+00 -9.297633e+00 -1.510718e+00 5.951951e+00 5.625713e-01 3.296509e+00
-6.905961e-01 4.035063e+00 2.043278e+00 -5.379846e+00 -3.133251e+00 5.279508e+00 -4.156951e+00 1.234851e+00
-1.256832e+00 6.184854e+00 4.925022e+00 -6.721527e+00 -1.221287e+00 5.007060e+00 -2.668673e+00 1.988433e-01
-1.373044e-01 7.426946e+00 2.050946e+00 -6.402703e+00 -6.571267e-01 3.302030e+00 1.421158e-01 -4.452371e+00
8.810884e-01 5.107610e+00 5.743768e-01 -4.701770e+00 1.414910e+00 2.969282e+00 2.111423e+00 -3.609054e+00
-4.830336e+00 3.267800e+00 3.151403e-01 -2.659554e+00 1.990104e+00 4.067270e+00 -2.067278e+00 -3.919086e+00
-4.965248e+00 1.360008e+00 -4.222810e-02 -4.040577e+00 1.318331e+00 6.759917e+00 -3.675146e+00 -5.202446e+00
-3.251789e+00 3.709977e+00 -1.364366e-02 -5.316258e+00 -6.387129e-01 9.237511e+00 -4.737574e+00 -3.696539e+00
-2.429572e+00 6.572415e+00 1.274682e+00 -5.144592e+00 1.643386e-01 7.144598e+00 -9.164611e-01 -1.181712e+00
-6.140121e+00 7.280165e+00 5.674318e-01 -5.441768e+00 -3.273211e-01 4.516958e+00 -1.252413e+00 -2.117006e+00
-2.391539e+00 4.576352e+00 1.561013e+00 -8.270538e+00 -1.637820e-01 6.712193e+00 -4.757212e+00 3.668296e-01
1.047021e+00 7.952073e+00 7.036791e+00 -7.104103e+00 2.124967e+00 4.137719e+00 2.110421e+00 -2.387297e+00
-9.371724e-01 8.638164e+00 2.697680e+00 -4.653389e+00 2.181417e+00 9.244091e-01 8.369579e-01 -1.277303e+00
-4.948929e+00 6.166327e+00 1.943916e+00 -3.401031e+00 2.829969e+00 1.179079e+00 3.955597e+00 -2.080184e+00
1.009345e+00 7.377989e+00 -1.557777e+00 -2.815931e+00 -3.109667e+00 4.684607e+00 -9.942373e-01 2.121934e+00
-1.866162e+00 9.448268e+00 1.861102e+00 -5.595518e+00 1.697614e-01 -1.717271e+00 4.022971e+00 -1.047784e+00
-2.430563e+00 1.049318e+01 2.699339e+00 -3.990768e+00 -2.249442e-01 3.865880e+00 3.267687e+00 -3.307447e+00
-3.441235e+00 8.140878e+00 -7.943827e-01 -6.583515e+00 -7.352880e-01 2.353471e+00 3.311515e+00 -3.972712e+00
-4.666535e+00 7.358374e+00 7.242304e-01 -2.262833e+00 -8.743825e-01 6.697080e-01 6.770665e-01 -3.376198e+00
-1.788044e+00 7.820399e+00 9.667722e-01 -2.291049e+00 -1.426004e+00 3.401256e+00 -4.012342e+00 -4.433422e+00
-3.411012e+00 8.174332e+00 1.587538e+00 -3.411779e+00 -2.654646e+00 5.467477e+00 -2.849867e+00 -4.929595e+00
-4.775438e+00 4.253488e+00 3.936652e+00 -8.292199e+00 -1.581901e+00 5.085567e+00 -2.373211e+00 -4.541737e+00
-3.751287e+00 8.052776e+00 2.914003e+00 -7.631520e+00 -9.653568e-01 4.955185e+00 -2.428958e+00 -3.001864e-01
1.355358e-01 4.118528e+00 5.204207e+00 -3.458153e+00 -9.073492e-01 5.877507e-01 3.921213e+00 -4.102605e+00
-1.929484e+00 6.148697e+00 2.898685e+00 -6.036174e+00 1.202607e+00 2.144441e-01 3.039497e+00 -2.797295e+00
-3.927569e+00 7.586202e+00 1.797834e+00 -6.866329e+00 8.431784e-01 1.680797e+00 6.116352e-01 5.213327e-01
-3.397805e+00 7.104068e+00 1.624512e+00 -1.028685e+01 -5.754902e-01 3.692712e+00 7.365562e-02 4.983382e-01
-2.277665e+00 6.352611e+00 3.733289e+00 -2.298357e+00 3.058040e+00 -6.073004e+00 6.341568e+00 -3.185169e+00
-3.474941e+00 4.869262e+00 4.030230e+00 -4.963612e+00 4.194296e+00 -4.103476e+00 5.862539e+00 5.042600e-01
-3.558481e+00 7.359126e+00 3.224854e+00 -5.647634e+00 5.877432e-01 4.742194e+00 1.017955e+00 4.101010e+00
-1.344786e+00 5.660809e+00 4.981198e+00 -8.586429e+00 1.454018e+00 4.951148e+00 2.635302e+00 -3.667837e-01
-8.950395e-01 6.196874e+00 1.448588e+00 -5.407891e+00 1.264004e+00 2.344852e+00 -4.361483e+00 -4.993849e+00
-1.894265e+00 1.492863e+00 1.903920e+00 9.872171e-02 -6.491332e-01 5.751641e+00 -3.525208e+00 -1.423358e+00
-1.526808e+00 1.283238e+00 1.782320e+00 -5.190157e+00 -4.381577e-01 7.610272e+00 -5.861040e+00 -4.289929e+00
-7.747794e-01 4.457496e+00 2.087806e+00 -5.560788e+00 4.938087e-01 5.730029e+00 -4.009491e+00 -2.554601e+00
-3.189544e+00 5.396679e+00 1.252713e+00 -4.405968e+00 1.236371e-01 5.427050e+00 -6.155823e+00 1.134642e-01
-3.208910e+00 3.668711e+00 1.910817e+00 -3.159515e+00 3.278713e-01 4.233911e+00 -4.034201e+00 -4.682286e+00
-2.383465e+00 -7.484974e-02 1.040990e+00 -5.256617e+00 -8.700865e-01 4.292489e+00 -4.769513e+00 -1.499826e+00
-2.752201e+00 4.949195e+00 4.323956e+00 -1.680468e+00 -1.949790e+00 5.194215e+00 -5.586667e+00 -3.394251e+00
1.149363e+00 1.034691e+00 2.299826e+00 -2.229732e+00 -6.359486e+00 5.738524e+00 -7.589586e+00 2.327045e+00
-3.349933e-01 7.753192e+00 3.011890e+00 -5.106730e+00 -1.088678e+00 1.729616e+00 1.164133e+00 -3.427556e+00
-8.345806e+00 1.354274e+00 2.403045e+00 -1.324640e+00 -6.099269e-01 2.324297e+00 -3.014177e+00 -5.270451e+00
2.070158e+00 3.594846e+00 8.962785e-01 -2.712640e-01 -6.651811e-01 5.178496e+00 -6.170154e+00 -1.432643e+00
-3.915932e+00 4.141066e+00 -3.179705e-01 -1.919277e+00 8.362096e-01 6.831914e+00 -2.881351e+00 9.094750e-01
-4.564168e+00 4.126584e+00 1.761399e+00 -4.242436e+00 -2.275206e+00 1.878071e+00 -5.603969e+00 -2.041463e+00
-4.561102e-01 4.313774e+00 2.408140e+00 -5.015346e+00 -2.891595e-01 5.308531e+00 -4.368025e+00 -2.131914e+00
-1.348037e+00 6.232180e+00 1.687033e-02 -4.667027e+00 -3.524195e-01 4.223210e+00 -1.783393e+00 -2.998667e+00
-3.294113e-01 5.149747e+00 2.145244e+00 -1.640846e+00 -1.856298e+00 6.818067e+00 -5.519721e+00 -3.710257e+00
-1.079020e+00 4.225561e+00 1.067197e+00 -6.385839e-01 -1.256563e+00 7.077027e+00 -5.989020e+00 -9.585542e-01
-1.525759e-01 8.235662e-01 4.263692e-02 -2.479183e+00 4.893891e-01 9.425415e+00 -7.799194e+00 -8.399540e-01
-6.515349e+00 1.138110e+00 -1.241519e+00 -4.549401e+00 1.933168e+00 3.884147e+00 -6.776046e-02 -1.828141e+00
-8.179650e-01 3.895067e+00 2.887533e+00 -2.304408e+00 -2.182480e+00 4.479572e+00 -2.183918e+00 -4.340840e-01
-4.543169e+00 -1.783916e+00 1.276875e+00 1.368338e+00 -1.328305e+00 6.687651e+00 -6.200962e+00 -2.159500e+00
-3.476200e+00 3.191368e+00 7.690507e-02 -1.572791e+00 -3.186707e+00 3.396796e+00 -1.399945e+00 -5.010223e+00
-2.140026e+00 3.420018e+00 -1.890594e-01 -1.956055e+00 1.540934e-01 6.708419e+00 -3.389314e+00 -4.825452e+00
2.676990e-02 3.758544e+00 -2.740809e+00 -2.628452e+00 -8.056613e-01 7.079172e+00 -4.770587e+00 6.070950e+00
-3.161854e+00 6.459120e+00 4.902368e+00 -2.036585e+00 -9.138830e-01 1.559689e+00 -1.256738e-01 -1.506862e+00
-6.862027e-01 3.052880e+00 5.004600e+00 -3.413112e+00 -4.874808e-01 3.978692e+00 -3.932171e+00 -6.843465e+00
-3.761698e-01 8.495703e-01 1.757890e+00 -5.289283e+00 9.680410e-01 5.579007e+00 -4.991722e+00 -2.080853e+00
-4.383984e-01 -9.127978e-01 5.876347e+00 -1.591407e+00 -4.688493e-02 7.068145e+00 -5.039760e+00 -3.305614e+00
-1.846674e+00 4.458382e+00 2.012851e+00 -5.002334e+00 2.599896e-01 7.229341e+00 -4.397786e+00 -2.645708e+00
7.530975e-01 5.737143e+00 4.409834e+00 -5.048674e+00 1.665912e+00 1.224015e+01 -3.386962e+00 4.780735e-01
-3.050940e+00 4.657016e+00 4.340981e+00 -7.587495e+00 2.750096e+00 7.297651e+00 -3.712675e+00 6.293813e-01
-3.829646e+00 3.947708e+00 5.272340e+00 -6.357630e+00 2.677457e-01 4.854822e+00 -2.667259e+00 -2.109834e+00
-9.050938e-01 8.897922e+00 2.794634e+00 -5.324252e+00 6.418422e-01 2.081288e+00 -2.268390e-01 1.709921e-01
1.401835e+00 7.334124e+00 7.183369e+00 -7.539644e+00 -2.182378e+00 9.331653e-01 -6.989132e-02 3.499515e-01
-3.696101e+00 2.884665e+00 2.657380e+00 -3.612080e+00 1.518006e+00 4.522798e+00 -1.925047e+00 -2.799418e+00
3.089612e-01 6.501992e+00 -2.418245e-01 -4.583991e+00 -5.409892e-01 4.503214e+00 1.272543e+00 -2.191690e+00
-3.178430e+00 8.200337e+00 5.055338e+00 -3.358959e+00 -2.045221e-02 -1.219763e+00 5.424685e-02 -4.305708e+00
4.144419e-01 9.166557e+00 2.071423e+00 -4.127000e+00 4.950799e+00 -3.394446e-01 8.941245e-01 -3.403698e+00
-2.706077e+00 6.822486e+00 2.456800e+00 -3.464305e+00 1.667525e+00 4.399818e+00 -5.055724e+00 -4.059630e+00
5.728241e-01 5.820835e+00 1.959402e+00 -4.703484e+00 2.442653e+00 4.892745e+00 1.693269e+00 1.527915e+00
7.860030e-01 8.191948e+00 -1.726050e+00 -6.550720e+00 -6.374677e-01 1.024465e+00 1.597597e+00 -1.397626e+00
-1.173556e+00 3.220302e+00 5.384989e+00 -3.911390e+00 6.803725e-01 4.577815e+00 6.169763e-01 -2.237947e+00
-4.558888e+00 6.100939e+00 5.253145e+00 -1.982196e+00 1.401440e+00 3.294414e+00 2.061053e+00 -3.132916e+00
-2.727408e+00 3.605231e+00 1.839101e+00 -7.624382e+00 1.574258e+00 3.000249e+00 -2.377209e+00 -3.349601e-01
-3.533596e+00 2.866249e+00 3.062492e+00 -4.889621e+00 -4.593914e-01 6.493033e+00 -3.321900e+00 -2.668926e-01
-1.587958e+00 3.710884e+00 2.962851e+00 -4.154331e+00 1.581525e+00 6.220435e+00 -2.373290e-01 -5.199797e+00
6.267263e-01 7.910721e+00 7.742445e+00 -4.567022e+00 2.612386e+00 5.825233e-01 3.761764e+00 -5.102121e+00
-3.452579e+00 2.003309e+00 2.309267e+00 -5.424406e-01 -5.858791e-01 1.201723e+00 2.615523e+00 2.765885e+00
-4.180956e+00 3.129350e+00 1.567379e+00 -9.202611e+00 4.527859e-02 4.698669e+00 2.507678e+00 -1.587643e+00
-3.280692e+00 6.358017e+00 2.808577e+00 -6.578458e+00 5.352665e-01 4.576684e+00 -5.948086e-01 1.173146e+00
-5.207502e+00 3.781973e+00 -8.372887e-01 -2.822407e+00 -3.449158e+00 4.865208e+00 9.387656e-01 -3.060179e+00
-3.236723e+00 5.792870e+00 2.651128e+00 -7.558245e+00 3.910932e+00 2.213351e+00 1.385679e+00 4.324735e-01
1.372040e+00 5.528995e+00 7.486655e+00 -4.239975e+00 3.515110e+00 1.719152e+00 1.979164e+00 -4.022118e+00
-1.530283e+00 4.529776e+00 3.212196e+00 -2.847353e+00 5.252609e-01 1.934608e+00 3.370819e+00 7.141637e-01
-2.168223e+00 1.084290e+01 7.117119e+00 -3.501918e+00 3.327765e-01 -1.463879e+00 3.304440e-01 -1.523995e+00
-5.763262e+00 6.007786e+00 5.047436e+00 -6.822943e+00 -2.779279e-02 3.975783e+00 5.173238e-01 -4.317437e-01
-1.580891e+00 5.798360e+00 6.540327e-01 -1.075035e+00 -1.357397e+00 5.530770e+00 -2.298613e+00 -5.191048e+00
-1.201622e+00 3.035097e+00 1.974950e+00 -6.737268e+00 2.042120e+00 2.180328e+00 4.290342e+00 2.138876e+00
-1.991313e+00 7.310934e+00 5.261658e+00 -7.588627e+00 1.091261e+00 4.097051e+00 -1.508496e+00 -2.344157e+00
1.621242e+00 3.399543e+00 -1.027140e-01 -8.146779e+00 -1.393291e+00 3.943706e+00 -4.265190e+00 2.186808e+00
-1.795006e+00 8.691487e-01 3.546319e+00 -1.838923e+00 -9.016242e-01 4.014329e+00 -3.432264e+00 -4.384531e+00
-1.240610e+00 1.623714e+00 3.244235e+00 -3.639268e+00 7.425311e-01 3.863803e+00 -6.586298e+00 -7.596093e+00
6.048933e-01 4.344341e-01 4.177051e+00 -1.884628e+00 -1.289395e+00 8.916649e+00 -8.332365e+00 -1.969820e+00
4.124998e-01 3.597197e+00 1.603246e+00 -3.233659e+00 -4.005025e+00 5.047252e+00 -7.277960e+00 8.574981e-02
-2.499032e+00 3.253064e+00 8.749431e-01 -4.007929e+00 1.903403e+00 5.963741e+00 -2.204694e+00 -6.752797e+00
-1.675072e+00 2.292799e+00 4.112958e+00 -4.568316e+00 -1.350698e+00 7.127580e+00 -4.240917e+00 -7.209153e+00
-5.721933e-01 3.785227e+00 3.454994e+00 -2.409082e+00 -1.008901e-01 4.223560e+00 -6.674761e+00 -5.651551e+00
-2.397523e+00 2.076933e+00 -9.989164e-01 -2.745840e+00 -2.566627e+00 4.272324e+00 -5.779644e+00 4.484811e+00
-6.324801e-01 7.603577e+00 4.921834e-01 -3.878745e+00 8.913514e-01 1.290211e+00 -3.221880e+00 -6.451776e+00
-5.246359e+00 1.063390e+00 1.311142e+00 -1.074799e+00 5.470888e-02 3.113627e+00 -2.514869e+00 -1.686780e+00
-2.231149e+00 5.207900e+00 3.373183e+00 -4.372924e+00 1.226228e-01 2.490077e+00 -2.937684e+00 -1.574688e-01
-1.968385e+00 4.056054e+00 1.957796e+00 -1.350880e+00 6.830594e-01 6.481134e+00 -6.328621e+00 -5.231872e-01
-4.380017e+00 6.015893e+00 2.191702e+00 -3.186591e+00 -1.986687e+00 3.866518e+00 -5.156875e+00 3.135942e+00
2.768253e-01 6.701206e+00 1.864678e+00 -3.233847e+00 6.750500e-01 5.378741e+00 -4.029070e+00 -3.706852e+00
-3.885114e-01 6.253533e+00 1.533593e+00 -3.755867e+00 -2.477441e+00 5.684497e-01 -5.852367e+00 2.543019e+00
-2.207536e+00 3.383276e+00 1.820586e-02 -2.084283e+00 -1.140868e+00 5.492770e+00 -3.319855e+00 2.686026e-01
-2.053461e+00 1.783527e+00 3.520890e+00 -1.946200e+00 -3.612709e+00 5.746707e+00 -7.999011e+00 2.553074e-01
-1.526826e+00 1.775287e+00 -3.315882e+00 -2.371276e+00 2.798234e+00 9.247128e+00 -7.397379e+00 2.916146e-01
-2.583381e+00 3.950234e+00 -1.699675e-01 -7.558351e-01 6.406278e-01 1.395950e+00 9.019084e-01 -4.186555e+00
-2.873236e+00 3.185181e+00 1.279417e+00 -2.484567e+00 -3.874512e-02 4.830664e+00 -5.481831e+00 -8.589347e-01
-1.190690e+00 4.545405e-01 1.363327e+00 -7.159369e-03 -1.048025e-01 7.601070e+00 -7.722649e+00 -3.186354e+00
-5.537317e+00 5.962879e+00 2.067953e+00 -1.408798e+00 -7.545366e-01 1.875648e+00 -1.088288e+00 -4.292166e+00
-8.070806e-01 3.020682e+00 1.828346e+00 -1.625126e+00 -1.054271e+00 4.515628e+00 -3.747744e+00 -3.628836e+00
2.409520e+00 1.976033e+00 -2.791128e+00 -5.428607e+00 -1.894957e+00 1.144397e+01 -6.969917e+00 2.445441e+00
-5.766678e-01 5.924741e+00 2.310647e+00 -3.889839e-02 -6.013245e-01 4.673936e+00 -2.719693e+00 -5.303907e+00
-9.126820e-01 4.682037e+00 3.188648e+00 -6.570285e+00 5.001965e-01 5.400438e+00 -4.387158e+00 -6.012731e+00
-7.085040e-01 4.729323e+00 5.485306e+00 -5.817862e+00 -1.741303e+00 5.848450e+00 -5.873848e+00 -3.751182e+00
-1.463918e+00 2.304152e+00 3.756382e+00 -2.258059e+00 -9.490819e-01 4.806391e+00 -4.582988e+00 -3.539177e+00
-2.920945e-01 4.317326e+00 2.661621e+00 -6.971782e+00 2.000745e+00 5.590333e+00 -3.781912e+00 -1.739106e+00
-3.440169e+00 5.552815e+00 2.837177e+00 -1.467469e+00 -5.402129e-01 9.822998e+00 -6.418249e+00 2.071157e+00
-3.649456e+00 6.816581e+00 1.315280e+00 -7.011911e+00 2.593974e+00 7.584546e+00 -4.352433e+00 -1.812034e+00
-4.927283e+00 4.445714e+00 3.125397e+00 -8.081509e+00 1.842683e+00 5.403158e+00 -4.625144e+00 -1.340620e+00
-2.072754e+00 7.492371e+00 3.260857e+00 -4.352551e+00 2.453301e+00 1.392867e+00 5.752393e-01 -1.319734e+00
-1.110769e+00 4.140571e+00 7.756175e+00 -4.701521e+00 -4.341742e+00 7.903651e-01 2.652204e+00 -9.834598e-01
-4.703329e+00 4.123148e+00 1.521073e+00 -6.023105e+00 1.840789e+00 5.718288e+00 -2.202344e+00 -3.135756e+00
-5.915330e-01 7.207408e+00 2.022936e+00 -3.933458e+00 -1.268382e+00 5.099023e+00 -4.579251e-02 1.458439e+00
-1.529057e+00 9.173762e+00 5.657235e+00 -2.712709e+00 3.468798e+00 -7.337154e-01 2.116533e+00 -2.746187e+00
-2.129541e+00 2.833502e+00 1.494985e+00 -6.568670e+00 3.326743e+00 2.429990e+00 3.646979e+00 -2.468092e+00
-4.845145e+00 5.954881e+00 1.324222e+00 -2.392525e+00 2.183829e+00 2.649837e+00 -3.234540e+00 -2.154435e+00
-1.487732e+00 1.057968e+01 3.637532e+00 -5.416632e+00 -2.464157e+00 -2.795419e+00 4.203664e+00 -3.525794e+00
-1.828890e+00 6.734546e+00 1.368407e+00 -5.217573e+00 -2.151182e+00 4.043746e+00 2.072879e+00 -3.924924e+00
7.560140e-01 6.351756e+00 1.724864e+00 -8.115225e+00 1.722281e+00 4.824067e+00 -4.057070e-01 -1.377289e+00
-2.803832e+00 6.614377e+00 6.788973e-01 -5.885536e+00 -7.527029e-01 5.467589e+00 -1.702319e+00 -3.161432e+00
-1.695969e+00 3.741608e+00 9.664841e-01 -6.204058e+00 -5.014005e-01 1.685021e+00 -2.601711e+00 3.206706e+00
-3.160792e+00 2.717241e+00 -1.191931e-01 -5.863338e+00 8.460647e-01 7.408121e+00 -1.555350e+00 1.935321e-01
-2.622833e+00 8.784647e+00 3.274264e-01 -1.791243e+00 -1.624013e+00 4.375500e+00 -2.416721e+00 -1.107578e+00
1.600556e-01 7.468805e+00 7.546127e+00 -4.080722e+00 6.822448e+00 1.463328e+00 4.720621e+00 -2.453639e+00
-2.364795e+00 2.831674e+00 4.325758e+00 -3.208458e+00 1.843709e+00 -6.368309e-01 4.542489e+00 -2.450321e+00
-6.141139e+00 2.962815e+00 3.076032e+00 -1.081854e+01 1.776968e+00 3.977531e+00 1.191356e+00 -3.024971e+00
-9.879135e-01 5.465650e+00 4.569176e+00 -4.793164e+00 -4.566874e-01 5.656102e+00 1.356624e+00 9.457944e-01
-4.725823e+00 6.165309e+00 1.124145e+00 -2.039976e+00 -8.406080e-01 4.378503e+00 9.259672e-01 -4.715106e+00
-2.512336e+00 1.471289e+00 1.353482e+00 -9.566533e+00 2.409200e+00 5.623695e+00 -1.741501e+00 -8.241111e-01
2.792446e+00 6.551439e+00 7.365954e+00 -4.852192e+00 3.410461e+00 3.292561e+00 1.820608e+00 -3.489392e+00
-1.876269e+00 8.367850e+00 5.207421e+00 -6.711931e-02 -2.195394e+00 2.964686e+00 2.464527e+00 7.779232e-02
-1.711992e+00 1.011666e+01 2.267717e+00 -4.212993e+00 1.841504e-01 -1.171017e+00 4.894071e-01 -3.111453e+00
-3.881979e+00 6.278175e+00 6.962563e+00 -8.122584e+00 9.101524e-01 3.751313e+00 -2.155871e+00 -5.390449e-01
-1.291869e+00 7.108287e+00 3.565619e+00 -4.545351e+00 -1.356620e+00 8.967113e+00 -1.380458e+00 -3.577333e+00
-3.044499e+00 5.695525e+00 1.248274e+00 -6.338592e+00 1.751545e+00 -2.580878e+00 3.966967e+00 7.640836e-01
-2.322465e+00 9.224486e+00 4.736100e+00 -4.106345e+00 1.405982e+00 4.472860e+00 2.568765e+00 -1.506934e-01
-8.436109e-01 2.229405e+00 4.265666e+00 -1.349676e-01 -9.825945e-01 7.364526e+00 -5.663795e+00 -2.023294e-01
-3.580576e+00 3.983186e+00 1.688158e+00 -4.247593e+00 -1.163961e+00 8.229009e+00 -4.611524e+00 -3.726675e+00
-1.242564e-01 2.721710e+00 1.698057e+00 -1.450707e+00 -1.965134e+00 5.431629e+00 -4.730320e+00 -5.061180e+00
-1.335316e+00 3.753218e+00 1.398960e+00 -4.360540e+00 -2.411861e+00 3.248226e+00 -3.588635e+00 -8.396987e+00
-3.193262e+00 6.000200e+00 4.391181e+00 -1.267758e+00 -9.501778e-01 1.981376e+00 -1.588768e+00 -5.876023e+00
-4.511566e+00 1.497532e+00 2.260992e+00 -3.843964e+00 -1.771247e+00 2.352268e+00 -4.369594e+00 -5.292272e+00
-3.972559e+00 3.631241e+00 -2.246147e+00 -2.720668e+00 1.467091e+00 3.480039e+00 -2.756588e+00 -1.040479e+00
-2.246838e+00 6.202420e+00 4.458689e-01 -3.366134e+00 1.606632e+00 2.916526e+00 -1.965862e+00 -3.298450e+00
-7.121818e-01 2.043706e+00 2.575600e+00 -2.286045e+00 -7.337600e-01 2.504610e+00 1.802092e+00 -4.870299e-01
-1.233444e+00 2.401666e+00 -9.180656e-01 -2.720117e+00 -3.708962e+00 4.003013e+00 -3.193710e+00 -9.815641e-01
-3.601841e+00 2.270755e+00 2.439496e+00 -1.183544e+00 -1.095569e+00 6.205378e+00 -4.798231e+00 2.128140e+00
-1.099778e+00 5.660410e+00 6.154491e+00 1.047493e+00 -2.438601e+00 9.118924e+00 -6.811740e+00 -3.743030e+00
-2.314021e+00 5.015150e+00 1.796582e+00 -2.053715e+00 -2.054159e+00 4.719827e+00 -4.126231e+00 -6.909524e+00
-1.969853e+00 3.114314e+00 -2.720387e-01 1.415493e+00 -1.540457e+00 6.995739e+00 -5.891150e+00 -3.989557e+00
9.044400e-01 5.293442e+00 3.531985e+00 -3.240645e+00 -8.176243e-01 6.689270e+00 -3.203109e+00 -2.228539e+00
-6.163485e-01 1.867636e+00 3.917089e+00 -2.845992e+00 -4.445326e-02 6.289213e+00 -3.724007e+00 -7.375548e-01
-3.132206e+00 2.412063e+00 7.933643e-01 -2.347202e+00 -1.648593e+00 6.115362e+00 -5.895468e+00 -5.176871e+00
-2.150951e+00 1.545500e+00 -1.141290e-01 -3.583165e+00 4.083070e-01 6.190302e+00 -6.206724e+00 -1.256546e+00
-5.482595e-01 4.408479e+00 4.349869e-02 -6.697309e+00 1.913517e+00 7.911889e+00 -6.110939e+00 -6.247469e+00
-3.382773e+00 1.830387e+00 1.884627e-01 -3.715441e+00 1.449713e+00 5.991815e+00 -1.616003e+00 3.301943e-01
-4.058637e+00 3.852478e+00 3.325791e+00 -3.511572e+00 1.086410e+00 4.624102e+00 -9.591318e-01 -5.103989e+00
-2.564519e+00 4.204190e+00 4.749373e+00 -3.256679e+00 1.917636e+00 6.329907e+00 -3.966231e+00 -3.553677e+00
-2.165032e+00 6.658500e+00 3.332455e+00 -6.005045e+00 1.104716e+00 -1.171903e+00 6.475876e+00 -2.480193e+00
-2.800376e+00 5.000383e+00 7.596499e+00 -3.514631e+00 1.539780e+00 -1.502801e+00 1.416821e+00 -4.322534e+00
-1.151877e+00 3.599450e+00 5.248069e+00 -6.353124e+00 4.829256e-02 4.743502e+00 -4.750652e+00 -3.879260e+00
-3.954768e+00 4.691256e+00 3.673405e+00 -6.304892e+00 1.564124e+00 4.936597e+00 -4.623619e+00 -3.726783e+00
1.231910e+00 2.241726e+00 4.139812e-01 -2.451086e+00 -9.332030e-03 8.082767e+00 -6.366448e+00 -1.819179e+00
4.820933e-01 2.720265e+00 1.869289e+00 -2.579997e+00 -2.712114e-01 8.090995e+00 -8.186535e+00 -1.513852e+00
-4.405593e+00 6.343558e+00 2.809353e+00 -4.600537e+00 -9.001967e-01 1.925868e+00 -5.106481e+00 -4.105645e+00
3.830946e-01 6.837782e+00 3.347348e-01 -4.661947e+00 -2.424022e+00 8.346450e+00 -7.853774e+00 -4.101359e+00
-4.619034e+00 2.719908e+00 3.630736e+00 -3.441449e+00 -5.336157e-01 3.396133e+00 1.557743e-02 -4.394420e+00
-1.708716e+00 6.064209e+00 4.469798e+00 -4.867406e+00 -1.166076e+00 6.076744e+00 -8.519309e-01 -3.361539e+00
3.570348e-01 5.622275e+00 -1.688721e+00 -1.446040e+00 2.191370e+00 3.005716e+00 1.069357e+00 1.580251e+00
-3.782683e-01 5.802922e+00 -2.380438e-01 -3.162321e+00 1.720938e+00 1.775587e+00 2.522046e+00 1.708641e+00
-2.453862e+00 8.155303e+00 2.835688e+00 -7.474278e+00 1.932493e+00 7.353567e+00 1.894579e-01 -3.843706e+00
-6.221380e-01 6.806116e+00 -5.408024e-01 -6.972998e+00 2.242730e+00 9.547496e+00 -3.179341e+00 -2.916852e+00
-2.113650e+00 5.176124e+00 -3.707990e-01 -5.863628e+00 -2.240547e+00 6.792292e+00 -4.242634e+00 1.448600e+00
-1.447626e+00 7.331838e+00 1.257785e+00 -6.807979e+00 -3.109743e+00 7.587468e+00 -3.820423e+00 -2.452916e+00
-8.915589e-01 2.300529e+00 4.299159e+00 -1.019647e+01 5.030678e-01 3.327771e+00 -1.614190e+00 4.158494e-01
-1.501521e+00 2.790862e+00 5.622820e+00 -9.124503e+00 2.790291e-01 1.748016e+00 -1.877747e+00 -5.051457e-01
-1.433961e+00 9.047351e+00 4.128032e+00 -3.996137e+00 -1.134290e+00 -3.140209e+00 6.614690e+00 -4.846027e+00
-6.432914e-01 5.368222e+00 6.805340e+00 -3.627722e+00 5.982036e-01 5.224760e-01 6.740415e+00 -4.776929e+00
-3.578839e+00 4.705944e+00 3.566561e+00 -5.186020e+00 2.420389e+00 3.171510e+00 -1.673507e-01 -1.811195e+00
-3.017399e+00 4.586953e+00 3.350478e+00 -9.250216e+00 3.111878e+00 4.659235e+00 -8.837509e-01 1.937884e+00
-4.213219e-01 9.306545e+00 2.752792e+00 -5.979196e+00 1.663912e+00 4.305686e+00 9.214265e-01 -8.559314e-01
4.818876e-01 6.880781e+00 4.094697e+00 -2.752667e+00 3.000103e+00 5.399881e+00 3.082426e+00 4.948933e-01
-8.605092e+00 1.535071e+00 5.934890e+00 -2.549910e+00 -1.050537e+00 2.102067e+00 1.875115e+00 -1.355322e+00
-5.021691e+00 1.517973e+00 4.591108e+00 -5.453970e+00 -2.077636e+00 4.126498e+00 9.503736e-01 4.238420e-02
-3.119117e-01 9.208494e-01 1.945583e-01 -5.121551e+00 -4.601167e+00 4.198230e-01 2.117850e+00 4.696432e+00
-4.721613e+00 3.288248e+00 1.854635e-01 3.377520e-01 -1.637594e+00 3.994776e+00 2.989129e-01 6.207437e-01
-2.939554e+00 3.479692e+00 6.821183e+00 -4.848068e+00 2.229581e+00 2.352134e-01 8.633587e-01 -2.689301e+00
-2.963765e+00 2.400515e+00 5.523975e+00 -3.786769e+00 3.730672e-02 4.488872e-01 5.605579e-01 2.540143e-01
-1.038521e+00 6.297590e+00 -1.006564e+00 -3.179081e+00 -1.169182e+00 9.622520e-01 -2.527329e+00 -4.415916e-01
-2.213303e+00 4.874421e+00 9.614398e-01 -5.202549e+00 1.728340e+00 3.892707e+00 -1.578163e+00 -2.409281e+00
-3.277811e+00 8.530562e+00 1.775222e-01 -5.320333e+00 5.173001e+00 1.456547e+00 -9.710611e-02 -6.513297e+00
1.918676e-01 1.010128e+01 1.380725e+00 -6.902289e+00 2.818609e+00 1.069506e+00 2.890861e+00 -1.874193e+00
-3.297958e+00 8.774804e+00 4.599534e+00 -7.080979e+00 3.061172e+00 -9.504865e-01 2.874690e+00 -2.693006e+00
-1.933994e+00 5.445644e+00 5.490802e+00 -5.713979e+00 4.559653e+00 -7.144352e-01 2.489883e+00 -2.650262e+00
-3.003438e+00 8.213480e+00 1.899498e+00 -7.976897e+00 -6.239464e-01 7.939081e+00 -4.693721e+00 1.715341e-02
-2.234490e+00 8.757164e+00 8.334745e-01 -3.790992e+00 1.178094e+00 5.977005e+00 -5.180754e-02 1.894022e+00
-1.198163e+00 6.229705e+00 7.411844e+00 -1.463893e+00 -4.240347e+00 3.400605e+00 -5.307623e+00 1.313303e-01
-6.402655e+00 7.011069e+00 1.485080e+00 -7.068577e+00 1.386999e+00 6.964833e+00 -5.008983e+00 -1.914280e+00
-2.382487e+00 1.808772e+00 5.109629e+00 -3.044806e+00 -2.912660e+00 2.930943e+00 -4.570065e+00 -4.657749e+00
-2.633788e+00 5.110637e+00 6.624293e+00 -5.281701e+00 -1.020541e+00 6.435864e+00 -8.957439e+00 -5.273441e+00
-5.082548e+00 4.566726e+00 -3.635118e+00 -2.120971e+00 -2.998892e+00 4.123941e+00 -6.388391e+00 3.035913e+00
-2.304411e+00 4.596234e+00 -2.210896e+00 -4.499984e+00 -1.672001e+00 2.887732e+00 -2.787735e+00 4.779319e+00
-1.890637e+00 5.963280e+00 1.719308e+00 -2.035334e+00 -1.985490e+00 4.255355e+00 -5.749936e+00 2.587078e+00
-4.675837e+00 3.590288e+00 -3.885866e-01 -5.347808e+00 -2.505550e+00 8.539342e+00 -6.184112e+00 -4.399713e-01
-6.185469e+00 5.504076e+00 -4.582596e-01 -2.731040e+00 -4.100079e+00 3.039073e+00 -4.878838e+00 -2.556505e+00
-4.519902e+00 6.520547e+00 1.104398e+00 -3.857079e+00 1.717166e-01 5.401374e+00 -6.221894e+00 1.495155e+00
1.178342e-01 -1.925006e-01 2.517880e+00 -2.948255e+00 -5.641663e+00 4.664566e+00 -5.691649e+00 -3.388816e+00
-2.266485e-01 3.988070e+00 2.303969e+00 -4.657324e+00 -3.789984e+00 2.861215e-01 -4.060974e+00 -3.791278e+00
-5.089381e+00 2.594608e+00 3.047416e+00 -2.612756e+00 -1.786486e+00 3.937875e+00 -3.041505e+00 6.416776e-01
-6.453991e+00 1.990934e+00 2.730435e-01 -6.401703e+00 -4.584697e+00 3.057702e+00 -8.275560e+00 -1.302860e-01
-2.060834e+00 2.642954e+00 7.690197e-01 -6.070503e+00 -2.553002e+00 3.837880e+00 -5.984715e+00 1.648235e+00
-6.197247e+00 6.298606e+00 2.188226e+00 -4.672933e+00 -1.795551e+00 3.404191e+00 -7.678359e+00 2.064657e+00
-3.867982e+00 5.662102e+00 5.695797e+00 -3.087263e+00 -8.042133e-01 2.343067e+00 -1.949139e+00 -4.594405e+00
-1.325811e+00 5.308575e+00 3.157966e+00 -3.215787e+00 -6.607638e-03 3.652352e+00 -4.886023e+00 -1.038182e+00
-1.815380e+00 2.582609e+00 2.260589e+00 3.710911e-01 -3.595339e+00 3.783862e+00 1.780556e+00 -9.134799e-01
2.601528e-01 3.362000e+00 3.088501e+00 -3.117021e+00 -6.504111e+00 -8.432091e-02 1.639451e+00 1.687851e+00
-6.324890e+00 5.698212e+00 1.501460e+00 -3.891322e+00 2.524637e+00 6.778440e-01 -2.250550e+00 -1.091954e+00
-3.503698e+00 2.565863e+00 6.075723e-01 -4.637856e+00 1.098247e-01 2.470363e+00 -4.814874e-01 -8.840498e-01
-5.836601e+00 4.013815e+00 -1.216490e+00 -4.198133e+00 1.076072e+00 2.890044e+00 -3.623874e+00 2.018385e-01
-1.758068e+00 4.349742e+00 1.888967e+00 -4.849104e+00 1.181956e+00 3.437026e+00 -4.234263e+00 -1.506376e+00
-4.794842e-01 3.865893e+00 -1.827939e+00 -7.346946e+00 2.221916e+00 5.730866e+00 -6.698025e+00 1.864203e+00
-4.899772e+00 3.146091e+00 -7.238777e-01 -5.344076e+00 2.016739e+00 5.450435e+00 -3.480230e+00 1.856884e+00
-5.911495e+00 4.296013e+00 1.332652e+00 -3.250770e+00 -1.774557e+00 4.439802e+00 -9.540174e+00 5.101412e-01
-2.015053e+00 3.459804e+00 1.455288e+00 4.623833e-01 1.949468e-01 2.831591e+00 -8.311558e+00 -3.184151e+00
-5.164327e+00 5.836226e+00 9.655646e-01 -3.420198e+00 -1.341844e+00 5.501202e+00 -6.570395e+00 -3.416983e+00
-4.344452e+00 5.829936e+00 1.292427e+00 -3.525060e+00 -1.591974e-01 8.107627e+00 -8.779359e+00 -1.632275e+00
-4.681645e+00 2.774894e+00 1.143152e+00 -2.814532e+00 2.159099e+00 3.065326e+00 -6.029285e+00 -2.057623e+00
-4.303131e+00 7.767726e-01 2.868917e-01 -1.746332e+00 -3.869268e-01 4.653578e+00 -9.887705e+00 -7.852304e-01
-6.402955e+00 -3.777097e-01 7.604722e+00 -4.107045e+00 -4.329064e+00 -8.386545e-02 -8.382912e+00 -1.201709e+00
-5.787567e+00 4.685109e+00 6.595811e+00 -2.720550e+00 -1.366312e+00 1.207689e+00 -6.872633e+00 -2.838850e+00
-5.093444e+00 4.278069e+00 -2.947346e-01 -3.171447e+00 -1.435810e+00 4.185581e+00 -3.341055e+00 -1.342673e+00
-6.030544e+00 5.740893e+00 -2.608457e-01 -4.565668e+00 -1.105451e+00 2.162849e+00 -6.092175e+00 8.975501e-01
-2.297313e+00 6.959195e+00 3.685793e+00 -5.663282e+00 -4.043759e-01 3.946918e+00 4.201550e-01 -1.667913e+00
-3.617271e+00 5.763150e+00 9.227674e-01 -5.451685e+00 1.452369e+00 1.997049e+00 3.389255e-02 -4.971004e-01
-3.114854e+00 3.232886e+00 3.226562e+00 -3.303633e+00 -3.342720e+00 2.754097e+00 -3.859183e+00 -3.558213e+00
-7.569173e+00 8.185256e+00 1.239651e+00 -3.788961e+00 -1.302266e+00 4.533088e+00 -4.522301e+00 -2.376122e+00
-1.790243e+00 1.313745e+00 2.019016e+00 -1.659766e+00 -8.711589e-01 2.220107e+00 -7.269141e+00 -4.973191e+00
-3.531697e+00 4.060864e+00 2.989327e+00 -3.671426e+00 -1.438776e+00 7.530336e+00 -5.249634e+00 -2.500702e+00
-2.673212e+00 4.912164e+00 1.974450e+00 -3.241184e+00 -2.362902e+00 4.193211e+00 -5.053859e+00 -2.777912e-01
-3.283323e+00 5.987543e+00 3.290178e+00 -1.943816e+00 -4.333771e+00 2.787007e+00 -3.666693e+00 4.365493e+00
-3.098378e+00 2.696347e+00 3.609238e+00 -4.251887e+00 -2.000369e+00 -2.059422e+00 -5.527077e+00 1.899881e+00
-3.148172e+00 5.484793e-01 1.350911e+00 -5.374304e+00 -4.270741e+00 2.033040e+00 -5.027135e+00 1.972790e+00
-3.628506e+00 5.098284e+00 1.544896e+00 -5.433838e+00 -1.456462e+00 5.556295e+00 -6.479316e+00 1.892709e+00
-4.640524e+00 5.501197e+00 -5.333239e-01 -3.770416e+00 6.142225e-02 6.100419e+00 -5.557803e+00 4.450645e+00
-3.362502e+00 4.216109e+00 -2.334848e-01 -2.144747e+00 6.212349e-01 1.988808e+00 -2.658654e+00 -1.829419e+00
-4.329215e+00 5.434194e+00 -4.698023e-01 -2.710699e+00 -1.124880e+00 2.006290e+00 -2.742000e+00 -6.680982e-01
-5.307887e+00 4.805031e+00 1.777156e+00 -2.959849e+00 -2.515091e+00 -2.084876e-01 -7.814663e+00 -8.565354e-01
-6.945074e+00 7.358542e+00 5.366191e+00 -3.990598e+00 -2.962856e+00 3.255520e+00 -5.291272e+00 -7.782018e-01
1.373591e+00 5.357730e+00 7.186611e-01 -1.615397e+00 -4.902817e+00 5.819618e+00 -6.738829e+00 -2.178443e+00
-1.613982e+00 5.787414e+00 3.358610e+00 -6.097366e+00 -1.916128e+00 4.569408e+00 -2.770644e+00 -3.611085e+00
-2.352628e+00 4.094269e+00 3.770777e+00 -3.512767e+00 -3.745567e+00 3.179999e+00 -7.878344e+00 -5.194574e-02
-2.793604e+00 8.171254e+00 2.204156e+00 -1.951432e+00 -3.009890e+00 2.831489e+00 -2.634112e+00 -7.254353e-01
-1.623729e+00 5.000510e+00 4.215426e+00 -2.738832e+00 -2.256628e+00 1.122959e-01 -1.263733e+00 -3.678582e+00
-1.759355e+00 3.442407e+00 7.381401e+00 -6.807249e+00 -4.173676e+00 4.411726e+00 -4.260988e+00 -4.300030e+00
-1.290881e+00 4.880398e+00 9.736072e-01 -4.919255e+00 -1.391807e+00 2.476576e+00 -3.304395e+00 -2.753926e-01
3.958432e-01 6.406003e+00 3.947387e+00 -2.861089e+00 -4.539335e+00 2.843901e+00 -2.263981e+00 -7.506676e-02
-4.839523e+00 9.030994e+00 5.318283e+00 -2.166304e+00 2.233581e+00 4.651822e+00 2.086335e+00 -1.293873e+00
-2.006627e+00 5.160849e+00 6.102932e+00 -3.208648e+00 -1.698821e+00 2.080598e+00 8.283051e-01 -1.137720e+00
2.919802e-01 7.104561e+00 3.573861e+00 -8.293467e+00 -2.736369e-01 6.994631e+00 -1.404538e+00 2.655553e+00
-1.521669e+00 4.941415e+00 4.340270e+00 -5.492756e+00 -2.942490e+00 4.612504e+00 -3.383144e-01 -2.127635e-01
-4.853758e+00 6.101536e+00 1.979040e+00 -4.836551e+00 1.838920e+00 5.656913e+00 -4.305251e+00 -2.129823e-01
-2.581636e+00 5.706810e+00 -1.529070e+00 -4.025640e+00 -3.583748e+00 2.006770e+00 -5.130664e+00 -5.303148e+00
-4.776781e+00 5.045717e+00 4.957204e+00 -3.515071e+00 1.767066e+00 1.447960e+00 1.715083e+00 -2.922387e+00
-1.983621e+00 3.376607e+00 7.441934e+00 -5.604286e+00 3.783160e+00 1.341340e+00 2.741334e+00 -5.235252e+00
-4.732811e+00 1.963851e+00 5.119133e+00 -4.664516e+00 1.382081e+00 3.626100e+00 -3.192857e+00 -1.367750e+00
-1.044023e+00 4.753334e+00 4.181980e+00 -2.931431e+00 -2.271304e+00 -4.748138e-02 -1.236024e+00 -1.038687e+00
-3.102333e-01 5.679466e+00 6.838666e+00 -3.978385e+00 -3.832347e+00 7.252367e-01 2.794724e+00 -2.258257e+00
-2.526605e+00 4.654964e+00 5.671249e+00 -8.010062e+00 -4.407323e+00 3.368189e-02 2.966481e+00 -3.127123e+00
-4.827025e+00 4.353071e+00 2.305440e+00 -7.711983e+00 3.240191e+00 7.935227e+00 -5.004911e-01 -4.243020e+00
-7.811089e-01 2.360924e+00 3.241421e+00 -3.508853e+00 1.047117e+00 1.218075e+00 -5.551958e-01 -4.159442e-01
-1.856437e+00 5.163884e+00 7.506216e+00 -4.478612e+00 -4.137573e+00 6.062816e+00 4.541945e-01 -2.206663e+00
-2.409765e+00 6.620834e+00 5.551181e+00 -7.303638e+00 -1.731453e+00 5.632172e+00 -1.186840e+00 -5.852148e-01
-4.760359e-01 -2.514174e-01 1.510257e+00 -6.394858e+00 -1.875277e+00 5.787078e+00 -2.440410e+00 -1.710017e+00
-6.014215e-01 -4.072484e-02 1.701979e+00 -3.227262e+00 -2.820777e+00 4.673195e+00 -1.359560e+00 -3.072078e+00
-1.886295e+00 2.987392e+00 1.850284e+00 -2.608191e+00 -3.581050e-01 -3.248811e-01 -4.282514e+00 1.871628e+00
-8.997201e-01 7.323232e+00 1.331289e+00 -6.166095e+00 3.113026e-01 1.585012e+00 -1.319070e+00 -5.563617e+00
-3.170830e+00 4.992621e+00 9.181985e+00 -7.039464e+00 1.938796e+00 1.504957e+00 1.197592e+00 -9.608525e-01
-3.600089e+00 4.295781e+00 6.700044e+00 -7.786776e+00 1.802807e+00 4.180381e-01 2.566904e+00 -2.925455e+00
-3.825310e+00 1.920164e+00 4.400368e+00 -5.750408e+00 -1.019644e+00 4.321529e-01 2.000678e+00 -5.913147e+00
-2.446669e+00 -2.652184e-01 6.055013e+00 -4.549052e+00 3.827149e-01 2.876432e-01 3.969754e+00 -4.427599e+00
2.242133e+00 5.337266e+00 2.510297e+00 -3.376688e+00 5.415263e-01 4.162649e+00 -2.690812e+00 -5.464063e+00
2.069185e+00 4.543336e+00 1.185270e+00 -2.446001e+00 -3.113276e+00 1.185692e+00 -3.303333e-01 -4.412647e+00
-5.104542e+00 -4.971783e-01 3.679132e+00 -6.619741e+00 8.529362e-01 1.731431e+00 -8.969424e-01 -2.543168e+00
-3.655273e+00 1.607920e+00 5.290360e+00 -3.592330e+00 2.474348e+00 1.640057e+00 4.957703e-01 4.559058e-01
-2.450131e+00 -9.906053e-01 9.568194e+00 -3.518830e+00 -2.402214e+00 1.230340e+00 -1.700950e+00 -1.414008e+00
-5.804932e-01 7.046207e-01 2.453893e+00 -3.891515e+00 -3.001656e+00 4.509665e+00 -1.674035e+00 -1.831116e+00
-1.942418e+00 3.772154e+00 5.514631e+00 -3.336060e+00 -3.350875e+00 2.395142e+00 6.832287e-01 1.516098e+00
-4.716001e+00 4.411089e+00 5.501814e+00 -4.733528e+00 -1.661121e+00 3.919185e+00 -2.532900e+00 -5.533628e-01
-3.741418e+00 6.151430e+00 2.958138e+00 -3.439841e+00 -3.480098e+00 -1.584428e-01 7.965647e-01 -3.359552e+00
-2.926739e+00 4.198418e+00 2.729732e-01 -4.048935e+00 8.872987e-01 4.523505e+00 -2.519452e+00 -3.558024e-01
-3.137845e+00 1.230552e+00 -6.579727e-01 -1.545611e+00 7.778388e-01 2.989930e+00 -2.478361e+00 -1.133037e+00
-1.321407e+00 4.430326e+00 3.071535e-01 -3.307260e+00 -1.026902e+00 2.657464e+00 -3.309399e+00 -9.597715e-01
-4.756473e+00 3.428516e+00 2.261244e+00 -4.175204e+00 -2.902919e+00 5.492953e+00 -3.136268e+00 -6.650805e+00
-5.262949e+00 4.100117e+00 4.415262e+00 -6.192665e+00 -3.328285e+00 5.804474e+00 -5.496726e+00 -4.211310e+00
-3.183685e+00 3.600774e+00 3.460690e+00 -3.242799e+00 -5.818331e-01 2.615139e+00 4.945037e+00 -5.355130e+00
-2.054127e+00 7.455868e+00 4.001409e+00 -6.707670e+00 -1.635224e+00 4.199774e-02 9.728098e-01 -4.038855e+00
1.149870e+00 4.969385e+00 7.964825e+00 -8.800850e+00 1.844980e+00 3.816716e+00 2.936138e+00 -4.604993e-01
-1.109567e+00 6.897714e+00 8.373033e+00 -7.602558e+00 -7.842186e-01 2.047240e+00 -5.579497e-02 -1.409344e+00
-3.791508e+00 5.884146e+00 2.181681e+00 -7.355654e+00 -1.590516e+00 2.868748e+00 -2.265813e-01 -3.617558e-01
-4.500862e+00 6.217591e+00 2.455995e+00 -7.736258e+00 -1.316672e+00 6.914696e+00 -2.050193e+00 -1.859171e+00
-2.541937e+00 6.247613e+00 5.470499e+00 -3.224198e+00 -2.255982e-01 3.259260e+00 4.818612e+00 -1.023506e+00
-5.182413e+00 7.757386e+00 3.263734e+00 -4.033575e+00 -4.102575e+00 2.723839e+00 9.762177e-01 -3.144030e+00
-2.425762e+00 3.547551e+00 9.537857e-01 -2.698189e+00 -4.681945e+00 6.844686e-01 -4.631613e-01 1.603395e-01
-6.217875e+00 6.468536e+00 1.733693e+00 -6.208752e+00 -6.333455e-01 1.720168e+00 -2.212191e+00 3.435221e+00
-7.194850e+00 5.253785e+00 9.120127e+00 -8.697945e+00 -6.507694e-02 2.075110e+00 3.840829e-01 1.185411e+00
-2.537226e+00 3.780421e+00 6.132554e+00 -6.999967e+00 -1.591834e+00 2.892613e+00 -8.801455e-01 -5.324711e+00
-9.944205e-01 4.498937e+00 6.236512e+00 -3.705739e+00 -1.865545e+00 6.536795e+00 -1.463480e+00 -3.606799e-01
-3.438878e+00 6.701223e+00 6.020116e+00 -7.556612e+00 2.839478e-01 7.600177e+00 -3.166978e+00 2.265832e-01
-1.658485e+00 5.419218e+00 6.039494e+00 -6.233637e+00 1.892540e-01 4.404281e+00 1.128663e+00 -2.488814e+00
-8.340161e-01 7.593773e+00 3.678586e+00 -2.969501e+00 7.855230e-01 3.320924e+00 3.139913e+00 -4.190391e+00
-4.244141e+00 3.306017e+00 2.745649e+00 -7.246049e+00 -3.613610e+00 1.491167e+00 3.653382e+00 4.607602e+00
-3.234481e+00 2.520565e+00 6.672758e+00 -9.711556e+00 -2.001978e+00 4.401528e-01 4.113010e+00 9.657139e-01
-1.670821e+00 8.164776e+00 7.608219e+00 -8.082116e+00 2.576483e+00 -3.599357e+00 7.366241e+00 -4.952356e-01
-3.503894e+00 4.252174e+00 3.253914e+00 -5.486927e+00 3.499787e+00 -1.776748e+00 4.622205e+00 -4.845159e+00
-4.299004e+00 6.972104e+00 4.936977e+00 -6.963507e+00 8.415684e-01 4.040478e-01 -1.654961e+00 7.738577e-01
-2.093119e+00 4.799306e+00 1.124491e+00 -4.048709e+00 4.660839e-01 5.070467e+00 1.918055e-01 -1.337670e+00
-3.103886e+00 3.781335e+00 -2.413847e+00 -2.344951e-01 -1.943740e+00 2.071768e+00 -3.738844e+00 -1.021644e+00
-6.596095e+00 6.351930e+00 2.180679e+00 -5.514243e+00 -1.352291e+00 3.403473e+00 -4.871121e+00 2.789886e+00
-7.887858e-01 7.117474e-01 6.005223e+00 -3.337775e+00 -3.888103e+00 7.337311e-01 -4.758639e+00 -1.026689e+00
-3.256741e+00 6.319397e+00 4.127351e+00 -3.489193e+00 -2.599649e+00 3.296795e+00 -5.034207e+00 -1.646732e+00
-7.197850e+00 5.126804e+00 5.146099e+00 -4.242852e+00 -1.896525e+00 6.886800e+00 -5.726376e+00 8.389370e-01
-3.743334e+00 4.271603e+00 -1.375402e+00 -5.289396e+00 2.866538e-01 6.011190e+00 -4.441355e+00 -1.023051e+00
-2.467459e+00 2.052540e+00 3.048671e+00 -9.160238e+00 -1.836488e-01 3.646886e+00 -2.857333e+00 2.571667e-01
-4.662966e+00 5.112149e+00 3.401180e+00 -6.981932e+00 7.375812e-01 3.794637e+00 -6.557337e+00 3.058029e+00
-6.526901e+00 3.450740e+00 4.172493e+00 -4.399921e+00 -2.392427e+00 1.695933e+00 -3.019420e+00 -5.071692e+00
-2.965252e-01 3.450146e+00 4.248104e+00 -1.956627e+00 -3.530086e+00 -1.356170e+00 2.578156e+00 -5.304648e+00
-7.473798e+00 1.156115e+00 4.384491e+00 -3.380365e+00 -1.041859e+00 2.251638e+00 -5.227244e+00 -9.853483e-01
-6.396320e+00 8.444328e+00 1.333034e+00 -1.541318e+00 -2.144698e+00 2.816901e+00 -1.798384e+00 -1.995420e+00
-2.843062e+00 6.399491e+00 1.729784e+00 -4.340119e+00 1.666969e+00 5.852897e+00 -3.828182e+00 6.573030e+00
-7.419426e+00 6.225206e+00 1.588111e+00 -4.459450e+00 6.920187e-01 2.125159e+00 -3.567281e+00 2.724925e+00
-3.960385e+00 5.169857e+00 1.819558e+00 -7.203378e+00 -2.615480e+00 1.572714e+00 -3.691452e+00 -1.513976e+00
-3.047494e-01 8.661023e+00 -3.051315e+00 -2.330161e+00 -1.117314e+00 6.468175e-01 -5.756226e+00 4.493779e-01
-2.240377e+00 6.754194e+00 1.692674e+00 -3.220782e+00 -4.268270e+00 5.773973e+00 -3.763220e+00 8.969936e-03
-9.360629e+00 5.673184e+00 2.622500e+00 -4.026277e-01 1.171413e-01 4.152487e+00 -4.281580e+00 -1.573113e+00
-3.392195e+00 6.039637e-01 4.059693e+00 -4.779280e+00 1.826186e+00 3.134591e+00 -5.838053e+00 -3.395714e+00
-7.921691e+00 2.026612e+00 2.045964e+00 -5.899720e+00 2.319330e+00 -1.831197e-01 1.101313e+00 3.607142e-02
-1.005331e+00 4.575746e+00 9.590555e-01 -4.382281e-01 4.656977e-01 1.229684e+00 -3.886444e+00 -2.158244e-02
-4.677024e+00 3.558688e+00 1.715194e+00 -2.144476e+00 -1.460494e+00 2.613724e+00 -8.718273e+00 -3.666367e+00
-4.714935e+00 5.696846e+00 2.983380e+00 -3.657257e+00 -4.735298e+00 3.236947e+00 -4.123886e+00 -4.783857e+00
-4.254130e+00 4.348148e+00 1.337782e+00 -6.020331e+00 6.864058e-01 6.019651e+00 -2.719787e+00 4.407011e-01
-4.537403e+00 3.524325e+00 3.439630e+00 -9.477260e+00 -1.649631e+00 7.980652e+00 -9.888008e+00 -4.480256e-01
-2.774977e+00 3.468325e+00 2.136993e+00 -1.395334e+00 -5.266687e+00 2.873972e+00 -3.103496e+00 -2.706155e-01
-1.787282e+00 5.852527e+00 3.147111e-01 -3.152474e+00 -1.291193e+00 6.511830e-01 -1.944528e+00 -3.536977e+00
-3.337707e+00 2.559367e+00 2.686187e+00 -3.026601e+00 1.761757e+00 4.926690e+00 -5.255789e+00 -2.043233e+00
-2.908390e+00 2.165593e+00 3.492793e+00 -5.369130e+00 -3.058053e+00 3.861803e+00 -7.698889e+00 9.670224e-01
-2.429737e+00 2.919918e+00 3.770865e+00 -9.990391e+00 1.798820e+00 2.280234e+00 -2.837346e+00 7.995541e-01
-1.606276e+00 8.618252e+00 6.268806e+00 -3.996859e+00 -2.976773e+00 8.870542e+00 -2.610399e+00 1.468703e+00
-4.502480e+00 6.402074e+00 2.593148e+00 -8.841104e+00 4.106454e-01 8.646742e+00 -4.598510e+00 -1.253230e+00
3.970521e-01 3.261749e+00 5.510286e+00 -6.258528e+00 -4.942661e-01 3.743031e+00 -7.675542e-01 -1.741873e+00
-4.333846e+00 5.999498e+00 9.174633e+00 -4.655745e+00 -1.949040e-01 2.020309e+00 3.205728e-01 -1.757678e+00
-1.618721e+00 3.026694e+00 6.128603e+00 -3.537020e+00 -3.432857e+00 1.453572e+00 -5.789432e+00 -2.471515e+00
-1.052024e+00 5.982123e+00 6.553740e+00 -5.828072e+00 -2.214331e+00 2.993282e+00 -3.664190e+00 -2.684749e+00
-4.745405e-01 8.897843e+00 2.616239e+00 -2.925540e+00 -1.045175e+00 3.877919e+00 -4.607949e-02 2.193881e+00
8.907799e-01 5.501202e+00 2.465416e+00 -4.400280e+00 1.566531e-01 -1.804281e+00 3.209135e-02 -4.335691e+00
-3.252441e+00 8.571520e+00 4.284912e+00 -6.215472e+00 -2.492836e+00 3.001951e+00 -4.848363e-01 2.241546e+00
-3.251687e+00 6.675685e+00 -9.255845e-01 -5.075671e+00 -3.529153e-01 1.516358e+00 -4.109183e+00 -2.509776e+00
-4.411004e+00 6.149206e+00 6.227129e+00 -5.929497e+00 3.439225e+00 -1.372076e+00 4.506013e+00 2.361042e+00
-5.261858e+00 4.524111e+00 2.320723e+00 -6.978381e+00 -1.082385e+00 5.840995e+00 -3.877948e+00 -1.796869e+00
-4.443076e+00 8.639271e+00 8.212708e+00 -4.145948e+00 -1.651988e+00 3.719230e+00 2.124719e-01 2.705453e-01
-4.089748e+00 5.215300e+00 5.895585e+00 -5.994523e+00 -1.557799e+00 8.822181e-01 -1.874546e+00 -1.762640e+00
-2.676864e+00 6.765839e+00 2.971214e+00 -7.085655e+00 1.398294e+00 3.768469e+00 -7.826512e+00 1.683685e+00
-1.597194e+00 2.071367e+00 8.006240e+00 -3.738620e+00 -3.054326e+00 1.671741e+00 -2.898316e+00 4.118230e-01
-3.133749e+00 9.232878e+00 2.231460e+00 -6.120307e+00 1.920619e-01 2.622792e+00 -1.625744e+00 -2.173264e+00
-1.138216e+00 3.983689e+00 5.453904e+00 -5.023102e+00 1.586168e+00 2.077277e+00 4.107070e+00 1.226581e+00
-2.930891e+00 6.898587e+00 5.685561e+00 -1.962278e+00 -1.888022e+00 1.288981e+00 2.182545e+00 -3.338660e-01
-1.033602e+00 4.882018e-01 2.926607e+00 -5.642657e+00 8.188677e-01 -3.163458e-01 -3.481466e-01 4.712462e-01
2.720703e-01 -2.288946e+00 -5.442460e-01 2.603384e-01 -1.066249e+00 2.716255e+00 -1.998992e+00 -3.067306e+00
-5.563360e+00 3.163365e+00 -3.863175e+00 -1.956114e+00 -8.058398e-01 4.733465e+00 -1.045934e-01 -4.061612e+00
-1.379044e+00 5.667476e+00 1.455910e+00 -6.428062e+00 -2.354492e+00 1.642217e+00 -5.242111e+00 -4.260801e-01
-1.284659e+00 5.018511e+00 8.827183e+00 -7.388197e+00 2.248710e+00 -2.267703e+00 1.220987e+00 -1.045143e+00
-4.339223e+00 5.433616e+00 5.251412e+00 -2.619194e+00 1.193036e+00 3.619027e+00 2.907544e+00 -4.243929e+00
-2.860234e+00 7.825721e+00 5.432023e+00 -5.949179e+00 3.071614e-01 -3.752139e-01 -3.894164e+00 -2.489204e+00
-4.899063e+00 4.836236e+00 5.699031e+00 -6.756283e+00 1.760196e+00 2.368253e+00 -4.549447e+00 -8.387458e-01
1.007141e+00 3.061071e+00 -1.197642e+00 -1.042846e+00 -3.344707e+00 2.131374e+00 -3.169098e+00 -1.787247e+00
-2.695476e+00 2.409641e+00 2.613468e+00 3.946833e-01 -2.305832e+00 1.562535e+00 1.767370e+00 -3.019205e+00
-4.070810e-01 2.764395e+00 4.203123e+00 -7.526905e+00 -2.274992e-02 6.089017e+00 -1.378065e+00 -1.374165e+00
-1.987731e+00 4.511118e+00 -1.536573e+00 -2.192436e+00 -3.855651e+00 2.596956e+00 -2.050682e+00 -9.995620e-01
-5.707501e+00 5.124281e+00 2.718648e+00 -7.209860e+00 -2.962305e+00 1.662886e+00 -5.053465e+00 3.273462e-01
-5.567451e+00 1.620618e+00 6.290781e+00 -6.105650e+00 -3.099734e+00 -3.390789e-01 -4.416051e+00 -2.658944e+00
-1.210611e+00 4.539774e+00 3.212435e+00 -2.297115e+00 -1.753874e+00 4.353772e+00 -4.893336e+00 -3.757694e+00
-4.906396e+00 4.570369e+00 2.624202e+00 -7.794783e-01 -4.925375e+00 3.825685e+00 -3.909614e+00 -6.514597e-01
-4.964097e+00 6.044523e+00 2.104364e+00 -4.420249e+00 -1.388046e+00 5.288853e+00 -6.844112e+00 -2.523113e+00
-3.267507e+00 2.676157e+00 4.209124e+00 -4.867857e+00 2.223962e-01 3.883527e+00 -4.307137e+00 -8.164149e-02
-7.098091e-01 5.812178e+00 3.614483e+00 -5.393107e+00 -1.007817e-02 6.491527e+00 -1.186941e+00 -4.643972e-01
-6.027529e+00 3.221185e+00 5.251187e+00 -3.918951e+00 -2.107571e+00 3.018483e+00 -5.922671e+00 -5.907644e+00
-3.100679e+00 7.193542e+00 7.128705e+00 -4.771499e+00 -1.742033e+00 7.542847e-01 -1.392276e+00 -5.363700e+00
-8.526367e+00 3.536630e+00 2.849683e+00 -1.842392e+00 4.297096e-01 1.320225e+00 -1.294688e+00 -1.225862e-01
-2.040478e+00 6.916274e+00 1.889524e+00 -3.191498e+00 -2.718667e+00 4.039009e+00 -3.830065e+00 -1.037221e+00
-3.717194e+00 7.496823e+00 1.964628e+00 -4.193364e+00 -5.079130e-01 5.108980e+00 -5.116422e+00 4.023926e+00
-5.767851e+00 5.412400e+00 5.611697e+00 -6.559624e+00 -1.502192e+00 2.891430e+00 -1.981672e+00 -2.029074e+00
-1.634547e+00 5.055995e+00 1.628744e+00 -6.246163e+00 -1.338035e+00 2.837417e+00 -3.176623e+00 -7.279307e-01
-8.205544e-01 8.880640e+00 1.190074e+00 -4.425273e+00 8.152221e-01 5.700637e+00 -5.914551e+00 4.552338e-01
-3.800263e+00 5.214267e+00 2.148709e+00 -3.072507e+00 -8.128207e-01 2.577213e+00 -4.981188e+00 1.643057e+00
-5.779226e+00 3.842185e+00 2.101580e+00 -1.960140e+00 7.957747e-01 3.235086e+00 -8.365712e+00 3.199113e+00
-3.103554e+00 2.086090e+00 3.413959e+00 -1.984108e+00 -1.549820e-01 3.341384e+00 -5.813720e+00 -1.369318e+00
-1.821591e+00 6.337138e+00 3.680900e+00 -2.041047e+00 -1.837503e+00 -1.017750e-01 2.169135e+00 -1.970304e+00
-4.636592e+00 9.656159e+00 2.343283e+00 2.815862e-01 -7.591905e-02 1.280474e+00 -2.801502e+00 -4.985337e+00
-5.353128e+00 3.409970e+00 2.775632e+00 -5.365600e+00 7.413374e-01 4.033207e+00 -9.951170e+00 -2.712054e+00
-2.420797e+00 5.148000e+00 1.056404e+00 -2.960917e+00 -1.027808e+00 2.646166e+00 -3.577372e+00 -2.175123e+00
-3.400781e+00 5.392970e+00 -2.366339e+00 -6.375614e+00 -1.745599e+00 4.306515e+00 -1.008753e+00 2.429102e+00
-4.427696e+00 3.740351e+00 -2.695169e-01 -8.019127e+00 1.115922e+00 7.529111e+00 -5.637714e+00 1.677332e+00
-4.823724e+00 3.975392e+00 6.968502e-01 -2.023860e-01 2.064766e+00 2.875261e+00 7.755207e-01 -2.836440e+00
-7.397626e-01 5.261765e+00 2.697468e+00 -3.353294e+00 -1.904404e+00 1.578531e+00 -2.715855e+00 -3.491045e+00
5.330233e-01 5.211143e-02 -1.203486e-02 -4.132297e+00 -1.579380e+00 1.392537e+00 -6.071354e+00 2.919801e-01
-3.644086e+00 3.739636e+00 3.714432e+00 -5.394894e+00 -2.838437e-02 1.252666e+00 -5.798689e+00 -3.271733e+00
-2.102522e-01 2.349575e+00 1.763922e+00 -1.066226e+01 4.494271e+00 3.184294e+00 -4.281291e+00 2.428146e-01
-1.943750e+00 7.477231e+00 1.432861e+00 -5.249646e+00 3.629240e-01 9.795611e+00 -3.648004e+00 -1.343638e+00
-2.319512e+00 8.569445e+00 9.883306e-01 -7.850806e+00 1.297808e+00 6.175133e+00 -2.868963e+00 -2.681379e+00
5.863753e-01 2.492328e+00 4.086708e+00 -8.119639e+00 -1.212812e+00 4.502824e+00 -3.441137e+00 2.869083e-01
-5.967231e+00 7.090515e+00 6.563079e+00 -3.490477e+00 1.548763e+00 1.679064e-01 -1.733654e+00 5.411604e-01
-3.642425e+00 4.029336e+00 7.826294e+00 -6.104037e+00 -2.188546e+00 2.288666e+00 -3.652340e+00 -9.628256e-01
-7.394184e+00 4.053395e+00 2.589302e+00 -5.660537e+00 -2.162756e+00 3.700803e+00 -3.141766e+00 -1.957192e+00
-2.981161e+00 5.572849e+00 2.257945e+00 -3.232757e+00 2.003723e-01 3.415695e+00 -1.520672e+00 2.871164e-01
-3.674558e+00 6.368297e+00 6.389064e+00 -4.694032e+00 1.329392e+00 7.556199e-01 3.406477e+00 -5.925575e+00
-2.261248e+00 7.215491e+00 5.268326e+00 -4.468623e+00 -4.100523e-01 7.924048e-01 -1.498713e+00 -2.957724e+00
-2.373954e-01 5.917269e+00 1.791287e+00 -5.090016e+00 -1.463362e+00 5.746704e-01 -3.050600e+00 -6.324324e+00
-4.633464e+00 7.686268e+00 8.838757e+00 -8.638275e+00 2.544937e+00 4.289119e-01 -2.150254e+00 9.596647e-02
-5.642953e+00 3.914042e+00 1.913246e+00 -9.583078e-01 9.793950e-01 6.220350e+00 -4.997663e+00 -2.154597e+00
-2.654939e+00 5.270568e+00 4.857501e+00 -6.606654e+00 -1.169946e+00 6.780561e+00 -1.845441e+00 -2.989783e+00
-6.955808e-01 4.630332e+00 6.807486e+00 -7.956655e+00 -5.854163e-01 1.962405e+00 -3.013168e+00 -5.348338e-01
-3.986269e+00 2.157456e+00 3.799695e+00 -3.825162e+00 8.501005e-01 1.463286e+00 -7.475338e+00 -3.009320e-01
-3.607357e+00 3.668365e+00 2.471066e+00 -4.370826e+00 -4.596127e+00 2.280296e+00 -2.616953e+00 -1.356534e+00
-4.592261e+00 1.006393e+01 4.682625e+00 -8.338081e+00 -1.321570e+00 2.769052e+00 -2.342413e+00 -2.241657e+00
1.029970e+00 4.617802e+00 7.703669e+00 -2.358641e+00 3.954145e+00 2.387731e-01 3.283718e+00 -3.050658e+00
-1.923125e+00 2.907795e+00 3.341443e+00 -3.020054e+00 -3.639877e+00 3.431921e+00 -2.445582e-01 -3.053049e+00
-3.616884e+00 1.146552e+00 6.677339e+00 -7.023632e+00 2.229150e+00 4.225279e+00 -1.033595e+00 -5.761385e-01
-7.748987e-01 2.337998e+00 4.548845e+00 -4.809645e+00 -1.566445e+00 5.196236e+00 -3.837084e+00 -4.789447e+00
-3.319535e+00 1.147273e+00 -2.320415e+00 -2.215043e+00 -1.815482e+00 8.509977e-01 -1.887354e-01 -2.378043e+00
-2.010903e+00 3.283657e+00 1.243065e+00 -7.675902e+00 -1.676749e+00 1.102426e+00 -2.137508e+00 -3.125657e-01
2.180738e-01 5.759341e+00 9.060966e+00 -5.948394e+00 3.841607e+00 1.092285e+00 1.819488e+00 -2.951658e+00
-3.051349e+00 5.585819e+00 5.377068e+00 -6.940011e+00 -3.275853e-01 5.347194e+00 5.910119e-01 -3.689702e+00
-4.649978e+00 9.029776e+00 5.014466e+00 -8.494552e+00 1.177080e-01 1.391839e+00 -4.337924e-02 -2.989605e+00
-2.466731e+00 4.821417e+00 9.621456e+00 -7.613116e+00 -1.613132e+00 4.552419e+00 4.926754e-01 -1.257514e+00
-1.082177e-01 4.244276e+00 1.440106e+00 -2.173878e+00 -2.447000e+00 4.441711e+00 3.336699e-01 -8.022483e-01
-4.545292e+00 2.383644e-01 2.366153e+00 -4.606806e+00 -9.426029e-01 8.526180e-01 1.643586e+00 1.372928e+00
-5.313863e+00 7.212085e+00 8.571147e+00 -7.784631e+00 1.042292e+00 3.749126e+00 -4.666079e+00 1.055284e+00
1.141369e-01 5.314127e+00 3.424498e+00 -3.561422e+00 -2.989424e+00 4.456390e+00 -6.308902e+00 -1.558077e+00
-4.552343e+00 6.598453e+00 3.456098e+00 -2.640156e+00 -1.059447e+00 2.607610e+00 -6.593335e+00 -5.057338e-01
-1.385874e+00 4.480550e+00 6.107577e+00 -2.849680e+00 -4.355744e+00 3.504208e+00 -2.433777e+00 -3.666255e+00
-2.156484e+00 5.792338e+00 5.946427e+00 -1.567094e+00 -3.664452e+00 3.213589e+00 -3.771392e+00 -6.374887e+00
-5.028888e+00 -3.925849e-02 1.816096e+00 -9.321711e-01 -2.401323e+00 -1.567220e+00 -2.391041e+00 -1.531605e+00
-6.146281e+00 3.983750e+00 3.050974e+00 -3.858725e+00 -1.999891e+00 8.817373e-01 -4.351049e+00 -1.644101e-01
-2.704605e+00 4.075994e+00 1.214156e+00 -3.086229e+00 1.558967e+00 3.466177e+00 -3.125663e+00 -3.097725e+00
-7.220307e+00 7.210512e+00 1.306055e+00 -8.208819e-01 1.915203e+00 3.884951e+00 -3.747112e+00 -4.247241e+00
-2.238731e+00 4.077633e+00 6.310305e+00 -3.521568e+00 -1.147945e+00 4.177843e+00 1.110307e+00 -8.477774e-01
-2.108644e+00 5.879326e+00 7.248424e+00 -1.954426e+00 -1.938950e+00 4.378069e+00 2.894379e+00 2.433986e+00
-3.430140e+00 4.333795e+00 9.077389e-01 -2.085746e+00 -5.487852e+00 4.872163e+00 -4.861466e+00 -1.195696e+00
-3.717673e+00 4.961228e+00 5.032706e+00 -6.899945e-01 -2.831947e+00 9.151293e-01 -6.047431e+00 5.327831e-01
-6.716200e+00 6.014603e+00 4.730872e+00 -8.351790e-01 -2.983000e+00 2.257224e+00 -5.415531e+00 -9.552348e-01
-6.664073e+00 4.013231e+00 4.252088e+00 -1.250139e+00 -3.465422e+00 7.562082e+00 -4.041442e+00 -4.628309e+00
-3.814889e+00 5.688643e+00 3.724397e+00 -1.811784e+00 5.657729e-01 5.806693e+00 -7.816444e+00 -1.319078e+00
-3.591750e+00 5.253283e+00 6.410550e+00 -5.285553e+00 2.137105e+00 5.740825e+00 -7.775290e+00 -7.138690e-01
-1.538335e+00 5.620979e-01 -2.651951e+00 -2.259942e+00 -1.532555e+00 4.990760e+00 -7.991160e+00 -1.337966e+00
-3.712049e+00 3.735936e+00 -2.181418e+00 -1.075967e-01 -3.602507e+00 3.826176e+00 -5.836824e+00 -1.511499e+00
-4.356465e+00 6.658993e+00 3.022892e+00 -7.817417e+00 -9.086708e-01 3.890533e+00 -4.555635e+00 -1.195126e+00
-5.228790e+00 6.009553e+00 3.086015e+00 -4.893645e+00 -1.719774e+00 4.279704e+00 -2.230349e+00 -1.423632e+00
-5.366185e+00 4.353571e+00 5.271884e+00 -6.866217e+00 8.057087e-01 3.198241e+00 -2.146612e+00 2.890655e+00
-2.934564e+00 3.392778e+00 4.431103e+00 -3.401191e+00 -4.191090e+00 -1.848819e-01 -4.390796e+00 -1.289247e+00
-2.194458e+00 4.641825e-01 4.629619e+00 -3.235561e+00 -1.281548e+00 -4.244322e-01 -4.839079e-01 -5.986375e-04
-2.898549e+00 1.130303e+00 3.724592e+00 -6.988119e-01 -3.620605e+00 4.943090e-01 1.014798e+00 -2.432819e+00
-2.306921e+00 2.922452e+00 6.721391e+00 -3.551943e+00 -1.980815e+00 5.337725e+00 -3.778501e+00 -2.108784e+00
-4.315680e+00 7.539145e+00 4.756713e+00 -5.184295e+00 -1.847784e+00 3.655428e+00 -4.602035e+00 -2.387108e+00
-1.362111e+00 4.792147e+00 3.326000e+00 -5.357468e+00 -2.687289e+00 1.625306e+00 -4.717104e+00 -9.529143e-01
-3.216736e+00 6.794587e+00 -1.642980e-01 -5.703759e+00 2.265747e+00 5.932380e+00 -5.115023e+00 -8.499126e-02
-2.550732e+00 4.228710e+00 3.175563e+00 -3.455829e+00 -1.562753e-01 9.167142e-01 -2.815120e+00 -1.256500e+00
-4.708040e+00 8.234728e+00 2.186881e+00 -3.385287e+00 -4.537869e+00 2.527889e+00 -6.867071e+00 -2.745203e+00
-5.876809e+00 -2.075308e+00 6.601988e+00 -5.361415e+00 -2.014565e+00 2.825640e+00 3.041002e+00 -7.172879e+00
-1.606009e+00 1.342796e+00 2.376497e+00 -4.576703e+00 -2.495640e+00 1.473614e-02 6.766863e-01 -4.094228e+00
-3.891345e+00 9.316693e+00 9.259634e-01 -7.555546e+00 1.326473e+00 3.134580e+00 1.171650e+00 4.784150e+00
-6.713665e+00 3.864348e+00 1.347975e+00 -4.867524e+00 1.622930e-01 2.286425e+00 3.193921e+00 1.827156e+00
-2.759066e+00 7.161158e+00 4.406892e+00 -5.802671e+00 -2.649901e+00 1.055797e+01 -1.366362e+00 -4.924920e-01
-4.609786e+00 5.972386e+00 1.275417e+00 -8.531256e+00 7.059939e+00 7.174985e+00 -6.009295e+00 -3.068648e+00
5.555341e-01 4.242624e+00 1.944861e+00 -1.011514e+01 1.444652e+00 5.208846e+00 -4.939670e+00 -6.189673e-01
-1.693369e+00 3.689281e+00 1.575746e+00 -6.322110e+00 -1.241085e+00 8.647389e+00 -5.583288e+00 -2.412833e-01
1.053109e-01 4.856945e+00 5.246462e+00 -6.494991e+00 1.986762e+00 3.451897e+00 4.043016e+00 1.195319e-01
4.575135e-01 7.329187e+00 6.237855e+00 -6.113561e+00 -8.270576e-01 1.376751e+00 5.816813e+00 -1.429801e+00
9.661796e-01 6.631236e+00 4.741120e+00 -7.567292e+00 4.601540e-01 -3.405907e+00 5.096806e+00 -7.677968e-02
3.562667e+00 4.248992e+00 9.498905e+00 -4.970814e+00 5.284571e-01 -1.317343e+00 5.281426e+00 -8.692728e-01
-4.066131e+00 5.547744e+00 5.067701e+00 -1.043117e+01 2.015964e-01 3.730499e+00 -2.457914e+00 -1.120749e+00
-3.170278e+00 4.619326e+00 3.956552e+00 -7.083131e+00 1.480666e+00 4.206403e-01 -2.531935e+00 2.215553e-01
-2.030606e+00 7.965379e+00 8.263739e+00 -6.312532e+00 -1.931103e+00 5.848211e+00 5.716186e-01 -4.760733e+00
-4.832849e+00 4.155097e+00 5.823999e+00 -8.216514e+00 4.166689e+00 3.366064e+00 -2.929827e+00 1.733110e+00
-1.765601e+00 2.994808e+00 4.441992e+00 -5.021030e+00 -3.611675e+00 1.423677e+00 -4.965362e-01 -1.239954e+00
-3.818439e+00 5.364393e-02 2.733215e+00 -7.929812e-01 -4.274852e+00 3.903115e+00 2.590698e-01 7.209601e-02
-1.478770e+00 2.895876e+00 -7.431741e-01 -5.840773e-01 -6.341161e+00 1.547988e+00 -3.523096e+00 -2.629667e+00
1.560546e+00 1.680250e+00 2.415467e+00 -2.135508e+00 -7.205880e+00 3.296068e+00 -4.548460e+00 -2.549268e+00
-3.025713e+00 -3.997749e-01 6.406200e+00 -4.828429e+00 8.512187e-01 1.824977e+00 -3.085276e+00 1.593584e+00
-2.213875e+00 6.375848e+00 6.455274e+00 -5.808801e+00 4.685141e-01 1.065193e+00 -3.911678e+00 -2.098498e-02
-5.129645e-01 8.269675e+00 7.068152e-01 -9.172433e+00 3.427862e+00 4.359671e+00 -1.824831e+00 -3.885977e+00
-1.771978e+00 3.216902e+00 9.111864e-01 -5.563080e-01 2.476487e+00 2.747881e+00 -6.136304e+00 8.923806e-01
-2.435859e+00 9.458063e+00 2.317981e+00 -4.788120e+00 2.943028e+00 1.083403e-01 -6.946607e-01 -1.534842e+00
-2.436920e+00 6.339111e+00 1.535686e-01 -6.568303e+00 3.586975e+00 1.072292e+00 3.812140e-01 -1.815510e-02
-3.558775e+00 7.855816e+00 1.006415e+01 -7.863525e+00 5.540497e+00 -4.137150e-01 9.813738e-01 -5.365314e+00
-2.948590e+00 3.704469e+00 5.932224e+00 -8.319133e+00 1.424687e+00 1.422437e+00 2.040199e+00 8.474141e-01
-4.903729e+00 8.157209e+00 3.081478e+00 -9.438578e+00 2.513258e+00 7.022709e+00 -6.154789e+00 1.680489e+00
-6.430912e-02 6.764457e+00 5.205874e+00 -6.591215e+00 1.005337e+00 3.684530e+00 -2.416448e+00 7.278286e-01
