-1.609744e+01 2.128678e+00 -1.722538e+01 3.766733e+00
-9.883982e+00 8.887240e+00 -1.206910e+01 3.472422e+00
-1.012631e+01 2.747362e+00 -1.313168e+01 3.963563e+00
-1.185707e+01 7.202770e+00 -1.843025e+01 2.279898e+00
-1.087530e+01 6.228920e+00 -1.040148e+01 1.909646e+00
-1.221954e+01 4.382977e+00 -8.055022e+00 1.376346e+00
-1.100298e+01 6.291055e+00 -8.657080e+00 -1.885457e+00
-1.212102e+01 4.755213e+00 -2.260386e+01 8.686705e-01
-1.681029e+01 1.194596e+00 -1.549964e+01 2.821332e-01
-1.517496e+01 9.810633e+00 -1.448950e+01 5.461715e+00
-4.438666e+00 -2.605856e+00 -8.185164e+00 1.795632e+00
-8.304918e+00 -5.889276e+00 -2.243539e+00 4.324794e+00
-5.355563e+00 -2.885168e-01 -1.471657e+01 5.988508e+00
-4.514433e+00 -2.909725e+00 -1.529294e+01 3.152690e+00
-6.602776e+00 4.516030e+00 -4.280223e+00 5.466227e+00
-1.557245e+00 7.453190e+00 -2.997041e+00 7.530940e+00
-5.657666e+00 5.279469e-01 -1.002895e+01 8.709280e-01
-9.822456e+00 -6.506211e+00 -9.204280e+00 4.883477e+00
-5.418188e+00 -5.299579e+00 -9.641463e+00 5.211684e+00
-5.578218e+00 -2.684939e+00 -7.567482e+00 -1.317065e-02
-4.358481e+00 -5.988293e+00 -6.767727e+00 5.952336e-01
-1.073251e+00 -2.754225e+00 -4.830801e+00 -3.920459e+00
-6.373136e+00 -1.678330e+00 -5.291649e+00 3.366102e+00
-6.651812e+00 1.644601e+00 -3.308812e+00 3.527958e+00
-7.593794e-01 -4.847682e+00 -3.079589e-01 2.653890e+00
-5.358566e-01 -5.007098e+00 1.492509e+00 3.653401e+00
-1.138002e+01 1.035554e+00 -7.082951e+00 3.346522e+00
-5.789359e+00 3.799302e-01 -5.607751e+00 3.881164e+00
8.075967e-01 -5.139227e+00 1.634597e-01 -1.016448e+00
-9.263630e-01 -2.534438e+00 -1.799713e+00 -4.089622e+00
-4.077070e+00 -1.935557e+00 -7.462263e+00 3.611867e+00
-1.785327e+00 -2.977327e+00 -4.725943e+00 6.078159e+00
-3.120972e+00 -1.769194e+00 2.767240e-01 2.492371e+00
-3.592388e+00 1.170976e+00 -9.038592e-01 2.494761e+00
4.842949e+00 5.121014e+00 -6.559555e+00 1.913386e+00
4.481870e-01 1.233541e+00 -6.520212e+00 3.387470e+00
-7.478575e+00 -3.108563e-01 -1.224501e+01 4.329744e+00
-5.005682e+00 -2.769877e+00 -1.039124e+01 4.666911e+00
-7.322942e+00 -2.234049e+00 -9.393965e+00 3.837265e-01
-7.403494e+00 -6.956763e+00 -2.810210e+00 6.414761e+00
-6.983563e+00 -3.027176e+00 -3.439049e+00 2.728975e+00
-8.699643e+00 -4.654134e+00 -7.166883e+00 7.815690e+00
-7.751751e+00 -1.225415e+01 -5.151273e+00 1.658296e+00
-1.509101e+00 -7.233622e+00 -7.723103e+00 5.403132e-01
-7.415389e+00 -5.348736e+00 -9.801706e+00 -2.819863e-01
-2.726702e+00 -3.027770e+00 -8.056164e+00 -2.820223e-01
9.281579e-01 1.008104e+00 -1.026146e+01 -1.071556e+00
-6.130019e-01 2.784351e+00 -1.096947e+01 1.413541e+00
-5.155836e+00 -3.743450e+00 -3.321107e+00 2.431449e+00
-5.327981e+00 -4.684668e+00 -5.568827e+00 1.164685e+00
-5.580116e+00 3.891194e-01 -1.122508e+01 2.240600e+00
-8.194879e+00 -4.835704e+00 -8.873014e+00 -1.368360e+00
-6.221510e+00 -5.107570e+00 -2.985502e+00 1.659066e+00
-5.027614e+00 -1.684069e+00 -6.250094e+00 -1.199163e+00
-2.645182e+00 -5.629089e+00 -6.810815e+00 3.510353e+00
-3.790832e+00 -4.627121e+00 -4.013911e+00 5.271063e+00
-7.669466e-01 -3.769637e+00 -6.049194e+00 -3.090012e-01
-1.453120e+00 -7.408946e+00 -1.769120e+00 -1.337066e+00
-5.039211e-01 7.405562e-01 -2.852118e+00 7.686162e+00
-1.839543e+00 -2.471523e+00 -9.182669e+00 5.614048e+00
-7.223915e+00 -6.280655e+00 -6.181878e+00 2.664569e+00
-3.438451e+00 -2.600279e+00 -6.416131e+00 2.812593e+00
-3.189810e+00 -2.936451e+00 -8.133811e+00 2.657060e+00
-4.321288e+00 -2.787487e+00 -1.143471e+01 4.692015e+00
-4.587486e+00 -1.491534e+00 -5.402681e+00 1.432722e+00
-4.929158e+00 -6.327137e+00 -4.113936e+00 1.480692e+00
-2.855753e+00 -1.303850e+00 -5.030891e+00 2.287577e+00
-3.877267e+00 -5.592496e+00 -3.065651e+00 2.401147e+00
-3.077727e+00 -6.739957e+00 -6.843843e+00 -1.897454e+00
-2.288906e+00 -3.761496e+00 -7.142029e+00 -1.101203e+00
-1.788366e-01 -4.611036e+00 -9.156681e+00 2.780737e-01
-4.673245e+00 1.003197e+00 -7.452867e+00 1.137919e+00
3.468685e+00 -2.743554e+00 -5.158718e+00 -3.395765e+00
2.604958e+00 -3.581022e+00 -3.602175e+00 4.120770e-01
-5.537053e+00 -3.844869e+00 -3.876819e+00 -9.392252e-01
-1.188472e+00 -3.491134e+00 -3.635465e+00 -1.143555e+00
-1.231400e+01 2.748033e+00 -6.540210e+00 -1.022650e+00
-4.961932e+00 3.010323e+00 -7.610240e+00 -2.074479e+00
-3.234558e+00 -6.653732e+00 -5.155564e+00 -4.181951e+00
-1.707084e-01 -7.189146e+00 -6.751007e+00 -3.259548e+00
-8.871938e+00 9.751724e+00 -1.018898e+01 6.911608e-01
-8.008242e+00 4.903402e+00 -9.367922e+00 -1.515542e+00
1.005325e+00 1.648888e+00 -1.018402e+01 -3.792399e+00
-1.593615e+00 1.531212e+00 -1.434272e+01 -5.772722e+00
-5.572558e+00 6.203916e-01 -5.472579e+00 -1.002454e+00
-8.101611e+00 2.200873e+00 -1.367596e+01 -3.331719e+00
-3.957963e+00 -6.600701e+00 -5.627466e+00 -3.260198e+00
-2.074371e+00 -3.016772e+00 -4.607761e+00 -6.038840e+00
-3.303740e+00 -3.957321e+00 -7.064476e+00 -4.788970e+00
-2.380953e+00 -1.811719e-01 -1.307570e+01 -3.174532e+00
1.500252e-01 -1.636396e-01 -9.122178e+00 -4.642910e+00
-8.059534e-01 -9.075749e-01 -1.123586e+01 -8.321027e+00
-2.470224e+00 1.906470e+00 -6.289341e+00 -3.502243e-01
-6.388831e+00 -2.189568e+00 -1.297492e+01 -4.124548e+00
-4.039641e+00 2.028227e+00 -6.301383e+00 -3.928453e+00
-5.508304e+00 3.655415e+00 -7.269248e+00 -6.557102e-01
-2.372641e+00 -3.741213e+00 -3.955064e+00 2.801538e+00
-2.360187e+00 -2.526690e+00 1.561626e-01 6.032951e+00
-4.224586e+00 -2.822648e+00 -7.951068e+00 -5.225644e+00
1.739243e+00 -3.958032e+00 -2.204323e+00 -8.679896e+00
2.788996e-01 5.972425e-01 -5.044075e+00 -2.376976e+00
-3.870587e+00 3.472651e+00 -7.493505e+00 -1.613116e+00
-2.178931e+00 -3.781672e+00 -6.220869e+00 -7.292894e+00
-2.626156e+00 -2.381810e+00 -9.266074e+00 -3.398501e+00
2.811571e-01 -3.651239e+00 -6.094197e+00 -2.874518e+00
-2.812768e-01 -8.880938e+00 -4.931933e+00 -4.011251e+00
-1.179354e+00 -7.250688e+00 -3.901968e-01 -4.247609e+00
-6.257872e+00 -6.301055e+00 -3.338713e+00 -6.147730e+00
-8.838016e-01 -1.572188e+00 -1.272286e+01 7.787508e-01
-7.569361e+00 2.925745e+00 -1.286015e+01 -1.952306e-01
-1.734652e+00 -8.609597e-01 -1.308129e+01 2.259162e+00
-4.511492e+00 -1.798826e+00 -1.098413e+01 1.347097e+00
-4.147700e+00 1.851490e+00 -8.403431e+00 -3.384635e+00
-1.589343e+00 -3.477810e+00 -5.646915e+00 -1.412370e-01
9.947179e-01 -2.852966e+00 -1.027296e+01 1.532319e+00
9.698809e-01 3.047029e+00 -1.127005e+01 -2.074907e+00
1.668160e+00 -4.566336e+00 -5.156364e+00 -4.839011e+00
-1.953149e+00 -2.916952e+00 -1.056672e+01 -4.976504e+00
-1.532624e+00 -3.076827e+00 -1.534248e+01 -3.433425e+00
-5.977816e+00 -3.013197e+00 -1.531530e+01 -5.041697e+00
-3.732554e+00 -1.339017e+00 -4.324863e+00 -8.667954e+00
-1.125434e+01 -2.684712e+00 -7.906474e+00 -6.205229e+00
-9.782731e-01 -2.796509e+00 -8.661144e+00 5.540133e-01
-1.052433e+00 7.738118e-01 -9.187675e+00 -3.491845e+00
-7.494450e+00 6.522032e-01 -1.084328e+00 -2.124118e+00
-3.020200e+00 3.197775e+00 -5.187498e+00 2.832745e-01
-5.084109e+00 -3.099265e+00 -1.527323e+01 -1.847884e+00
-7.923527e+00 2.813180e+00 -1.540063e+01 -2.861666e+00
-1.455360e+00 -4.747906e+00 -6.155162e+00 -5.905852e-01
2.874076e+00 -4.651405e+00 -6.861913e+00 -1.667154e+00
-5.309311e+00 4.867424e-01 -2.236818e+00 4.635018e+00
-4.597113e+00 7.024252e-01 -5.472262e+00 3.161036e+00
-1.083675e+01 -2.291267e+00 -9.796804e+00 -1.651717e+00
-6.694832e+00 3.747417e+00 -1.218833e+01 4.642211e+00
-5.579575e+00 -5.034187e+00 -1.363506e+00 4.588804e+00
-2.716110e+00 -1.291631e+00 -6.961870e+00 2.931918e+00
4.771738e-01 -2.081471e+00 -7.804251e+00 7.243164e+00
-3.959054e+00 -1.182650e+00 -5.055490e+00 3.283668e+00
-3.594038e+00 4.382564e+00 -8.242282e+00 2.490303e+00
-3.560142e+00 4.755248e-01 -7.419598e+00 -2.515605e+00
-6.282403e+00 5.965260e+00 -6.619914e+00 3.394811e+00
-4.298792e+00 -7.452270e+00 -3.481979e+00 1.477848e+00
-7.419087e+00 1.280842e+00 -2.356170e+00 3.673418e+00
-6.053047e+00 3.213195e+00 -6.944431e+00 2.204310e+00
-8.864426e+00 2.098270e+00 -7.820733e+00 -2.473010e-01
-1.812116e+00 -8.196068e+00 -4.873562e+00 3.541573e+00
-4.502527e+00 -3.856070e-01 -5.585945e+00 6.247305e+00
-1.495686e+00 -5.369822e+00 -1.038909e+00 7.514458e+00
-5.826377e+00 -3.916149e+00 -7.388977e+00 6.363900e+00
4.494777e-01 5.624701e-01 -5.125361e+00 -5.586036e-01
-2.095172e+00 -5.131683e+00 -1.124492e+00 9.251063e-01
-1.411333e+00 -6.648469e+00 -5.670126e+00 1.359778e+00
-6.885965e+00 -1.885121e+00 -7.585508e+00 7.695824e-02
-5.994111e+00 4.478868e+00 -3.361540e+00 2.844082e+00
-1.297195e+00 5.175260e-01 1.882975e-01 3.236825e+00
-1.507156e+00 3.431876e-01 -1.204524e+00 -5.451571e-01
-1.713789e-01 1.038294e+00 -6.094367e+00 5.298439e+00
-5.705826e+00 3.285135e+00 -9.733444e+00 2.359903e+00
-3.760416e+00 -1.650656e-01 -9.644986e+00 1.376797e+00
-8.203452e-01 7.278699e-01 -8.818010e+00 -6.709582e+00
1.614731e+00 -8.857519e+00 -5.725587e+00 -8.214362e+00
-8.812436e+00 -3.368127e-01 -7.252644e+00 -3.611755e-01
-4.239042e+00 5.220449e-01 -3.418428e+00 -3.768408e+00
-2.853080e+00 -7.543558e+00 -8.348211e+00 6.348475e-01
-8.859525e-01 -6.606832e+00 -3.236362e+00 -2.239303e+00
-1.724183e+00 -6.102701e+00 3.082724e-01 -7.332935e+00
-3.534226e+00 -4.472639e+00 -2.888322e+00 -2.658656e+00
-4.401913e+00 -2.443740e-01 -1.387557e+01 1.883960e+00
-7.507530e+00 1.667243e+00 -1.203475e+01 1.700627e+00
-4.854939e+00 -1.135757e+00 -1.190256e+01 1.942851e+00
-2.579224e+00 1.383439e+00 -1.173475e+00 -6.461052e+00
-1.729028e+00 -7.179220e-01 -3.955191e+00 -3.933032e+00
1.528216e-01 -5.771786e+00 -8.667648e+00 -2.616834e+00
-3.193479e+00 -5.358914e+00 -8.289348e+00 -1.227452e+00
-3.065006e+00 1.698405e-01 -3.181339e+00 -2.072045e+00
-5.430968e+00 -3.742578e+00 -7.544414e+00 -3.383393e+00
1.870895e-01 -7.940730e+00 -6.580129e+00 -6.869462e+00
-4.863921e+00 -1.771643e+00 -1.006417e+01 -1.418504e+00
-3.099942e+00 8.885852e-01 -5.570192e+00 -4.784880e+00
-1.971427e+00 -1.125212e+00 -7.359398e+00 -8.234874e-01
-6.446433e-02 -5.677447e+00 -7.985545e+00 -1.875205e+00
3.810598e+00 -9.120354e+00 -6.935818e+00 1.872864e+00
-4.761017e+00 -1.228927e+00 -7.696364e+00 -3.703077e+00
-1.254577e+01 1.137506e+00 -1.352120e+01 -4.010104e+00
3.345197e+00 -5.871426e-01 -1.334347e+01 -6.894572e-02
-4.345362e+00 3.238724e-01 -1.107246e+01 -8.766626e-01
-4.160706e+00 -1.336523e+00 -4.951692e+00 -6.236299e+00
-3.686551e+00 -6.225767e+00 -9.883645e+00 -8.214724e+00
-2.737171e-01 -6.546820e+00 -5.379708e+00 -4.175478e+00
-5.802551e-01 -6.701647e+00 -7.854148e+00 -4.075992e+00
-5.873486e+00 -7.143667e-01 -1.113599e+01 2.074500e+00
-1.359709e+00 -5.149878e+00 -2.509912e+00 2.713425e+00
-7.828018e+00 -7.837208e+00 -7.303652e+00 6.122512e-01
-7.732158e+00 4.759104e+00 -3.558364e+00 5.327029e+00
-6.657150e+00 -4.915619e-01 -2.939924e+00 3.430905e+00
-3.607066e+00 -4.795096e+00 -3.678778e+00 4.685532e-01
-2.011408e+00 2.563351e+00 -2.438990e+00 1.316454e+00
-7.252633e+00 -1.378189e+00 -5.635450e+00 1.689326e+00
-4.603727e+00 -3.478383e-01 -8.381249e+00 3.718438e+00
2.105240e-01 -4.464646e+00 -3.217805e+00 -5.691147e+00
9.095841e-01 2.785385e-01 -7.120068e+00 9.597445e+00
-6.763280e+00 -6.520936e-01 -6.450019e+00 5.000724e+00
-7.335279e+00 -4.103006e+00 -2.909420e+00 5.092595e+00
-3.850151e+00 7.196607e-01 -3.035353e+00 5.758535e+00
-7.568345e+00 2.004998e+00 -9.292145e+00 3.709896e+00
-7.384649e-01 -8.710029e+00 -1.307899e+00 1.121172e+00
-3.141277e+00 -2.658898e+00 -4.075371e+00 2.813306e+00
-1.094789e-01 -9.942388e-01 -3.231306e+00 4.775589e+00
-4.161138e+00 -2.237048e+00 -6.850606e+00 6.267889e+00
-2.870145e+00 -2.643572e+00 -9.835458e+00 -4.167562e+00
-2.419189e-01 1.507287e+00 1.390019e+00 5.147150e+00
-1.554922e-01 -5.862525e+00 -3.730723e+00 2.985448e+00
-1.323834e+00 -1.126596e+00 -4.122699e+00 7.769699e-01
-3.189969e+00 2.947650e+00 -7.764251e-01 3.157541e+00
-3.147946e+00 -2.779437e+00 -9.366112e-01 1.835489e+00
-2.939365e+00 -6.852484e-01 -4.390059e+00 7.023926e-01
-1.890687e+00 -2.534385e+00 -6.871573e+00 1.567184e+00
-1.428620e-01 -3.554459e+00 -2.509311e+00 -1.252947e+00
-8.595914e+00 -3.847412e+00 -3.972122e+00 1.003731e+00
-3.973063e+00 -4.661060e-03 -9.313097e+00 1.011701e-01
-4.710556e-01 -5.161393e+00 -7.271919e+00 -4.315832e+00
-6.763231e+00 -4.470909e+00 -8.490658e+00 2.245891e+00
-7.853890e+00 -4.152814e+00 -6.353038e+00 -2.583450e+00
-5.943450e+00 -8.782446e+00 -9.983085e+00 -3.935743e+00
-3.142804e-01 -3.834150e+00 -5.458076e+00 -4.394075e+00
-4.584967e+00 -8.564148e+00 -1.969979e+00 -6.976813e+00
-1.843963e+00 -7.079311e+00 -8.330704e+00 -6.820994e+00
-5.309474e+00 -2.387813e+00 -1.581463e+01 -4.736628e-01
-3.845091e+00 -6.050816e-01 -1.081370e+01 2.565699e+00
-6.856558e+00 -1.448131e+00 -1.024700e+01 3.870000e+00
2.702027e+00 1.756870e+00 -3.009838e+00 -8.910288e+00
-6.842447e+00 1.351487e+00 -3.685885e+00 -4.923930e+00
8.953273e-01 -4.021103e+00 -1.076498e+01 -4.305163e+00
-4.428763e+00 -4.016154e+00 -1.215543e+01 2.030812e-01
-5.533694e-01 8.846742e-01 -3.053406e+00 -1.723013e+00
-5.724052e-01 -4.049653e+00 -6.385554e+00 -3.842031e+00
4.230817e-01 -4.436511e+00 -7.127608e+00 -5.137545e+00
-2.978423e+00 -3.854572e+00 -1.071906e+01 -5.189109e+00
-1.034521e+00 1.722833e+00 -1.015309e+01 -1.012023e+01
-6.073374e-01 -5.795542e+00 -3.459966e+00 9.971906e-01
-4.598214e-01 -5.098231e+00 -3.624156e+00 -6.658028e+00
5.039721e+00 -5.750087e+00 -5.180587e+00 -9.468210e-01
-1.995157e+00 -3.177067e+00 -3.665199e+00 -3.254378e+00
-8.823103e+00 -3.024838e-01 -1.681910e+01 -9.642384e-02
5.685613e-01 -2.021981e+00 -1.192876e+01 1.455960e+00
-1.027207e+01 8.999149e-01 -1.769204e+01 -8.527318e+00
-5.771167e+00 2.495360e+00 -1.520267e+00 -4.209177e+00
-9.435663e-01 -8.855334e+00 -1.094648e+01 -6.493679e+00
3.725772e-01 -1.002577e+01 -1.073844e+01 -3.428359e+00
8.172765e-01 -6.003181e+00 -4.540206e+00 -1.976389e+00
-2.467618e+00 2.387179e+00 -9.919121e+00 5.030824e+00
-5.881469e-01 1.943388e+00 -9.504499e+00 2.537191e+00
-4.292591e+00 5.548176e-01 -7.183805e+00 -2.059764e-01
-2.218046e+00 -6.607611e-01 -5.820761e+00 1.923781e+00
-4.727217e+00 9.586054e-02 -7.621670e+00 2.763923e+00
-1.854225e+00 -3.372344e-01 -8.137217e+00 2.169943e+00
-6.404202e+00 -8.577593e+00 -5.275798e+00 5.252268e+00
-3.860931e+00 -2.040676e+00 -6.985585e+00 3.710273e+00
-3.331217e-01 -1.786124e+00 -6.158709e+00 -3.139023e-01
-3.430830e-02 1.171809e+00 -4.711066e+00 -8.616172e-01
-4.989140e+00 -3.952768e+00 -7.359880e+00 1.244449e-01
-5.237720e+00 -5.341590e+00 -2.733403e+00 -4.107517e+00
-1.965018e+00 -3.462631e+00 -1.371925e+01 3.181034e+00
-1.532507e+00 -3.031741e+00 -4.018458e+00 1.377036e+00
-1.035274e+00 -3.256796e+00 -3.925966e+00 5.333757e+00
1.499053e+00 -1.528667e+00 -3.179621e+00 4.583165e+00
-4.605803e+00 -2.013125e+00 -9.152050e+00 2.747441e+00
-8.433596e+00 -8.277915e+00 -1.004464e+01 1.901445e+00
-6.454328e+00 -1.231893e+00 -4.918746e+00 1.723275e+00
-4.967803e+00 -1.738536e+00 -7.675437e+00 3.143060e+00
-6.743952e+00 2.794458e+00 -7.614721e+00 8.118086e-01
-6.052470e+00 -1.789286e-03 -6.860357e+00 2.193276e+00
-2.197256e+00 -3.085835e+00 -7.195192e+00 -2.563346e+00
-4.033186e+00 1.201740e+00 -9.259635e+00 -3.862914e+00
-3.584230e+00 3.900820e-01 -8.419118e-01 4.809861e+00
-6.033914e+00 -5.082299e+00 -7.327304e+00 2.922486e+00
-4.773988e+00 2.394229e+00 -1.087909e+01 4.746249e+00
-4.097266e+00 1.337672e-01 -6.961831e+00 4.831966e+00
-4.604707e+00 -5.745635e-01 -6.767600e+00 3.301600e+00
-4.217902e+00 -1.383977e+00 -5.662381e+00 2.378460e+00
-5.233684e+00 -7.488153e+00 -1.135381e+01 -3.601042e+00
-4.812492e+00 -5.171804e+00 -1.329916e+01 -6.291664e+00
-4.931321e-01 -5.199831e+00 -1.054130e+01 -1.482847e+00
-2.634292e+00 -4.789343e+00 -9.064695e+00 -3.523769e+00
-4.000022e+00 4.629865e-01 -7.298569e+00 -4.299262e+00
-6.307717e+00 -6.027796e-01 -1.050339e+01 -8.558638e-01
-6.233163e+00 -3.495982e+00 -5.358804e+00 -2.336750e+00
-5.074311e+00 -3.298758e+00 -5.682112e+00 -1.538945e+00
-1.634427e+00 -3.855401e+00 -5.012966e+00 1.628711e-01
-2.155572e+00 -3.957223e+00 -6.832859e+00 -8.912719e-02
-3.337054e+00 -3.619724e+00 -1.255459e+01 -1.439083e+00
2.711826e+00 2.946860e+00 -1.333691e+01 -4.355585e+00
2.996500e+00 -1.074255e+00 -8.097566e+00 -3.182287e+00
-1.442453e+00 -1.533475e+00 -6.146618e+00 -9.501282e-01
-2.077263e-01 -4.638114e+00 -5.473292e+00 2.227708e+00
5.458802e-01 -5.528522e+00 -2.915965e+00 -1.031829e+00
-1.745463e+00 -8.004978e+00 -9.139746e+00 -1.332317e+00
-2.410950e-01 -3.884481e+00 -5.651852e+00 -1.461511e+00
2.327561e+00 -5.597791e+00 -3.642557e+00 -1.227311e+00
4.736557e+00 -4.955090e+00 -1.264551e+00 -2.928017e+00
-8.331896e+00 3.336061e+00 -2.776041e+00 -5.350706e+00
-6.866695e+00 6.613258e+00 -6.735609e+00 -1.274215e+00
-2.855202e+00 -1.114866e+00 -1.001740e+00 -4.446226e+00
-5.339424e+00 3.292337e-01 -2.830420e+00 -4.353028e+00
-4.690824e+00 -7.419562e-01 -1.109969e+01 -3.837917e+00
-2.123461e+00 -2.484427e+00 -1.561708e+01 -2.896474e+00
-6.842712e+00 8.983634e-03 -1.169048e+01 -1.133021e+00
-3.556984e+00 1.122382e+00 -1.467265e+01 -3.346256e+00
-3.057124e+00 -2.284243e+00 -7.691290e+00 -3.508998e+00
-3.793658e+00 -1.517590e+00 -4.363643e+00 -1.036932e+00
-1.248838e+01 1.035333e+00 -4.132913e+00 8.026601e+00
-1.062149e+01 -1.694200e+00 -4.125699e+00 1.184775e+01
-1.061724e+01 -2.494888e+00 -8.526055e+00 9.757595e+00
-1.008850e+01 1.363979e+00 -1.243860e+01 6.457656e+00
-1.253821e+01 -9.726627e-01 -4.691987e+00 1.454065e+01
-1.264499e+01 1.813588e+00 1.447214e+00 1.132421e+01
-1.722206e+01 -1.506945e-01 -4.088018e+00 1.088124e+01
-1.588655e+01 -3.713106e-01 -8.471161e+00 6.246167e+00
-8.673058e+00 -4.019559e-01 -1.005585e+01 1.318356e+01
-7.453183e+00 2.786550e+00 -9.943045e+00 8.225308e+00
-1.042520e+01 -1.854772e+00 -1.695987e+00 4.978052e+00
-9.503643e+00 -1.376806e+00 -6.848774e+00 3.807912e+00
-9.583480e+00 -1.923494e+00 -2.859614e+00 8.243391e+00
-6.884706e+00 1.746271e+00 -5.405665e+00 6.590279e+00
-8.661823e+00 6.158729e-01 7.155264e-01 8.958949e+00
-1.225819e+01 1.438967e+00 -3.270033e+00 6.298059e+00
-1.003000e+01 1.265027e+00 -1.416564e+01 9.918358e+00
-1.013082e+01 4.737369e+00 -9.258183e+00 9.207243e+00
-9.346325e+00 4.199427e+00 -2.389808e+00 9.717829e+00
-1.330770e+01 -6.819036e-01 -1.884733e+00 8.933839e+00
-1.026398e+01 -1.124454e+00 -6.689133e+00 1.168945e+01
-1.084527e+01 -2.748305e+00 -3.181605e+00 1.380541e+01
-6.845202e+00 -2.847653e+00 -1.569213e-01 8.980740e+00
-1.114445e+01 1.258898e+00 -8.134717e+00 5.416648e+00
-7.276360e+00 1.724481e+00 -5.292626e+00 1.031959e+01
-5.279905e+00 4.406687e+00 -3.686231e+00 1.347410e+01
-1.047803e+01 -4.961054e-01 -9.699943e+00 7.729443e+00
-1.131971e+01 -9.390394e-01 -8.397175e+00 1.123836e+01
-1.133744e+01 -7.127436e+00 -7.325318e+00 8.889351e+00
-1.199059e+01 -2.897849e+00 2.572739e-02 1.175533e+01
-1.187960e+01 3.245801e+00 -7.137634e+00 1.056608e+01
-7.762828e+00 -3.996330e-01 -9.199560e+00 1.419149e+01
-8.986576e+00 -3.930837e+00 -3.818851e+00 1.071420e+01
-1.290234e+01 -6.555680e+00 -8.976948e+00 7.642205e+00
-1.648515e+01 -3.510699e+00 -1.102010e+01 3.691676e+00
-1.276960e+01 2.415035e+00 -7.073116e+00 1.054733e+01
-1.175653e+01 4.660627e+00 -7.611474e+00 5.505832e+00
-9.097893e+00 3.983070e+00 -8.299747e+00 7.784350e+00
-1.026136e+01 1.267625e+00 -2.857590e+00 7.957972e+00
-8.760923e+00 -1.305302e+00 -7.067021e+00 1.272879e+01
-8.546954e+00 -1.319833e+00 -9.001122e+00 1.089821e+01
-1.459747e+01 -4.762847e+00 -7.030718e+00 7.617335e+00
-1.294535e+01 -1.505121e+00 -8.205962e+00 3.013795e+00
-1.437130e+01 1.173835e-01 -6.426109e+00 5.021452e+00
-1.151587e+01 -8.610636e-01 2.246262e+00 6.814873e+00
-1.406042e+01 -1.645339e+00 3.489678e+00 1.183846e+01
-9.612379e+00 -1.433172e+00 -2.766415e+00 8.487798e+00
-9.780040e+00 6.641660e-01 -7.548897e+00 1.113388e+01
-1.243060e+01 -9.979903e-01 -5.437343e+00 9.492391e+00
-1.208344e+01 2.095596e+00 -5.929207e+00 8.285816e+00
-1.329936e+01 3.770312e+00 -1.122283e+01 8.052476e+00
-1.005927e+01 -1.818178e+00 -5.715216e+00 6.744688e+00
-9.734541e+00 1.661044e-01 -1.066570e+01 6.544209e+00
-1.126808e+01 2.918500e+00 -9.626113e+00 5.107679e+00
-7.853071e+00 3.655372e+00 -3.333974e+00 6.481751e+00
-1.226822e+01 2.912329e+00 -3.104338e+00 6.614538e+00
-1.229281e+01 7.672638e-01 -6.862695e+00 4.282693e+00
-1.466133e+01 2.804386e+00 -8.783523e+00 3.932114e+00
-1.107207e+01 -9.822853e-01 -4.392970e+00 1.137407e+01
-1.075652e+01 4.503347e-01 -9.575055e+00 5.957352e+00
-5.602516e+00 1.805409e+00 -8.985404e+00 5.435777e+00
-6.399342e+00 3.497562e+00 -1.211300e+01 4.756987e+00
-7.509388e+00 7.716992e-01 -3.416668e+00 3.469548e+00
-3.257843e+00 4.868919e+00 -5.474508e+00 3.017955e+00
-1.381530e+01 5.010695e+00 -8.141042e+00 7.248775e+00
-1.171968e+01 4.552768e+00 -6.034887e+00 1.102760e+01
-9.678320e+00 8.217607e+00 -6.944861e+00 2.436900e+00
-8.251525e+00 7.068964e+00 -5.833824e+00 2.293475e+00
-8.069133e+00 1.513873e+00 -7.252805e+00 6.086127e+00
-1.060550e+01 -1.948207e+00 -5.811719e+00 5.055839e+00
-9.987419e+00 4.748707e-01 -8.605348e+00 2.802085e+00
-1.031647e+01 2.171670e+00 -1.175280e+01 4.850000e+00
-7.477131e+00 2.642966e+00 -7.608361e+00 2.887788e+00
-5.061587e+00 6.744932e+00 -5.084032e+00 4.941893e+00
-1.089113e+01 -2.452763e+00 -8.132442e+00 5.336082e-01
-7.902918e+00 6.220948e-01 -9.773780e+00 -8.394646e-03
-1.048493e+01 2.308570e+00 -3.092070e+00 5.600480e-01
-1.108127e+01 1.411766e+00 -6.992712e+00 -1.029387e-01
-1.043347e+01 -1.061037e+00 -1.025721e+01 2.127841e+00
-1.221391e+01 3.315235e+00 -1.183819e+01 2.515465e+00
-7.986060e+00 3.362926e+00 -6.971273e+00 -4.981426e+00
-8.625901e+00 2.527316e+00 -4.953045e+00 2.945202e-01
-1.082536e+01 1.875191e+00 -7.939559e+00 6.651661e+00
-6.181308e+00 6.273581e+00 -9.624783e+00 5.067812e+00
-9.669611e+00 -2.562985e+00 -3.943660e+00 2.659415e+00
-1.025290e+01 5.919437e-01 -5.523683e+00 7.040684e+00
-1.663916e+00 -2.170303e+00 -1.914991e+00 9.972675e+00
-6.155130e+00 3.471126e+00 -1.765116e+00 6.116419e+00
-1.010351e+01 4.500864e+00 -8.850205e+00 -2.134436e+00
-8.199426e+00 6.128453e+00 -5.938923e+00 -1.470205e+00
-1.018815e+01 4.124122e-01 -8.230913e+00 2.114486e+00
-7.463562e+00 1.857414e+00 -5.601290e+00 -8.762660e-01
-9.862749e+00 3.123850e+00 -4.959373e+00 1.779920e+00
-1.284794e+01 3.645934e+00 -3.161773e+00 5.994800e+00
-9.780749e+00 -1.514172e+00 -3.426607e+00 7.418077e+00
-1.386438e+01 -3.953462e+00 -2.929875e+00 6.769261e+00
-1.040974e+01 6.978073e-01 -3.186179e+00 3.668381e+00
-9.020157e+00 1.981435e+00 -7.653950e+00 4.840519e+00
-5.785956e+00 7.309542e-01 -5.716681e+00 4.494005e+00
-7.886434e+00 3.541767e+00 -3.210294e+00 7.429325e+00
-1.422254e+01 4.249941e+00 -6.542055e+00 5.246851e+00
-1.293236e+01 1.869827e+00 -9.154943e+00 2.171779e+00
-6.611400e+00 8.151135e-01 -4.368110e+00 2.452531e+00
-7.664382e+00 3.424265e-01 -4.274487e+00 3.237667e+00
-3.881269e+00 -1.936708e+00 -7.295785e+00 1.764875e+00
-1.302256e+01 -2.846815e+00 -1.091503e+01 5.231062e+00
-7.252241e+00 3.267151e+00 -6.685273e+00 2.575937e+00
-7.515572e+00 7.632115e-02 -4.113928e+00 2.613044e+00
-9.130478e+00 4.783549e+00 -1.282622e+01 4.110737e+00
-1.219783e+01 1.395396e+00 -1.183774e+01 2.848780e+00
-1.222368e+01 -2.608090e+00 -1.071543e+00 -6.156356e-01
-1.164566e+01 -2.027124e+00 -9.766612e+00 7.362652e-01
-1.005293e+01 5.575375e+00 -6.508312e+00 3.671630e+00
-8.091285e+00 1.062729e+00 -3.378486e+00 3.182400e+00
-3.986831e+00 1.007449e+00 -3.344252e+00 2.850078e+00
-5.123456e+00 2.652882e+00 -2.648383e+00 3.541760e+00
-7.863520e+00 -6.914107e-01 -1.079030e+01 5.257635e+00
-6.961398e+00 9.395488e+00 -1.364181e+01 -8.051001e-01
-1.381199e+01 -2.123731e+00 -6.635403e+00 5.964064e+00
-1.117001e+01 -3.839325e-02 -1.076019e+00 5.332738e+00
-1.128262e+01 5.743265e-01 -7.838224e+00 9.314248e+00
-1.126572e+01 -1.504539e+00 -4.189217e+00 7.133731e+00
-1.176990e+01 2.000430e+00 -4.752447e+00 7.703314e+00
-8.386825e+00 2.714585e+00 -1.183831e+01 1.176258e+01
-9.615568e+00 3.274448e-01 -1.655476e+00 8.453290e+00
-5.902016e+00 3.197597e+00 -5.080553e+00 6.561430e+00
-9.876382e+00 -4.836848e+00 -2.855833e-01 8.815874e+00
-6.485406e+00 1.085340e+00 2.073924e+00 1.135264e+01
-8.774728e+00 2.763546e+00 -7.767465e+00 3.046069e+00
-9.227085e+00 1.417392e+00 -8.868449e+00 6.572208e+00
-4.126222e+00 1.046483e+00 -9.763564e+00 1.040554e+01
-1.230437e+01 -5.105221e+00 -8.094358e+00 1.205068e+01
-7.682693e+00 2.474436e+00 -1.265179e+01 8.452644e+00
-6.583874e+00 2.568878e-01 -2.871707e+00 7.173330e+00
-1.256487e+01 3.345136e+00 -3.648502e+00 7.839067e+00
-6.052254e+00 2.090568e+00 -5.593343e+00 7.421640e+00
-8.688452e+00 2.547310e+00 -7.387124e+00 9.500560e+00
-1.233765e+01 -1.792737e+00 5.122396e-01 8.138577e+00
-1.016166e+01 -8.194505e-01 -1.102518e+01 1.159668e+01
-8.348244e+00 5.714276e-01 -3.219909e+00 3.260623e+00
-8.927458e+00 2.111357e-01 -6.512308e-01 1.070799e+01
-1.063712e+01 1.314980e+00 -8.636533e+00 9.322215e+00
-9.360380e+00 2.993185e+00 -3.005559e+00 9.313883e+00
-7.359114e+00 8.328372e+00 -4.816365e+00 1.060585e+01
-1.189703e+01 3.485877e+00 -5.385194e+00 1.223449e+01
-1.074381e+01 -7.313933e-02 -5.693998e+00 5.176883e+00
-1.151869e+01 3.093446e+00 -7.680655e+00 6.918127e+00
-7.121736e+00 6.714682e+00 -1.856955e+00 8.479533e+00
-1.008290e+01 2.964699e+00 1.015179e+00 1.146829e+01
-1.525778e+01 3.737083e+00 -8.367398e+00 6.938334e+00
-1.229289e+01 -6.858031e+00 -6.515815e+00 1.146403e+00
-8.280336e+00 5.054057e+00 -4.746139e+00 2.208106e+00
-9.919449e+00 -7.228893e-01 -1.334144e+00 6.149002e+00
-8.010252e+00 -1.204478e+00 -9.548048e+00 7.643270e+00
-8.464404e+00 4.187661e+00 -5.071049e+00 4.037575e+00
-9.601593e+00 9.224877e-01 -4.592049e+00 4.766815e+00
-9.808072e+00 -1.049649e+00 -9.009005e+00 3.187130e+00
-5.806548e+00 -1.257139e+00 -1.260830e+01 5.307254e+00
-7.800900e+00 2.037125e+00 -7.284295e+00 6.068840e+00
-8.580964e+00 2.576134e+00 -8.096490e+00 9.508962e+00
-6.150828e+00 4.942509e+00 -3.760632e+00 2.480193e+00
-7.778921e+00 2.705435e+00 -2.195670e+00 1.712185e+00
-5.970819e+00 -2.671400e+00 -3.909139e+00 -2.299738e-01
-6.569320e+00 1.210545e+00 -7.985532e+00 -1.484887e-01
-8.043071e+00 1.266657e+00 -9.397784e-02 -9.065772e-01
-1.064009e+01 1.412107e+00 -3.420621e+00 4.796654e+00
-1.372231e+01 -2.348628e+00 -2.670727e-02 3.650786e-02
-1.035840e+01 2.872285e+00 -7.948549e+00 2.040019e+00
-1.054706e+01 2.578022e+00 -6.223437e+00 3.784167e+00
-7.732356e+00 4.751742e+00 -9.318208e+00 3.114866e+00
-7.193144e+00 -6.759537e+00 1.080994e+00 5.465162e+00
-5.030258e+00 4.060174e+00 -4.752685e+00 8.252305e+00
-8.389416e+00 -5.892613e+00 -2.353152e+00 -2.501449e+00
-1.488385e+01 1.100559e+01 -1.282352e+01 -6.392301e-01
-7.256313e+00 5.405421e+00 -4.987563e+00 2.078339e+00
-8.950336e+00 7.625623e+00 -1.675845e+01 5.640486e+00
-1.307722e+01 -3.519889e+00 -2.413635e+00 2.105668e+00
-1.568337e+01 -1.223963e+00 -8.913075e+00 2.001694e+00
-4.932706e+00 1.671292e-01 -5.295686e+00 -1.858718e+00
-1.321714e+01 -1.719245e+00 -4.127398e+00 4.185499e+00
-4.471943e+00 3.836687e+00 -6.630519e+00 9.261965e+00
-1.228544e+01 5.913605e-01 -4.600607e+00 8.403690e+00
-9.929119e+00 -2.127790e-01 -1.068618e+01 7.931762e+00
-1.142505e+01 4.767681e+00 -7.427593e+00 6.606065e+00
-6.552465e+00 1.478409e+00 -3.495952e+00 9.949306e+00
-1.061369e+01 9.412661e-01 -4.181510e+00 7.625149e+00
-1.034992e+01 4.922877e+00 -2.254297e+00 7.226584e+00
-1.005040e+01 1.253952e+00 -8.016330e+00 1.128026e+01
-7.059784e+00 2.132291e+00 -2.503192e+00 9.240777e+00
-1.076825e+01 6.231095e-01 -4.539416e+00 7.741038e+00
-5.508920e+00 -5.815245e-01 -2.652163e+00 1.423695e+01
-8.883261e+00 -2.555903e+00 -5.134688e+00 1.059118e+01
-8.904306e+00 2.520659e+00 -9.302108e+00 9.485912e+00
-6.064685e+00 -2.432588e+00 -2.638793e+00 1.010640e+01
-1.530682e+01 2.044205e-01 -7.481716e+00 7.472110e+00
-8.999718e+00 -7.428544e-01 -4.364877e+00 5.414654e+00
-6.420491e+00 -8.374021e-01 -6.468519e+00 1.071898e+01
-9.303885e+00 3.823955e+00 -2.404653e-02 3.305583e+00
-1.010395e+01 -2.158436e-01 -1.062824e+01 1.098791e+01
-1.170816e+01 2.801306e-02 -5.739573e+00 4.284386e+00
-1.025128e+01 8.524233e-01 -2.860460e+00 8.485869e+00
-1.147117e+01 2.241156e+00 -5.963948e+00 1.073231e+01
-9.269845e+00 2.139778e+00 -4.791074e+00 8.074631e+00
-7.677701e+00 4.148927e+00 -4.403746e+00 1.006394e+01
-8.092768e+00 3.385316e+00 -1.523351e-01 1.305792e+01
-1.549200e+01 -6.255420e-01 -5.540380e+00 6.371776e+00
-1.304769e+01 4.140416e+00 -9.260629e+00 6.380751e+00
-1.136502e+01 3.247560e+00 -8.488869e+00 8.813897e+00
-1.352915e+01 1.081172e+00 -5.899074e+00 9.290184e+00
-1.306522e+01 9.367237e-01 -8.363802e+00 7.322805e+00
-1.130857e+01 -2.943614e+00 -2.321409e+00 2.479987e+00
-1.027169e+01 1.982619e+00 -7.178389e+00 8.147010e+00
-1.286629e+01 1.588611e+00 -6.902940e+00 1.410699e+00
-8.640686e+00 -8.641936e-01 -4.387986e+00 6.315481e+00
-8.542882e+00 2.903871e+00 -7.034624e+00 5.861829e-01
-9.458932e+00 -2.783844e+00 -2.145613e+00 1.833165e+00
-1.194276e+01 -2.508625e+00 -4.542852e+00 3.867269e+00
-1.087491e+01 2.212680e+00 -1.263548e+01 2.220602e+00
-6.680755e+00 2.701188e+00 -7.351080e+00 3.025440e+00
-6.575454e+00 7.639850e-01 -6.385030e+00 7.574281e+00
-9.100859e+00 8.409028e+00 7.372518e-01 6.029110e+00
-6.623780e+00 4.385326e+00 -5.451978e+00 2.446668e+00
-5.580541e+00 1.506110e+00 -6.255376e+00 -2.183532e+00
-1.171342e+01 4.553655e+00 -7.392686e+00 5.380805e+00
-1.044911e+01 4.490992e+00 -5.542704e-01 3.747738e+00
-1.029168e+01 -2.216198e-01 -4.591063e+00 2.585156e+00
-1.491111e+01 1.523702e+00 -4.865509e+00 5.240410e+00
-5.846835e+00 3.724026e+00 -5.798128e+00 1.651781e+00
-8.271670e+00 9.730974e+00 -7.334980e+00 3.745757e+00
-4.154153e+00 -4.730617e-02 -9.869190e-01 4.168964e-02
-8.958943e+00 -4.805187e+00 -2.912468e+00 3.798623e+00
-7.295998e+00 3.780656e+00 -3.497852e+00 1.037987e+01
-9.319488e+00 -7.956076e-01 -1.296758e+00 -3.350003e+00
-1.231133e+01 8.324301e+00 -1.149439e+01 -8.352985e-01
-6.850852e+00 7.610842e+00 -9.674958e+00 -2.074586e+00
-9.456231e+00 5.278302e+00 -1.222342e+01 4.448324e+00
-9.511320e+00 -1.076026e+00 -5.988630e+00 4.269424e-01
-1.451613e+01 -2.655965e+00 -4.908885e-01 4.385948e+00
-5.775417e+00 -4.644176e+00 -2.821676e+00 1.426021e+00
-1.081800e+01 -2.347028e+00 -4.716124e+00 7.102690e+00
-1.420617e+01 1.325574e+00 -6.281374e+00 5.836278e+00
-9.497665e+00 6.462499e+00 -8.326395e+00 9.588209e+00
-9.587132e+00 2.857423e+00 -8.793599e+00 8.253347e+00
-1.017330e+01 6.010206e+00 -7.233451e+00 1.163839e+01
-1.033317e+01 2.765137e+00 -5.118092e+00 6.955867e+00
-1.037203e+01 -3.209337e-01 -9.711758e+00 1.111274e+01
-9.642697e+00 -6.957695e-01 -3.775707e+00 1.009575e+01
-7.911015e+00 -3.332399e+00 -4.198480e+00 1.082678e+01
-8.411080e+00 3.348448e+00 -5.580382e+00 6.147582e+00
-8.287813e+00 -1.017006e+00 -1.058217e+00 6.372205e+00
-1.037629e+01 -4.141750e+00 1.297579e+00 1.131490e+01
-1.339310e+01 -2.527723e+00 -6.060045e+00 4.537878e+00
-1.103550e+01 -2.941873e-01 -8.002855e+00 6.553387e+00
-1.369047e+01 1.028440e+00 -7.081987e+00 9.212156e+00
-1.243558e+01 -1.770631e+00 -5.193744e+00 5.346722e+00
-9.113559e+00 8.545228e-01 -3.844038e+00 1.274955e+01
-8.072952e+00 2.735516e+00 -1.735049e+00 1.175743e+01
-5.662788e+00 2.430655e-01 -5.980369e+00 1.258798e+01
-1.082906e+01 2.127404e+00 -4.981138e+00 1.207379e+01
-3.761891e+00 5.364391e+00 -7.419864e+00 1.293782e+01
-8.897142e+00 2.235124e+00 -6.895441e+00 7.100532e+00
-1.239590e+01 -3.188664e+00 -6.767105e+00 1.109458e+01
-8.156032e+00 1.310650e+00 -6.452331e+00 4.343392e+00
-6.079992e+00 -2.113687e-01 -5.414036e+00 3.050270e+00
-9.537438e+00 -1.148920e+00 -4.741425e+00 7.280278e+00
-1.157716e+01 3.608752e+00 -7.216669e+00 7.116832e+00
-1.071051e+01 -1.848017e+00 -5.388168e+00 9.361762e+00
-1.123421e+01 -3.283589e-01 -3.674605e+00 9.422731e+00
-9.138996e+00 7.290018e-01 -6.770813e+00 8.435392e+00
-1.138178e+01 1.099104e-01 -4.307148e+00 1.189866e+01
-9.792431e+00 -1.093444e+00 -4.587719e+00 1.754135e+00
-8.399799e+00 -2.116066e-01 -6.398130e+00 7.635601e-02
-6.686477e+00 -4.651413e+00 1.617373e-01 3.190821e+00
-5.302846e+00 -3.749228e+00 7.948909e-01 4.309237e+00
-1.357849e+01 1.343730e+00 -3.572239e+00 4.018941e+00
-1.075639e+01 1.113799e+00 -1.913385e+00 6.101212e+00
-9.625631e+00 -2.307201e-01 -2.655096e+00 4.170631e+00
-8.620771e+00 -7.770543e-02 -6.215571e+00 3.200511e+00
-1.247387e+01 -9.276346e-02 -7.817533e+00 3.608041e+00
-1.719338e+01 -1.382355e+00 -7.068682e+00 4.126192e+00
-1.395485e+01 -5.929185e-02 -1.436521e+01 -1.335124e+00
-5.075473e+00 -1.770052e+00 -9.010018e+00 3.842898e+00
-1.007875e+01 -2.888300e+00 -1.844232e+00 -1.890330e-01
-1.245273e+01 -3.760932e-02 -2.314185e+00 3.808311e+00
-1.059433e+01 -6.547920e-01 -4.955552e+00 1.459615e+00
-4.574442e+00 1.753248e+00 -4.930190e+00 5.512222e+00
-1.020658e+01 5.360817e+00 -3.003184e+00 2.255250e+00
-8.368270e+00 3.454382e+00 3.333144e+00 1.961312e+00
-8.977871e+00 2.596545e+00 2.323538e+00 4.058960e+00
-3.769285e+00 9.130807e-01 2.433430e+00 4.733651e+00
-9.235691e+00 1.182961e+00 -9.792669e-01 4.636791e+00
-8.910507e+00 3.404487e+00 -7.127922e-01 4.047588e+00
-5.356893e+00 -2.213342e+00 -4.487486e+00 5.028283e+00
-9.642124e+00 -5.073631e-01 -8.489954e-01 2.675656e+00
-9.082956e+00 5.053202e+00 -7.378557e+00 3.989575e+00
-1.162034e+01 -1.400418e+00 -8.666159e+00 5.292661e+00
-6.234553e+00 1.708896e+00 -7.886121e+00 4.032144e+00
-7.644559e+00 2.033966e+00 -8.390470e+00 2.213747e+00
-9.181194e+00 1.967749e+00 -4.227087e+00 4.972567e+00
-1.320774e+01 -2.479791e+00 -5.716056e+00 2.523279e+00
-9.413992e+00 -4.047573e+00 -7.659382e+00 1.037177e+01
-4.619268e+00 3.454285e+00 -3.542743e+00 9.830336e+00
-1.360737e+01 2.537233e+00 -8.438392e+00 9.643459e+00
-9.779121e+00 -3.347628e+00 -1.543723e+01 8.298638e+00
-9.366842e+00 3.106569e+00 -3.711941e+00 1.615589e+01
-9.879792e+00 3.168131e+00 -3.034675e+00 1.157909e+01
-7.914180e+00 -6.176859e+00 -2.824976e+00 1.023056e+01
-8.687625e+00 -4.458978e+00 -8.096577e+00 1.229914e+01
-9.019240e+00 -4.148231e+00 -5.854930e+00 1.325466e+01
-9.845425e+00 5.201363e+00 -1.104928e+01 1.022163e+01
-6.177989e+00 -2.209842e+00 -7.000807e+00 6.892037e+00
-5.369440e+00 -2.700617e+00 -6.447895e+00 5.035231e+00
-1.365356e+01 -3.321277e-01 -6.065676e+00 3.982924e+00
-8.569908e+00 2.704941e+00 -2.387905e+00 4.631283e+00
-7.172038e+00 2.196467e+00 -3.823587e+00 1.227279e+01
-4.432844e+00 1.698190e-01 -5.034031e+00 1.175665e+01
-1.087161e+01 -4.108006e-01 -7.083621e+00 1.420811e+01
-1.055492e+01 5.691227e+00 -1.168328e+01 1.290820e+01
-1.234435e+01 4.019505e+00 -7.623779e+00 4.415130e-01
-1.128385e+01 1.070240e-01 -4.818387e-01 6.250854e+00
-7.313640e+00 -2.010508e-01 -7.472223e+00 7.913013e+00
-4.819375e+00 -2.572417e-01 -7.726709e+00 9.537616e+00
-4.614383e+00 4.965206e-01 -4.935941e+00 1.103496e+01
-8.644762e+00 -1.633900e+00 -2.170171e+00 1.085289e+01
-6.150567e+00 5.951369e+00 -9.298198e+00 1.129374e+01
-7.509795e+00 5.105397e+00 -7.856695e+00 1.068919e+01
-1.051195e+01 -5.198454e+00 -8.998594e+00 1.121770e+01
-7.938960e+00 -1.820308e-01 -1.500371e+01 9.348764e+00
-1.176833e+01 -4.551585e+00 -8.695460e+00 1.322702e+01
-9.745184e+00 -7.334103e+00 -2.717424e+00 1.334367e+01
-1.848500e+01 -3.523334e+00 -6.217979e+00 1.107748e+01
-1.725246e+01 -2.090958e+00 -6.019240e+00 1.360583e+01
-1.401872e+01 -6.517224e+00 -8.649241e+00 6.370603e+00
-1.116418e+01 3.129438e+00 -1.544540e+01 7.805102e+00
-1.102823e+01 1.295356e-01 -1.014236e+01 7.035399e+00
-8.459600e+00 1.349108e-01 -9.688825e+00 9.057069e+00
-8.398491e+00 -1.293355e+00 -4.007960e+00 7.977340e+00
-6.088742e+00 7.751256e-01 -3.545414e+00 1.110389e+01
-9.554366e+00 -2.012707e+00 -1.026034e+01 9.039783e+00
-1.085837e+01 -4.839014e-01 -1.361723e+01 8.174816e+00
-9.600754e+00 -3.076921e+00 -8.444204e+00 8.975307e+00
-1.158635e+01 -5.157102e+00 -1.104459e+01 7.752299e+00
-1.411817e+01 -1.395869e+00 -6.126045e+00 4.352766e+00
-8.925890e+00 2.430474e+00 -8.922352e+00 4.234254e+00
-5.735716e+00 -5.374621e+00 -3.090021e+00 1.072499e+01
-6.687338e+00 -3.722649e+00 -3.320090e+00 1.248230e+01
-9.744564e+00 -5.156693e+00 -8.490797e+00 8.113761e+00
-8.657686e+00 -1.376156e+00 -8.036586e+00 7.429555e+00
-9.026277e+00 -2.955558e+00 -4.289805e+00 1.760212e+01
-9.344143e+00 -3.670821e+00 -5.971034e+00 1.602385e+01
-8.621620e+00 -4.616118e+00 -8.160592e+00 1.032153e+01
-6.396393e+00 -2.369945e+00 -1.130286e+01 5.672519e+00
-1.032678e+01 -1.480499e-01 -1.449035e+01 6.850584e+00
-7.964884e+00 -2.409195e-01 -1.229542e+01 6.768254e+00
-1.003744e+01 -6.996231e+00 -7.664554e+00 1.012708e+01
-1.106268e+01 -4.969061e+00 -9.965579e+00 1.087174e+01
-7.764051e+00 -2.190011e-01 -4.468183e+00 9.213338e+00
-1.055343e+01 -1.723867e+00 -8.885996e+00 1.022549e+01
-8.217726e+00 -2.944751e+00 -5.568119e+00 1.343505e+01
-1.138995e+01 -5.359267e+00 -8.198519e+00 1.000963e+01
-3.826921e+00 2.180069e+00 -1.190015e+01 5.137968e+00
-2.923406e+00 5.437302e+00 -4.583033e+00 2.371996e+00
-5.710269e+00 1.151177e+00 -5.282835e+00 8.093047e+00
-7.618952e+00 2.747592e+00 -6.348180e+00 1.566483e+00
-1.319898e+01 9.945660e-01 -3.700226e-01 8.083410e+00
-9.687714e+00 -3.355231e+00 -5.711773e+00 1.030970e+01
-3.240503e+00 1.357299e+01 -8.641021e+00 3.077727e-01
-8.215962e+00 8.939951e+00 -5.863242e+00 3.437708e+00
-9.344453e+00 3.108253e+00 -6.160644e+00 1.926769e+00
-1.000539e+01 -3.696929e+00 -5.071004e+00 4.772118e+00
-9.207369e+00 1.906785e+00 -1.347662e+01 -2.868961e+00
-6.852977e+00 9.520234e-01 -1.107863e+01 4.599968e+00
-9.884924e+00 6.655853e+00 -8.211744e+00 4.158613e+00
-1.134732e+01 1.931451e+00 -5.296148e+00 1.669144e+00
-6.807036e+00 -6.577560e+00 -9.853039e+00 1.895632e+00
-8.820257e+00 -3.847584e+00 -9.226220e+00 1.607882e+00
-9.698425e+00 -2.093931e+00 -3.817962e+00 -3.959836e+00
-7.278366e+00 3.435452e-02 -2.527719e+00 3.802224e+00
-7.140953e+00 -1.638469e-01 -5.894213e+00 8.995747e+00
-9.027869e+00 -2.724880e+00 -7.632722e+00 9.978639e+00
-8.339131e+00 1.725723e+00 1.388718e+00 -2.758523e+00
-9.308840e+00 3.558821e+00 -1.567907e+00 -5.181003e+00
-1.007588e+01 -8.721691e-03 -5.244489e+00 3.088279e+00
-1.054917e+01 5.016255e-01 -5.461869e+00 -1.405070e-01
-9.486095e+00 -8.002802e-01 -3.785494e+00 3.564161e+00
-1.299853e+01 6.988375e-01 -6.235012e+00 2.576359e+00
-1.859778e+00 2.444724e+00 -1.652213e+00 8.348298e+00
-5.778933e+00 -3.867788e+00 -3.096169e+00 6.635075e+00
-8.003702e+00 9.104226e-01 -1.464361e+00 -3.312216e-01
-5.771556e+00 -1.316663e+00 -1.446539e+00 -8.150602e-01
-1.303902e+01 2.000572e+00 -6.056407e+00 -2.245274e-01
-1.627887e+01 -3.891578e+00 -9.223276e+00 7.159064e-01
-1.149547e+01 -5.961667e+00 -8.714187e+00 2.464108e+00
-1.227840e+01 2.388717e+00 -7.992485e+00 4.469316e+00
-1.095031e+01 -4.849993e-01 -1.824618e+00 6.295603e+00
-6.963459e+00 -6.355914e-01 -4.783818e+00 8.415939e+00
-1.233791e+01 -3.919534e-01 -7.947571e+00 1.977546e+00
-1.022181e+01 -4.515458e-01 -1.000127e+01 2.429912e+00
-9.820835e+00 2.081132e+00 -6.737599e+00 2.875793e+00
-1.143951e+01 8.406972e-01 -5.928283e+00 3.495761e+00
-9.237962e+00 5.511170e+00 -9.162676e+00 -3.603531e+00
-1.104444e+01 2.467225e+00 -1.143069e+01 2.772559e+00
-7.637377e+00 1.473655e+00 -7.471872e+00 3.640704e+00
-9.541313e+00 4.164810e-01 -4.758605e+00 2.128888e+00
-1.224241e+01 2.807930e+00 -1.135971e+01 -1.974160e+00
-6.479709e+00 4.342966e-01 -5.204388e+00 -9.333347e-02
-6.986509e+00 -3.730382e+00 -6.021259e+00 4.656901e+00
-8.004601e+00 8.085182e-01 -1.185142e+01 7.861407e-01
-1.052075e+01 6.903597e-02 -3.574892e+00 -4.423605e+00
-1.913311e+01 1.030384e-01 -7.444429e+00 -1.534900e+00
-1.137401e+01 2.270270e+00 -7.946873e+00 -4.259562e+00
-1.655958e+01 2.090199e+00 -9.046941e+00 -4.011316e+00
-3.193474e+00 1.125715e+00 -6.839256e+00 3.952274e+00
-5.863611e+00 -1.913625e+00 -8.304657e+00 2.451515e+00
-9.631487e+00 -5.579838e-01 -3.475728e+00 2.371767e-01
-1.268153e+01 5.191047e+00 -4.763217e+00 -1.516209e+00
-1.577263e+01 7.009504e+00 -8.000491e+00 5.077831e+00
-8.106364e+00 7.507373e+00 -1.083659e+01 -2.660025e+00
-8.209828e+00 -2.141030e+00 -5.918548e+00 4.124318e+00
-1.068605e+01 1.290635e+00 6.662478e-02 5.224399e+00
-8.279863e+00 -5.498326e+00 -8.042185e+00 1.096077e+01
-7.377024e+00 -2.504973e-02 -8.707423e+00 8.549172e+00
-1.252569e+01 -2.161364e+00 -9.536426e+00 5.827564e+00
-9.155520e+00 -1.861100e+00 -1.008115e+01 1.100812e+01
-1.205035e+01 -1.260282e+00 -2.245495e+00 6.518182e+00
-7.955901e+00 2.720533e-01 -6.765627e+00 1.193086e+01
-5.741329e+00 3.164756e+00 -1.624221e+00 8.846628e+00
-1.120467e+01 1.508492e+00 -9.046208e+00 5.324700e+00
-7.393425e+00 2.013569e+00 -1.089694e+01 1.120274e+01
-8.799577e+00 8.281347e-01 -5.064424e+00 8.047144e+00
-9.175465e+00 4.109757e+00 -8.634123e+00 1.415256e+01
-5.767215e+00 2.792399e+00 -1.128974e+01 9.025803e+00
-7.678485e+00 6.455822e+00 -1.430394e+01 6.410396e+00
-7.110631e+00 -1.741406e+00 -8.668825e+00 7.480148e+00
-1.088693e+01 -2.571516e+00 -8.637035e+00 1.112728e+01
-1.115432e+01 -1.284408e+00 -4.420505e+00 1.336302e+01
-7.213506e+00 -2.513223e+00 -6.340573e+00 9.136173e+00
-7.598876e+00 1.089477e+00 -7.807784e+00 9.435150e+00
-1.177273e+01 1.555960e+00 -1.037845e+01 8.117016e+00
-5.543085e+00 5.698768e+00 -6.218440e+00 6.915877e+00
-5.119075e+00 2.264264e+00 -5.725841e+00 1.006315e+01
-9.472797e+00 2.823480e+00 -1.058224e+01 1.143517e+01
-7.416062e+00 -3.636981e-01 -5.081400e+00 1.295928e+01
-1.012822e+01 6.295959e+00 -5.841113e+00 1.148714e+01
-1.303715e+01 2.588859e+00 -6.053028e+00 6.957047e+00
-6.574564e+00 1.533187e+00 -3.149528e+00 6.967928e+00
-5.275301e+00 -1.570165e+00 -5.751577e+00 9.584427e+00
-9.468265e+00 2.712474e+00 -1.043043e+01 7.302153e+00
-1.116795e+01 -2.562986e+00 -7.496711e+00 1.183939e+01
-8.578725e+00 6.049470e+00 -1.214900e+01 4.991168e+00
-1.245208e+01 -6.304324e+00 2.299301e+00 3.269125e-01
-7.646362e+00 9.036956e-01 -8.395761e+00 6.598267e+00
-8.532292e+00 -2.585305e+00 -7.056916e+00 5.495891e+00
-1.006972e+01 -3.866783e+00 -5.998238e+00 6.756666e+00
-8.819850e+00 -4.058715e-02 -6.623513e+00 1.254228e+00
-1.236942e+01 1.942658e+00 3.158935e+00 2.790699e+00
-1.038331e+01 -1.512554e+00 -6.575170e+00 6.270969e+00
-1.136589e+01 -3.336392e+00 -7.918583e+00 3.912156e+00
-7.807442e+00 -2.272558e+00 -9.126150e+00 1.771849e+00
-4.419514e+00 -5.158928e-01 -6.172173e+00 1.322130e+01
-9.254234e+00 4.931214e+00 -5.913957e+00 7.518904e+00
-1.165877e+01 1.236712e-01 -7.564228e+00 1.087208e+00
-8.127216e+00 1.247333e+00 -7.095025e+00 -6.060464e+00
-9.442038e+00 -4.319962e+00 -4.037823e+00 5.593043e+00
-6.574211e+00 -8.697027e-01 -7.211975e+00 2.061703e+00
-8.342907e+00 2.612630e+00 -5.224181e+00 -1.826907e-02
-1.286948e+01 -7.757875e-01 -9.166129e+00 3.398354e+00
-1.223912e+01 -3.117303e+00 -3.339187e+00 7.049333e-01
-8.641675e+00 2.571257e+00 -3.818586e+00 4.062577e+00
-6.355396e+00 -3.303416e+00 2.115162e+00 7.042817e+00
-1.345288e+01 -2.328233e+00 -3.917627e+00 3.320260e+00
-9.147022e+00 -2.726133e+00 -3.975601e+00 7.773265e+00
-1.175210e+01 1.708864e+00 -2.826250e+00 1.152051e+00
-9.958475e+00 3.629415e+00 -4.751707e+00 6.329642e-01
-1.319938e+01 -3.011699e+00 -1.398871e+01 4.697411e+00
-9.548852e+00 5.732678e+00 -8.669175e+00 4.321177e+00
-1.248035e+01 3.807876e+00 -9.125445e+00 4.038284e-01
-8.236489e+00 -4.805212e+00 -6.171932e+00 2.412774e+00
-4.717089e+00 -3.948682e+00 2.886595e-01 5.745034e-01
-3.950164e+00 -4.763628e+00 -5.236776e-01 2.826146e+00
-7.611566e+00 -1.290095e+00 -5.195024e+00 1.080321e+01
-8.205556e+00 -2.454965e+00 -4.506493e+00 1.545068e+01
-1.253055e+01 -6.048344e+00 -1.257784e+01 8.970697e+00
-1.237672e+01 1.359341e+00 -1.386904e+01 1.063371e+01
-8.905832e+00 -4.771413e+00 -2.206076e+00 1.240500e+01
-9.791987e+00 -5.955371e+00 -8.112920e+00 7.976845e+00
-6.749205e+00 3.901288e+00 -4.966474e+00 1.142944e+01
-1.363397e+01 1.968967e+00 -1.046345e+01 4.671645e+00
-9.655890e+00 1.539242e-01 -9.424914e+00 9.115026e+00
-1.343149e+01 -1.681403e+00 -7.914490e+00 6.985033e+00
-7.263480e+00 2.797198e+00 -8.210039e+00 1.178404e+01
-8.860729e+00 -9.107631e-01 -6.145085e+00 1.123293e+01
-1.048027e+01 6.784214e-01 -1.149509e+01 8.290944e+00
-1.193039e+01 1.259700e+00 -6.445082e+00 1.172193e+01
-1.302323e+01 -1.211477e+00 -1.003754e+01 1.104568e+01
-8.576984e+00 1.955262e+00 -1.130509e+01 4.338565e+00
-7.842045e+00 -1.454931e-01 -6.309764e+00 9.353540e+00
-4.990292e+00 1.087196e+00 -8.242877e+00 1.242658e+01
-1.147538e+01 -7.097302e-01 -1.268088e+01 9.479707e+00
-8.713215e+00 2.581484e+00 -2.806783e+00 7.564026e+00
-2.435386e+00 -8.344673e-01 -9.241875e+00 1.189504e+01
-1.228951e+01 5.440956e+00 -1.068837e+01 9.942905e+00
-4.636891e+00 1.440637e+00 -4.903173e+00 1.145266e+01
-1.140858e+01 -4.321212e+00 -4.144332e+00 1.489036e+01
-9.094635e+00 4.406722e+00 -2.287149e+00 1.071140e+01
-1.357204e+01 -3.936345e+00 -2.847533e+00 1.319616e+01
-7.907630e+00 -2.094681e+00 -6.052565e+00 9.304556e+00
-9.558746e+00 5.517821e-01 -9.862088e+00 9.526898e+00
-5.957574e+00 2.236648e+00 -1.068466e+01 1.100240e+01
-9.847050e+00 3.244512e+00 -9.407044e+00 6.962896e+00
-1.472616e+01 -5.177920e+00 -7.575811e-01 4.882238e+00
-9.795492e+00 -2.610831e-01 -7.210355e+00 5.984735e+00
-9.918641e+00 -2.927970e+00 -8.496512e+00 2.331527e+00
-6.627154e+00 -1.674340e+00 -7.140289e+00 4.443231e+00
-8.353270e+00 3.806615e+00 -1.059988e+01 -1.685861e+00
-1.245004e+01 -2.504414e+00 -1.888094e+00 -4.694930e-01
-7.053072e+00 -1.740231e+00 -7.905858e+00 -1.227766e-01
-9.043532e+00 1.270827e+00 -8.876440e+00 6.895020e+00
-6.191380e+00 5.628890e+00 -9.088275e+00 3.325146e+00
-5.884597e+00 8.521026e-01 -2.934057e+00 8.557782e+00
-1.003202e+01 8.347272e+00 -2.850526e+00 2.868873e+00
-1.044095e+01 2.177282e-01 -8.711081e+00 3.817582e+00
-8.867196e+00 2.732870e+00 -7.644580e+00 2.135286e+00
-1.325549e+01 -3.532703e+00 -5.198641e+00 2.527721e+00
-4.568896e+00 -9.355013e-01 -4.753768e+00 6.762693e+00
-9.960177e+00 -4.438774e-01 -5.205351e+00 3.930287e+00
-1.076223e+01 2.455160e+00 -7.981585e+00 3.759793e+00
-7.906051e+00 7.101092e+00 -2.147115e+00 5.676650e-01
-8.149863e+00 7.375548e+00 -9.455570e+00 7.504041e+00
-1.189945e+01 2.976921e+00 -2.962898e+00 2.679092e+00
-1.194136e+01 4.113037e-01 -2.912353e+00 9.664843e-01
-8.224713e+00 1.301601e+00 -3.855022e+00 1.075827e+01
-1.235358e+01 -1.131629e+00 -3.603606e+00 9.509555e-01
-8.652262e+00 2.922873e+00 -2.632076e+00 -2.706958e-01
-1.045823e+01 9.806908e-02 -1.604796e+01 -1.412711e+00
-1.024642e+01 8.311644e+00 -1.143534e+01 4.124910e+00
-1.229240e+01 1.190955e+00 -5.875916e+00 1.042753e-01
-1.301150e+01 -3.765433e+00 -8.076653e+00 9.760427e-01
-1.143273e+01 -5.269210e+00 3.673376e+00 -3.070307e+00
-1.289679e+01 -3.904438e+00 -3.636578e+00 8.543979e-01
-8.468513e+00 1.426520e+00 -1.378950e+01 6.624313e+00
-1.327298e+01 -5.083317e+00 -1.082139e+01 1.088709e+01
-1.100576e+01 3.768101e+00 -3.571752e+00 6.459333e+00
-7.828361e+00 2.916784e+00 -6.464406e+00 3.070879e+00
-7.480684e+00 -4.396674e-01 -8.184728e+00 9.842038e+00
-9.176271e+00 -3.852248e+00 -4.484772e+00 9.158441e+00
-6.628071e+00 -3.248782e+00 -6.874067e+00 1.445490e+01
-1.009392e+01 -1.554650e-01 -1.187391e+01 1.241386e+01
-1.036383e+01 7.328778e-01 -6.178502e+00 4.944837e+00
-1.139821e+01 1.630251e+00 -6.145743e+00 2.748880e+00
-8.585745e+00 -3.760025e+00 -5.936228e+00 9.121559e+00
-9.922242e+00 7.600313e-01 -1.060809e+01 6.497762e+00
-1.207495e+01 1.518687e+00 -1.205673e+01 5.946843e+00
-1.341807e+01 2.972205e+00 -6.752093e+00 2.615268e+00
-8.774677e+00 5.665145e-02 -1.119864e+01 5.269171e+00
-6.686675e+00 6.614294e+00 -8.644177e+00 5.906918e+00
-1.268896e+01 -3.229711e+00 -9.866131e+00 1.078719e+01
-1.247943e+01 -4.504375e+00 -1.270506e+01 9.683044e+00
-1.155176e+01 2.584716e+00 -9.205356e+00 1.073525e+01
-1.018379e+01 5.276041e+00 -9.538492e+00 1.192529e+01
-5.784302e+00 1.371316e+00 -5.947993e+00 7.561451e+00
-6.127089e+00 -1.098444e+00 -6.588011e+00 1.194588e+01
-2.667061e+00 1.241043e+00 -3.209705e+00 4.533600e+00
-4.365812e+00 -2.486383e-01 -3.837785e+00 5.458220e+00
-1.419629e+01 1.085293e+00 -1.232096e+01 5.480162e+00
-1.043902e+01 -3.938205e+00 -8.515981e+00 1.282403e+01
-7.343635e+00 1.315356e+00 -6.306204e+00 1.281176e+01
-4.595314e+00 2.056035e+00 -5.417484e+00 1.420590e+01
-1.042709e+01 -5.008265e-01 -7.548225e+00 8.980747e+00
-9.971682e+00 -1.726323e+00 -7.400798e+00 1.179454e+01
-1.284440e+01 -1.804260e+00 -9.496831e+00 -2.370115e+00
-9.519419e+00 -6.674697e+00 -3.122740e+00 -5.126801e+00
-6.457386e+00 -3.430822e+00 -2.265661e+00 3.252123e+00
-8.460455e+00 -3.878404e-01 -5.734814e+00 3.112821e-01
-1.203309e+01 -2.455102e-01 -6.004767e-01 2.830214e+00
-8.203184e+00 5.122069e+00 -8.580004e+00 4.619670e+00
-1.692311e+01 3.076520e+00 -6.145748e+00 4.931758e+00
-1.404231e+01 -1.429442e+00 1.197920e+00 1.816910e+00
-1.156339e+01 -1.192202e+00 -3.954701e+00 1.226693e+00
-1.274150e+01 4.394750e-01 -5.489184e+00 4.359949e+00
-8.843944e+00 1.037910e-01 -6.262239e+00 4.278356e+00
-1.011643e+01 -2.854119e+00 -6.539915e+00 6.288199e-02
-1.239123e+01 -1.149154e+00 3.292793e+00 2.107417e+00
-1.158968e+01 2.037363e+00 -6.469606e+00 1.432883e+00
-1.306353e+01 5.212864e+00 -7.251623e+00 4.348874e+00
-7.003142e+00 2.792217e+00 -3.450869e+00 2.749150e+00
-1.075257e+01 -2.597080e-01 -7.124691e-01 7.067233e+00
-8.071265e+00 3.233825e+00 3.505086e-01 5.644982e+00
-9.782921e+00 -3.987374e-01 -1.998887e+00 4.637035e+00
-1.359972e+01 1.363532e+00 2.472899e-01 1.101975e+01
-8.960828e+00 1.537874e+00 -6.193051e+00 5.721089e+00
-8.798159e+00 -4.851741e+00 -3.841880e+00 7.717288e+00
-1.535556e+01 1.455099e+00 -1.652732e+00 6.007381e+00
-1.131723e+01 2.120411e+00 -3.034292e+00 -5.269966e-01
-1.141933e+01 1.352713e+00 -1.350248e+01 2.000129e+00
-1.066774e+01 1.591845e+00 -8.674562e+00 3.888511e+00
-9.715190e+00 3.320184e+00 -8.663291e+00 1.020531e+00
-6.670599e+00 -3.931517e+00 -4.921074e+00 2.728348e+00
-1.301435e+01 -3.416981e+00 -4.565469e+00 2.297822e+00
-1.056460e+01 1.323645e+00 -6.969837e-01 6.527684e+00
