6.721448e-01 -8.032365e+00 4.049464e+00 -8.858358e+00 -5.470821e+00 -1.460335e+00 3.213302e+00 1.915755e+00
3.554292e+00 -1.253897e+00 2.738229e+00 -4.021309e+00 -8.792852e+00 -2.533498e+00 4.709157e+00 2.254719e+00
3.081806e-01 -5.864410e+00 6.331663e+00 -7.355463e+00 -1.170672e+01 4.929341e+00 3.667949e-01 -2.735381e-01
-1.086233e+00 -3.934579e+00 8.454900e+00 -6.551603e+00 -1.068973e+01 6.730732e+00 -1.267029e+00 -3.606856e-01
4.733151e-01 1.222501e+00 8.434077e+00 -4.113442e+00 -7.158374e+00 2.237682e+00 2.176164e-01 1.265089e+00
3.759840e+00 -5.356737e+00 7.648293e+00 -4.150254e+00 6.112774e-03 2.456686e-01 5.587466e-01 4.056513e-01
1.273381e+00 -2.050865e+00 4.501800e+00 -8.427683e+00 -5.177782e+00 7.202314e-01 -2.310217e+00 4.806279e-01
-2.394634e+00 -4.717704e+00 6.038252e+00 -7.630111e+00 -6.719056e+00 6.101637e-01 1.494800e-01 -5.232661e-01
6.995251e-01 -5.398742e+00 6.168155e+00 -5.860788e+00 -3.012764e+00 1.538317e+00 -1.926377e+00 9.946546e-01
-1.105413e+00 -2.086670e+00 3.331466e+00 -5.688091e+00 -5.667373e+00 -2.778729e+00 2.931103e+00 6.035323e+00
-2.128292e+00 -6.564685e+00 -3.613848e+00 5.235295e+00 -5.212918e+00 1.636850e+00 1.631599e+00 6.531253e+00
-4.009466e+00 -5.139143e+00 -4.766089e+00 1.067743e+01 -3.488014e+00 -1.529072e+00 3.361591e+00 7.836120e+00
-1.687921e+00 -1.305955e+01 -1.428675e+00 6.792555e-01 -1.297928e+01 6.330582e+00 5.560664e+00 3.866115e+00
3.778011e-01 -9.503296e+00 1.764241e+00 -4.630501e-01 -1.191036e+01 3.135889e+00 3.629171e+00 3.477092e+00
-3.685312e+00 -1.346983e+00 -1.035895e+00 3.251566e+00 -1.105578e+00 5.041504e-01 9.025376e-01 7.538852e+00
-1.285737e+00 -3.573092e-01 1.920737e-01 4.241160e+00 -4.058391e+00 2.079656e+00 2.654096e-01 3.628616e+00
-1.852753e+00 -8.400159e+00 -2.324802e+00 7.349694e-01 -9.838874e+00 8.515571e+00 4.521556e+00 1.126787e+00
7.931498e-01 -1.055973e+01 -4.785081e+00 -2.931818e-01 -4.925766e+00 4.340484e+00 2.211943e+00 1.992585e+00
-3.345539e-01 -9.278991e+00 2.815737e-01 6.524014e+00 -2.474535e+00 1.889618e+00 -9.190343e-01 4.911230e+00
-1.433889e+00 -9.103665e+00 -4.637433e-01 2.988218e+00 -6.872718e+00 2.428877e+00 -1.795660e+00 6.545405e+00
-1.978249e+00 -6.242943e+00 -3.734063e-01 4.080966e+00 -6.045982e+00 7.373316e+00 -1.887332e+00 4.827810e+00
-5.590888e-01 -5.709724e+00 -2.158885e-01 1.610371e-01 -6.695705e+00 8.231464e+00 -3.824606e+00 1.851598e+00
-2.607115e+00 -8.905884e+00 -1.718521e+00 3.353902e+00 -5.773213e+00 9.651969e+00 -7.923244e-01 2.587686e+00
1.538914e+00 -6.341473e+00 2.566046e+00 3.612531e+00 -7.247249e+00 8.205368e+00 9.320537e-01 2.998854e+00
1.199186e+00 -4.759626e+00 -9.975419e-01 4.351947e+00 -2.702528e+00 6.479979e+00 -6.534981e-01 5.172300e+00
-3.601877e+00 -4.751270e+00 1.461218e+00 7.872858e+00 -1.264428e-02 3.827496e+00 -2.920032e+00 6.799149e+00
1.795548e+00 -1.223740e+01 -8.929226e-01 1.794403e+00 -4.039071e+00 8.206641e+00 4.029878e+00 2.493112e+00
1.669903e+00 -1.279702e+01 -3.288567e-02 1.270189e+00 -5.576248e+00 7.933499e+00 4.198188e+00 6.637625e-01
-2.245251e+00 -1.315274e+00 2.293047e+00 1.028770e+01 -4.025748e+00 9.332601e-01 -6.108659e+00 5.247254e+00
-5.020128e+00 -3.954024e+00 1.621700e+00 1.019937e+01 -6.869478e-01 4.328645e+00 -3.850958e+00 6.179922e+00
-6.044638e-01 -6.547485e+00 5.054489e+00 1.915145e+00 -3.461311e+00 4.720430e+00 1.427347e+00 3.839884e+00
-3.014398e+00 -6.979596e+00 3.101200e+00 3.637461e+00 -4.152515e+00 3.761752e+00 3.124371e-01 4.646471e+00
1.963749e+00 -2.541034e+00 2.902481e-01 4.996923e+00 -4.802872e+00 6.666014e+00 -3.071842e+00 3.202537e+00
4.684865e-01 -3.961048e+00 4.101962e-01 4.217532e+00 -2.117600e+00 4.236569e+00 -8.586881e-01 4.032546e+00
5.577394e-01 -4.188638e+00 1.955782e+00 4.400296e+00 1.040999e-01 3.267191e+00 9.102190e-01 2.476261e+00
-4.870451e+00 -2.250282e+00 6.480823e-01 7.266668e+00 3.896618e-01 3.827704e+00 -9.431313e-01 6.457756e+00
-1.106871e+00 -8.599423e+00 2.855446e+00 3.871311e+00 -4.246067e+00 4.719033e+00 1.876926e+00 1.113753e+00
-1.479168e+00 -1.000225e+01 2.662359e+00 1.624074e+00 -1.844196e+00 4.032808e+00 3.543894e+00 1.462200e-01
-4.419321e-01 -9.216114e+00 -4.410833e+00 2.390584e+00 -8.136231e+00 1.289822e+01 3.709618e+00 -1.132944e+00
-6.815155e+00 -5.883649e+00 -7.081063e+00 3.791741e+00 -4.333068e+00 6.722287e+00 3.381239e+00 1.312738e+00
-3.460323e-01 -7.253028e+00 4.715052e+00 2.313734e+00 -4.533447e+00 6.395032e+00 3.336099e-01 2.004602e+00
2.724473e+00 -7.228789e+00 2.042854e+00 2.749326e+00 -2.395951e+00 4.191829e+00 2.382095e+00 3.634391e+00
-4.828031e+00 -5.019431e+00 2.737678e+00 4.271131e+00 -6.069216e+00 1.170384e+01 -4.296501e+00 1.993266e+00
-1.723917e+00 -5.703525e+00 6.910946e+00 5.502315e+00 -7.866654e+00 9.057589e+00 2.097185e-02 2.723779e+00
-2.426792e+00 -8.452569e+00 7.715314e-01 3.915844e+00 -8.068562e+00 7.395240e+00 7.061580e-01 1.920380e+00
-2.554588e+00 -7.898091e+00 1.396701e+00 4.784931e+00 -8.901958e+00 7.867400e+00 -1.583410e+00 5.895815e+00
-3.185488e+00 -8.883038e+00 1.619031e+00 5.921927e-01 -7.510927e+00 4.122743e+00 -6.057689e-01 3.673147e+00
-2.598180e+00 -7.098974e+00 1.915436e+00 -3.911055e-01 -6.509957e+00 7.096274e+00 -2.013704e+00 1.149389e+00
-3.310659e+00 -1.004746e+01 6.045672e-01 1.961108e+00 -4.577853e+00 8.131692e+00 -2.255487e+00 6.231318e+00
-2.392428e+00 -8.701603e+00 4.532663e+00 3.031388e+00 -1.842221e+00 6.391696e+00 -2.310224e-01 6.961251e+00
-9.126385e-01 -1.286326e+01 -1.661202e+00 8.973927e-01 -9.616378e+00 8.304813e+00 2.428854e+00 7.384137e-01
-4.745318e-01 -1.128086e+01 -6.848528e-01 4.708002e+00 -1.053983e+01 4.798602e+00 1.947709e+00 5.211723e+00
-7.576039e-01 -7.242682e+00 -6.711609e+00 2.644464e+00 -7.174029e+00 4.004700e+00 3.030428e+00 2.094305e+00
-4.363096e+00 -5.396046e+00 -6.092865e+00 3.237094e+00 -9.537886e+00 8.256710e+00 5.766815e-01 3.696737e+00
-1.407287e+00 -9.788022e+00 7.908151e-01 4.361487e+00 -5.778035e+00 4.473958e+00 3.530527e+00 6.592214e+00
-6.662209e-01 -7.866158e+00 1.741289e+00 2.622425e+00 -3.597825e+00 4.593426e+00 1.499774e+00 3.496794e+00
-4.834024e+00 -7.651509e+00 8.031191e-01 8.434650e+00 2.061827e-01 4.330706e+00 -9.344642e-01 5.229165e+00
-7.105749e+00 -9.491526e+00 -2.045046e+00 1.111613e+01 1.183482e+00 5.526211e+00 -3.588213e-01 7.679873e+00
-3.890162e+00 -7.849928e+00 7.515079e-01 3.770846e+00 -7.848229e-01 7.678579e+00 1.837786e+00 5.850598e-01
-9.142806e-01 -8.924923e+00 -5.415719e-01 4.527768e+00 -9.089728e-01 1.825272e+00 1.568512e+00 4.669728e+00
1.706109e-01 -6.460324e+00 1.801579e+00 1.323629e+00 -9.311093e+00 5.051981e+00 -1.876108e+00 5.217364e+00
-4.932960e-01 -6.957026e+00 -2.225065e+00 2.357319e+00 -9.438999e+00 8.625079e+00 2.091248e+00 3.625660e+00
-5.099519e+00 -1.004303e+01 3.879419e+00 2.428115e+00 -5.632831e+00 5.465651e+00 1.613355e+00 -1.985713e+00
-2.111778e+00 -1.141268e+01 3.416268e+00 4.027408e+00 -6.489650e+00 7.517628e+00 1.055047e+00 -2.007523e+00
1.401349e+00 -1.099494e+01 -1.717319e+00 3.458287e+00 -8.393033e+00 6.050219e+00 1.186289e+00 3.626240e+00
-1.038886e+00 -7.680398e+00 -4.804320e+00 2.439041e-01 -1.070596e+01 3.208501e+00 3.106624e+00 2.740343e+00
-9.665720e-01 -5.724562e+00 2.561928e+00 2.219102e+00 -8.694291e+00 7.449905e+00 -9.570405e-01 2.052805e+00
-2.321535e+00 -3.239932e+00 5.597437e+00 4.251755e+00 -6.798532e+00 5.280371e+00 -2.983840e+00 4.105725e+00
-5.722575e+00 -8.233544e+00 -2.216147e-01 3.701020e+00 -6.966625e+00 1.219655e+00 -2.668266e+00 4.304118e+00
-2.851979e+00 -8.047780e+00 -1.270409e+00 3.582051e+00 -6.161552e+00 2.573382e+00 -2.372685e+00 3.292085e+00
-5.924028e+00 -1.376477e+00 -1.571566e+00 3.487139e+00 -6.011439e+00 -4.862143e+00 -1.984110e+00 1.192920e+01
-9.441126e+00 -2.781188e+00 -3.680362e+00 2.460921e+00 -4.977622e+00 4.906735e+00 -3.521852e+00 7.496958e+00
-1.192554e+01 -7.535586e+00 1.180155e+00 7.137815e+00 -6.332347e+00 -1.376892e-01 -4.399282e+00 7.385956e+00
-4.524362e+00 -5.157029e+00 2.181145e+00 1.068157e+01 -5.221190e+00 -3.951375e+00 -4.743606e+00 7.632026e+00
-5.135827e+00 -8.658220e+00 4.375018e+00 1.556508e+00 -8.273583e+00 2.695527e-01 3.046771e-04 4.699496e+00
-3.416858e+00 -8.462786e+00 2.231792e+00 8.769452e-02 -9.458269e+00 3.070379e+00 1.256218e+00 4.715567e+00
-3.125600e+00 -5.380789e+00 -7.051135e+00 3.655554e+00 -8.832853e+00 -9.699130e-01 -2.391020e+00 2.950214e+00
-2.986388e+00 -3.849565e+00 -4.563243e+00 4.597053e+00 -9.382711e+00 1.173933e+00 -1.929352e+00 5.178119e+00
-2.515101e+00 -1.081178e+01 4.211895e+00 7.419424e+00 -9.097274e+00 4.178593e+00 -2.292141e+00 5.824052e+00
-5.343599e+00 -1.314651e+01 6.149638e+00 3.870559e+00 -1.144171e+01 4.836845e+00 -3.105332e+00 7.188629e+00
-5.333729e+00 -7.523381e+00 -1.723584e+00 2.879718e+00 -9.665200e+00 1.546773e+00 -1.264090e+00 3.681326e+00
-5.644301e-01 -8.059223e+00 3.037774e+00 -9.342526e-01 -1.046185e+01 4.372077e+00 -7.333342e-01 2.166015e+00
-1.524085e+00 -6.004425e+00 2.124965e+00 1.068276e+00 -9.144991e+00 2.259105e+00 -2.245159e+00 2.711463e+00
-1.132965e+00 -4.304396e+00 3.065689e+00 8.282131e-01 -8.783521e+00 1.330046e+00 -2.798000e+00 2.296300e+00
-4.065180e+00 -1.080339e+01 -5.426434e+00 3.366819e+00 -1.002702e+01 3.363698e+00 -1.501945e+00 6.844123e+00
-5.092479e+00 -1.212438e+01 -1.784499e+00 7.175960e-01 -9.829269e+00 3.080576e+00 -1.329600e+00 2.606585e+00
-5.978466e+00 -9.795195e+00 -1.164490e+00 4.760029e+00 -6.400046e+00 5.099290e+00 -3.676969e+00 2.170163e+00
-4.936437e+00 -7.316853e+00 -1.404766e-01 6.762880e+00 -4.819972e+00 6.434316e+00 -2.097434e+00 4.401677e+00
-5.092007e+00 -3.867475e+00 3.727143e+00 3.460865e+00 -8.131500e+00 2.664095e+00 -3.671990e+00 8.288491e+00
-4.787568e+00 -7.353019e+00 4.978517e+00 1.903211e+00 -6.113397e+00 1.154855e+00 -4.794999e+00 7.422150e+00
-8.236215e+00 -4.221696e+00 -9.146576e-01 3.494512e+00 -6.817201e+00 -2.836988e-02 -1.654605e+00 4.365803e+00
-6.996317e+00 -3.383361e+00 -5.185246e-01 6.483120e+00 -6.680267e+00 -3.938993e-01 -3.187734e+00 5.349777e+00
-9.351633e+00 -6.492399e+00 1.625850e+00 2.964118e+00 -1.091564e+01 3.601470e-01 -3.228116e+00 4.428020e+00
-9.136962e+00 -7.992596e+00 1.436048e+00 -4.599425e-01 -6.636170e+00 -4.540314e-01 -1.894945e+00 5.599264e+00
-2.954669e+00 -5.610443e+00 2.923074e+00 1.090179e+00 -1.331152e+01 5.579014e+00 -1.391373e+00 4.977561e+00
-5.889078e+00 -4.046339e+00 2.691290e+00 7.173730e-01 -1.439568e+01 1.724795e+00 -1.056459e+00 8.308562e+00
-3.342759e+00 -1.258001e+01 -4.672656e+00 -2.249853e-01 -1.106926e+01 1.874997e+00 1.971652e+00 5.657691e+00
-3.619650e+00 -8.815699e+00 -3.931911e+00 1.623908e+00 -1.013105e+01 1.093543e+00 1.905046e+00 7.792528e+00
-5.217193e+00 -1.118760e+01 1.655533e+00 2.867753e+00 -1.013884e+01 6.519313e+00 -3.407149e+00 6.973412e+00
-5.158214e+00 -6.129796e+00 -8.543027e-01 6.039250e+00 -7.263981e+00 2.479378e+00 -2.990766e+00 8.914340e+00
-8.828058e+00 -1.133859e+01 9.473081e-01 3.633776e+00 -8.704207e+00 -6.759113e-01 -2.567535e+00 6.270483e+00
-7.759180e+00 -7.391107e+00 8.317157e-01 5.519823e+00 -9.606779e+00 2.224635e+00 -1.723973e+00 5.868058e+00
-1.127205e+01 -9.128406e+00 2.657955e+00 6.123055e+00 -5.537448e+00 2.287962e+00 -5.118657e+00 8.703822e+00
-9.171255e+00 -6.552843e+00 2.804301e+00 5.463470e+00 -3.622209e+00 6.828156e+00 -4.367063e+00 7.067613e+00
-5.188669e+00 -6.860351e+00 7.293351e+00 4.211457e+00 -8.255911e+00 6.439254e-01 -3.757147e-01 6.006264e+00
-3.390542e+00 -8.628904e+00 2.292228e+00 2.588738e+00 -1.964836e+00 3.625081e+00 -3.758046e-01 5.811711e+00
-5.301248e+00 -8.240389e+00 4.656844e+00 5.135154e+00 -8.870168e+00 5.556747e+00 -3.140104e+00 6.541509e+00
-7.383122e+00 -8.481549e+00 2.364685e+00 3.249264e+00 -8.367053e+00 6.045662e+00 -4.026212e+00 4.176609e+00
-4.122751e+00 -8.458620e+00 3.705754e+00 3.104311e-01 -9.101346e+00 4.234739e+00 -2.734220e-01 5.041063e+00
-3.200078e-01 -9.233343e+00 2.564793e+00 3.714084e+00 -6.686748e+00 4.488322e+00 1.981426e-01 3.879973e+00
-4.637451e+00 -3.911273e+00 -1.626031e+00 5.386357e+00 -4.415670e+00 -3.019916e+00 -2.468864e-02 5.311961e+00
-6.602332e+00 -1.067349e+01 -7.629820e-01 1.462650e+00 -4.422724e+00 -4.968856e+00 5.457328e-01 3.378346e+00
-5.946382e+00 -1.100502e+01 -2.460777e+00 5.673862e+00 -6.702755e+00 3.691623e+00 -4.784707e-01 6.312504e-02
-8.833607e+00 -8.401888e+00 1.172885e+00 1.089093e+00 -7.572054e+00 3.526199e+00 -3.197665e+00 4.477699e+00
-8.095047e+00 -6.390810e+00 8.950948e-01 2.922138e+00 -8.871479e+00 -1.994649e-01 -2.227496e+00 5.093992e+00
-1.220534e+01 -6.702471e+00 5.691996e+00 -1.122131e+00 -8.902219e+00 1.555469e+00 -3.944454e+00 4.838381e+00
-8.692838e+00 -8.760958e+00 1.972835e+00 7.039820e+00 -7.363823e+00 2.848257e+00 -2.473844e+00 7.018352e+00
-1.013132e+01 -5.755030e+00 4.110392e+00 8.640473e+00 -8.412383e+00 3.107629e+00 -2.429753e+00 8.971910e+00
-8.253202e+00 -3.809121e+00 8.371894e-01 2.203823e+00 -9.718696e+00 -9.050297e-01 -8.101528e-01 3.608039e+00
-5.793033e+00 -9.058494e+00 1.701686e+00 -2.224619e+00 -9.064087e+00 -4.545973e-01 3.567079e-01 4.743767e+00
-4.099254e+00 -9.525314e+00 -1.358020e+00 8.963492e-01 -9.668345e+00 6.324315e+00 -2.785595e+00 1.238455e+00
-4.265865e+00 -8.282346e+00 -6.323919e+00 1.308205e+00 -9.954744e+00 6.214040e+00 -4.013326e+00 3.341307e+00
-1.046782e+01 -8.719955e-01 2.650029e+00 4.988079e+00 -5.244254e+00 2.213839e+00 -4.105188e+00 3.750878e+00
-6.854814e+00 -1.638434e+00 2.284720e+00 2.599420e+00 -7.810556e+00 8.403131e-01 -3.040593e+00 2.082733e+00
-5.224307e+00 -4.802489e+00 1.311035e+00 3.909317e+00 -7.176940e+00 7.244908e+00 -2.627448e+00 6.858506e+00
-5.977339e+00 -4.580815e+00 2.142181e-01 4.406295e+00 -8.167747e+00 6.946914e+00 -3.115309e+00 7.134538e+00
-1.122073e+01 -5.705531e+00 1.686604e+00 2.920535e+00 -5.109464e+00 2.533394e+00 -5.229559e+00 1.057712e+00
-1.163972e+01 -5.804872e+00 7.642987e-01 3.856105e+00 -5.789640e+00 3.588879e+00 -1.581473e+00 -3.743961e-01
-9.056464e+00 -6.756946e+00 4.260946e+00 5.437917e+00 -4.867377e+00 -2.175056e+00 -4.556147e+00 4.948650e+00
-1.191434e+01 -6.547149e+00 4.165278e+00 2.037671e+00 -4.603683e+00 -7.044375e+00 -5.829257e+00 5.815932e+00
-1.800654e+00 -6.743946e+00 -3.366782e-01 4.027340e+00 -4.833169e+00 5.288872e+00 -7.011905e-01 1.211517e+00
-3.311798e+00 -9.143175e+00 -7.868294e-01 3.778898e+00 -4.688204e+00 9.016176e+00 1.594841e+00 4.246983e+00
-1.501980e+00 -7.980784e+00 1.033885e+00 3.002841e+00 -9.201161e+00 3.637627e+00 1.845094e-01 2.599245e+00
-5.049225e+00 -9.328833e+00 -2.998833e+00 5.779613e-02 -7.102040e+00 9.114333e+00 5.244251e+00 2.367537e+00
-7.439269e-01 -7.310350e+00 -1.928227e+00 8.140955e+00 -6.304043e+00 6.523370e+00 7.128996e-01 2.428971e+00
-4.753447e+00 -6.816369e+00 -8.617166e-01 2.783547e+00 -1.035562e+01 5.612222e+00 -4.112732e-01 4.315697e+00
-3.796125e+00 -9.120830e+00 -8.260098e-01 4.997347e+00 -5.458732e+00 4.978160e+00 -6.406579e-01 2.621610e+00
-5.298464e-01 -1.004291e+01 -1.208560e+00 3.303517e+00 -8.719631e+00 1.236815e+00 1.353611e+00 8.698493e+00
-3.338083e+00 -9.778573e+00 -3.061602e+00 2.405920e+00 -7.634709e+00 7.930981e+00 2.226192e+00 6.865801e+00
-1.262302e+01 -3.073086e+00 2.122322e+00 4.382096e+00 -9.395986e+00 8.971298e+00 -1.979282e+00 5.125043e+00
7.099286e-01 -1.114959e+01 2.531689e+00 6.045203e-01 -6.899697e+00 7.031818e+00 4.761070e+00 2.210588e+00
-3.194323e+00 -3.495120e+00 5.344562e-01 4.195516e+00 -6.235609e+00 3.631503e+00 -3.468217e+00 2.715914e+00
-3.163378e+00 -4.713207e+00 -3.463326e+00 3.544305e+00 -2.527692e+00 4.979982e+00 -3.171298e+00 5.444566e+00
-3.774786e+00 -1.001593e+01 -1.888489e+00 3.443999e+00 -2.797646e+00 3.199718e+00 1.165017e+00 5.773982e+00
-1.700042e+00 -9.959141e+00 -4.675029e-01 3.774977e+00 -8.183318e+00 5.284078e+00 2.459864e+00 4.520797e+00
-1.750903e+00 -4.388079e+00 -5.078416e-01 2.535386e+00 -5.139233e+00 5.565524e+00 -5.134122e+00 3.216235e+00
-2.693913e+00 -7.921193e+00 -6.997853e-01 5.514553e+00 -3.622502e+00 5.065204e+00 5.637372e-01 7.307993e+00
1.568920e-01 -5.118019e+00 -1.030652e+00 5.846710e+00 -5.015136e+00 2.650658e+00 2.609677e+00 7.155676e+00
3.943767e+00 -1.122537e+01 5.089421e-01 3.558232e+00 -4.052445e+00 4.499662e+00 2.294690e+00 2.585025e+00
-8.640037e+00 -5.573548e+00 3.102294e+00 6.842737e+00 -5.420405e+00 4.180532e+00 -5.069688e+00 6.685714e+00
-9.456287e-01 -3.721544e+00 2.183475e+00 5.655056e+00 -5.991425e+00 4.497241e+00 -2.697405e+00 5.924671e+00
-2.314986e+00 -1.056904e+01 2.432601e-01 5.494582e+00 -1.962157e+00 4.249123e+00 -8.516159e-01 5.684141e+00
-3.145919e-01 -5.141082e+00 1.846377e+00 6.083139e-01 -8.010063e+00 3.719306e+00 4.630664e-01 8.688574e+00
-2.230037e+00 -7.630454e+00 -1.015861e+00 6.144498e+00 -3.167050e+00 5.442846e+00 -3.535266e-01 8.376298e+00
-2.018674e+00 -4.353347e+00 -9.273380e-01 1.073165e+01 -2.156481e+00 3.686311e+00 -1.340202e+00 5.063054e-01
-3.714119e+00 -5.168704e+00 3.409969e+00 3.516115e+00 -4.432134e+00 4.740859e+00 -2.826429e+00 7.616456e+00
9.362574e-01 -6.328186e+00 2.430314e+00 3.486734e+00 -8.259250e+00 2.628668e+00 3.253137e+00 4.995996e+00
-1.856902e+00 -7.589586e+00 -7.827582e-01 5.432225e+00 -1.727787e+00 7.788487e-01 -1.874456e+00 4.272621e+00
1.649853e+00 -6.944901e+00 2.080252e+00 2.333179e+00 -4.337216e+00 9.607068e+00 2.700682e-01 6.778492e+00
-4.334004e+00 -5.676600e+00 5.350797e+00 1.333666e+00 -7.171851e+00 3.284553e+00 -4.381997e+00 2.837662e+00
-3.304616e+00 -7.115518e+00 1.368247e+00 5.031076e+00 -5.027201e+00 1.459264e+00 -2.995363e+00 3.094133e+00
-5.012419e+00 -7.399294e+00 1.385440e+00 5.300603e+00 -8.129006e+00 3.368674e-02 -5.827155e-01 7.555880e+00
-5.839063e+00 -4.594038e+00 1.982454e+00 7.148254e+00 -8.174200e+00 3.223674e+00 -3.896276e+00 7.140123e+00
-8.166158e+00 -6.844681e+00 1.650348e+00 5.275977e+00 -4.294067e+00 1.348388e+00 -2.385248e+00 7.933515e+00
-6.272611e+00 -8.277956e+00 2.204270e+00 5.020735e+00 -7.801531e+00 1.839796e+00 -4.418575e+00 4.442505e+00
-4.645862e+00 -5.944859e+00 1.399417e+00 4.581858e+00 -8.062476e+00 7.648040e+00 -2.156488e+00 7.075883e+00
-7.340671e+00 -5.975744e+00 -2.605415e-01 3.878900e+00 -7.353298e-01 1.439470e+00 -2.587792e+00 2.802856e+00
-5.767163e+00 -9.057256e+00 5.330088e+00 4.626500e+00 -1.051572e+01 -3.005266e+00 3.013410e-01 6.989698e+00
-6.838657e+00 -8.460629e+00 7.678100e-01 9.159184e-01 -4.726512e+00 -4.912230e+00 -3.013509e+00 -1.036561e-01
-1.943437e-01 -6.488492e+00 4.256608e+00 2.096856e+00 -8.112110e+00 2.972829e+00 1.558133e-01 6.364409e+00
-4.742527e+00 4.772595e+00 1.081096e+00 7.706570e+00 -4.070665e+00 4.877084e+00 -6.707088e+00 6.923090e+00
-5.819859e+00 -3.215844e+00 4.730218e+00 1.217903e+00 -8.773405e+00 5.492435e+00 -4.407712e+00 4.950598e+00
-1.124735e+01 -4.538083e+00 1.400547e+00 7.651388e+00 -7.324881e+00 1.753237e-01 -4.294195e+00 4.741318e+00
-5.744862e+00 -6.768688e+00 1.263762e+00 -7.437922e-01 -8.926530e+00 4.462189e-02 3.125429e-01 7.005891e+00
-6.998109e+00 -8.736037e+00 2.209661e+00 7.184858e+00 -4.612700e+00 4.239259e+00 -3.149214e+00 1.401447e+00
-3.867604e+00 -6.190212e+00 1.911881e+00 4.946722e+00 -5.547534e+00 8.186232e+00 5.494978e-02 3.782466e+00
-8.966975e+00 -7.797989e+00 2.835007e+00 5.201121e+00 -1.187161e+00 6.223738e-01 -3.714991e+00 5.219505e+00
-3.020615e+00 -4.349673e+00 -2.910745e+00 2.694967e+00 -9.274401e+00 -2.835921e+00 -2.173285e+00 5.244893e+00
-3.171826e+00 -3.973125e-01 8.386939e-01 8.614290e+00 -3.403274e+00 1.342815e+00 -3.028689e+00 4.237280e+00
-6.174545e+00 -1.057454e+01 1.801429e+00 -2.620988e-01 -7.904976e+00 3.690939e+00 -1.497874e+00 2.250837e+00
-7.894081e+00 -9.354557e+00 6.976203e-01 1.708272e+00 -6.267623e+00 2.110003e-01 -4.980130e+00 6.265821e+00
-5.231740e+00 -7.570295e+00 5.551909e+00 3.919912e+00 -3.364428e+00 1.472359e-01 -1.355728e+00 6.114033e+00
-6.251207e+00 -9.565867e+00 -1.722348e+00 4.031656e+00 -4.645100e+00 3.397910e+00 -8.200933e-01 7.375051e+00
-5.640881e+00 -6.490886e+00 -1.604677e+00 2.174525e+00 -4.378069e+00 -2.175921e+00 -2.964071e+00 6.483474e+00
-6.390331e+00 -6.891967e+00 2.374270e+00 8.365376e-01 -8.298836e+00 2.653709e+00 -1.079042e-02 5.549728e+00
-7.167600e+00 -6.909882e+00 1.988868e+00 1.534109e+00 -6.220258e+00 -3.353477e+00 -3.867381e+00 6.909474e+00
-8.425042e+00 -4.426548e+00 -3.157217e-01 1.217645e+00 -7.348916e+00 6.279333e+00 -5.061529e+00 5.181702e+00
-8.412967e+00 -5.121269e+00 6.019870e-01 1.435129e+00 -1.022303e+01 3.943052e+00 -1.668720e+00 4.802374e+00
-9.126252e+00 -5.003960e+00 3.588009e+00 3.421345e+00 -7.338358e+00 -1.485235e-01 -2.869293e+00 8.860591e+00
-4.783626e+00 -8.668836e+00 -6.055459e-02 7.621388e+00 -4.714402e+00 4.128884e-01 -3.970618e+00 5.188222e+00
-1.577485e+00 -7.627214e+00 1.203012e+00 2.974226e+00 -7.184719e+00 1.993798e+00 2.127092e-01 1.368700e+00
-3.417570e+00 -8.524392e+00 1.993673e+00 4.504335e+00 -6.650287e+00 6.618231e+00 -2.944040e+00 4.763205e+00
-3.885700e+00 -8.135827e+00 3.024980e+00 4.843136e+00 -6.425643e+00 5.822499e-01 1.358805e+00 5.543024e+00
-6.956258e+00 -5.643192e+00 -3.381787e-01 4.421272e+00 -8.137802e+00 7.955914e+00 6.840354e+00 4.674130e+00
-1.033008e+00 -1.199128e+01 2.801444e+00 7.955964e+00 -5.705224e+00 3.752853e+00 -4.698600e-02 3.964577e+00
-1.298328e+00 -6.446895e+00 5.349133e-01 4.295289e+00 -6.708545e+00 3.229565e+00 1.908876e+00 6.236324e+00
-5.612155e+00 -9.626603e+00 -1.505520e+00 7.321413e+00 -4.853290e+00 3.176605e+00 -1.560119e+00 2.357053e+00
-8.361120e-01 -4.674295e+00 -1.612567e+00 3.366217e+00 -7.281587e+00 -3.011427e-01 -9.163113e-01 8.769214e+00
1.580353e+00 -7.291859e+00 3.497489e+00 1.364664e+00 -1.020878e+01 4.938951e+00 2.417883e+00 5.397505e+00
-7.906098e+00 -8.419547e+00 2.397206e+00 1.496816e+00 -5.428681e+00 8.278455e+00 -1.979173e-01 3.199677e+00
3.960560e-01 -7.418697e+00 2.699800e-01 3.397228e+00 -7.646223e+00 4.643401e+00 4.174592e+00 2.459033e+00
-5.264150e+00 -2.634819e+00 1.651174e+00 4.555990e+00 -7.982091e+00 4.320524e+00 5.322518e-01 4.199443e+00
-3.772825e+00 -5.033557e+00 -3.787526e+00 5.371780e+00 -3.362334e+00 1.367456e+00 -1.815276e+00 5.747379e+00
-3.658447e-01 -9.765984e+00 -5.665293e-01 6.508570e-01 -4.984268e+00 4.191895e+00 3.720529e-01 4.700423e+00
1.397712e-01 -4.993113e+00 2.686152e+00 2.122651e+00 -9.058950e+00 4.203311e+00 -1.319709e+00 4.168051e+00
2.746646e+00 -2.362147e+00 -1.557989e+00 5.203716e+00 -4.788145e+00 1.639300e-01 -1.228839e+00 6.957023e+00
-3.572798e+00 -8.989193e+00 -5.055944e-01 5.472531e+00 -2.428879e+00 3.635182e+00 -1.943196e-01 7.487803e+00
-1.142100e+00 -4.565331e+00 1.528943e+00 5.105600e+00 -5.287717e+00 8.304726e+00 2.492355e-01 3.381624e+00
1.987213e+00 -1.199601e+01 1.637676e+00 1.772070e+00 -5.923824e+00 6.694485e+00 2.103877e+00 2.103618e-01
-6.594138e+00 -7.121005e+00 6.913425e+00 5.280489e+00 -5.372215e+00 6.657130e+00 -4.868049e+00 3.555184e+00
-3.327297e+00 -1.789806e+00 -1.236998e-01 7.362921e+00 -8.451715e+00 5.451865e+00 -7.333462e-01 3.828910e+00
-1.090885e+00 -9.496292e+00 3.076279e+00 5.404014e+00 -1.883161e+00 5.170747e+00 -1.869425e+00 4.922488e+00
-2.190758e+00 -4.809456e+00 3.890256e+00 -4.201261e-01 -5.876762e+00 6.543606e+00 -1.593337e+00 5.726226e+00
-3.599165e+00 -5.191217e+00 -2.710814e+00 7.415259e+00 -2.391818e+00 2.304249e+00 -7.048215e-01 7.343788e+00
-2.546218e+00 -3.022202e+00 -1.051171e+00 8.489833e+00 -3.862159e+00 -5.862705e-02 7.254541e-02 -7.436420e-01
-4.497516e+00 -4.820610e+00 6.840210e+00 5.093580e+00 -5.150562e+00 3.410166e+00 -3.886676e+00 7.269825e+00
-1.728834e+00 -5.407636e+00 8.352950e-01 3.453699e+00 -7.665116e+00 1.618120e+00 2.842693e+00 9.111875e+00
9.839564e-01 -2.112053e+00 1.589001e+00 4.410547e+00 -5.972159e+00 3.231736e+00 -1.382401e+00 2.261284e+00
-1.624956e+00 -5.673857e+00 3.289235e+00 4.118465e+00 -3.174254e+00 7.842014e+00 -1.326052e+00 5.367646e+00
-5.835678e+00 -6.572711e+00 5.583567e+00 2.168421e-01 -5.165850e+00 2.723886e+00 -1.418586e+00 2.783804e+00
-7.769641e+00 -7.598926e+00 1.832089e+00 5.439648e+00 -6.767666e+00 1.420758e-01 -1.312011e+00 3.751011e+00
-3.121392e+00 -8.023876e+00 1.301985e+00 6.218803e+00 -5.273871e+00 5.592995e-01 -1.359142e-01 6.083802e+00
-6.504239e+00 -4.998383e+00 2.849789e+00 4.173468e+00 -8.257654e+00 1.584783e+00 -3.120882e+00 9.601846e+00
-1.091564e+01 -7.960006e+00 4.557057e+00 6.902812e+00 -3.633452e+00 8.104875e-01 -5.431199e+00 7.441704e+00
-6.051072e+00 -1.045067e+01 5.353803e-01 5.319979e+00 -7.272587e+00 2.430388e+00 -3.118826e+00 4.564544e+00
-4.983988e+00 -5.498600e+00 1.508255e+00 7.413890e+00 -7.852161e+00 7.004346e+00 -1.614825e+00 5.125632e+00
-7.904025e+00 -4.742208e+00 1.843186e+00 3.872037e+00 -3.426535e+00 3.581465e+00 -1.872015e+00 7.672715e+00
-7.050278e+00 -1.192626e+01 3.862154e+00 -3.201155e-01 -9.104164e+00 -6.523189e-01 5.168167e-01 2.865784e+00
-8.181702e+00 -8.926505e+00 -1.818092e+00 -1.134386e+00 -7.997225e+00 -6.682029e+00 -1.803248e-01 2.247201e+00
3.312646e+00 -5.899401e+00 3.141050e+00 3.666095e+00 -9.206092e+00 1.235275e+00 2.121481e+00 7.248146e+00
-3.465494e+00 1.654035e+00 2.695320e+00 1.245953e+01 7.065172e-01 5.278782e+00 -7.562367e+00 6.905140e+00
-5.111854e-01 -7.460530e+00 3.327846e+00 2.914702e+00 -8.026691e+00 7.788246e+00 -2.983558e+00 5.527328e+00
-1.180852e+01 -6.389218e+00 1.264112e+00 6.240481e+00 -5.809884e+00 1.631568e-01 -5.009786e+00 7.681244e+00
-3.338564e+00 -6.527302e+00 2.670969e+00 2.664947e+00 -7.040102e+00 -2.920893e+00 2.098781e-01 8.929512e+00
-8.693931e+00 -6.927582e+00 3.506129e+00 4.539498e+00 -3.483437e+00 4.119190e+00 -5.181727e+00 2.878041e+00
-9.101728e-01 -1.036615e+01 2.858964e+00 5.398201e+00 -5.467529e+00 5.943850e+00 8.019970e-01 5.545530e+00
-8.615068e+00 -7.475903e+00 2.963892e+00 4.020812e+00 -4.559447e+00 2.064377e+00 -2.289195e+00 4.396012e+00
-4.223761e+00 -3.305305e+00 -3.610065e+00 1.887618e+00 -6.604914e+00 -1.250691e+00 -3.538055e+00 5.192062e+00
-1.105416e+01 -5.023030e-01 -1.356942e-01 7.545137e+00 -1.576970e+00 3.914500e+00 -4.168149e+00 5.212841e+00
-5.954487e+00 -7.152025e+00 1.632051e+00 2.270154e+00 -6.410132e+00 2.846991e+00 -3.000733e+00 5.803502e+00
-9.667011e+00 -4.524648e+00 2.294585e+00 6.751626e+00 -9.129024e+00 2.562887e+00 -4.316445e+00 6.559701e+00
-5.228826e+00 -6.454653e+00 2.153812e+00 4.397221e+00 -5.677348e+00 1.048266e+00 -2.437630e+00 5.587083e+00
-1.702726e+00 -5.414163e+00 2.448256e+00 6.031631e+00 -6.923757e+00 2.033135e+00 -2.058058e+00 4.967888e+00
-5.251706e+00 -5.287011e+00 -2.868682e+00 2.889797e+00 -6.380403e+00 9.363172e-01 -1.565416e+00 5.216711e+00
-7.055460e+00 -5.679489e+00 2.745997e+00 2.001470e+00 -5.457897e+00 -5.173881e+00 -3.725144e+00 5.188817e+00
-1.130527e+01 -5.313031e+00 -2.094160e-01 -1.234584e+00 -5.020843e+00 -3.210758e+00 -4.646783e+00 8.019234e+00
-4.324806e+00 -5.610092e+00 -8.058702e-01 4.417980e+00 -7.667840e+00 5.943004e+00 -1.897040e+00 5.557066e+00
-8.636073e+00 -7.829697e+00 2.536677e+00 2.485870e+00 -8.300366e+00 1.199471e+00 -3.336383e+00 3.707464e+00
-1.217484e+01 -1.667846e+00 1.545244e+00 4.176512e+00 -7.892555e+00 -1.135598e+00 -6.851462e+00 4.490409e+00
-6.870377e+00 -7.861545e+00 2.689492e+00 3.853764e+00 -3.330253e+00 -1.115948e+00 -1.457815e+00 1.049113e+01
-2.726200e+00 -7.205658e+00 -8.727768e-01 3.616206e+00 -9.082443e+00 2.835361e+00 2.837380e+00 1.636523e+00
1.377449e+00 -6.566462e+00 1.121476e+00 4.807560e+00 -1.072132e+01 7.485074e+00 5.467060e-01 3.627024e+00
2.893571e+00 -3.473796e+00 7.380379e-01 -5.838794e-01 -8.367535e+00 3.786119e+00 -1.226128e+00 7.125741e+00
-1.729321e+00 -3.269309e+00 7.724627e-01 5.705869e-01 -7.399649e+00 4.256758e+00 1.738664e+00 5.203729e+00
-2.895775e-01 -6.448041e+00 -7.636519e-01 1.773639e+00 -6.186311e+00 8.467570e+00 1.614909e+00 6.053430e+00
3.437189e+00 -5.413629e+00 -3.417644e-01 2.001785e+00 -5.902271e+00 1.052863e+01 3.504352e+00 -1.818659e-02
-1.241732e+00 -5.975909e+00 -3.483882e-02 5.656968e+00 -2.212871e+00 9.371272e-01 -6.839385e-01 7.740880e+00
1.216965e+00 -6.138388e+00 3.604786e+00 1.791327e+00 -6.253637e+00 7.024151e+00 1.475358e+00 4.642524e+00
-4.227186e+00 -9.245953e+00 2.614059e+00 3.744939e+00 -7.566972e+00 5.861274e+00 -1.908644e+00 3.574188e+00
-3.189205e+00 -6.247336e+00 1.139615e+00 1.119140e+00 -8.062396e+00 3.690363e+00 -1.828949e+00 2.221028e+00
1.206708e+00 -5.691463e+00 -4.768312e+00 3.642591e+00 -9.131249e+00 5.103375e+00 2.704161e+00 5.872366e+00
-2.635501e-01 -5.814721e+00 -4.074309e+00 2.843264e+00 -6.469177e+00 5.397136e+00 -2.560756e+00 4.061889e+00
-1.425012e+00 -7.344217e+00 4.652786e+00 1.540357e+00 -8.804754e+00 5.219947e+00 -1.552895e+00 3.412309e+00
-2.103087e+00 -5.187317e+00 3.978836e+00 3.145545e+00 -9.598024e+00 7.199602e+00 -1.105201e+00 4.913111e+00
-1.427622e+00 -8.269342e+00 4.159448e-01 3.735820e+00 -4.360782e+00 7.203760e+00 -3.952743e+00 4.300328e+00
-3.926182e+00 -4.948007e+00 6.967032e-01 9.809860e+00 -2.892711e+00 5.558734e+00 -2.034270e+00 4.376246e+00
1.075186e-01 -7.314914e+00 -1.495631e+00 3.884851e+00 -8.909224e+00 7.043291e+00 4.073788e+00 4.257775e+00
-4.806913e+00 -6.806719e+00 -1.302257e+00 3.206080e+00 -8.373014e+00 4.011475e+00 2.905833e+00 3.979068e+00
-8.347926e-01 -5.570808e+00 1.287209e+00 7.404019e+00 -4.923397e+00 4.341276e+00 9.564863e-01 6.503087e+00
-2.048716e+00 -2.524564e+00 4.281482e-01 8.304824e-01 -5.591926e+00 3.656918e+00 1.845026e+00 5.518898e+00
-2.982259e+00 -6.468962e+00 -2.441971e+00 2.032353e-02 -9.790523e+00 5.075759e+00 2.296437e+00 5.548374e+00
-2.365776e+00 -6.362751e+00 -1.542751e+00 3.242836e+00 -9.526079e+00 5.572773e+00 2.042843e+00 5.574657e+00
-4.961008e+00 -5.711893e+00 3.419376e+00 1.233665e+00 -9.265407e+00 7.172885e+00 -1.984152e+00 4.276702e+00
-4.619532e+00 -3.743461e+00 4.102849e+00 8.734080e-01 -8.729577e+00 7.661030e+00 -2.273335e+00 4.664392e+00
-1.252091e+00 -6.339411e+00 1.131723e+00 4.371704e+00 -4.946844e+00 7.902700e+00 -5.439549e-01 3.987382e+00
-2.891703e+00 -8.805340e+00 1.782519e+00 4.167765e+00 -5.281268e+00 9.859979e+00 -2.802111e+00 3.495654e+00
-1.545985e+00 -7.321133e+00 1.790776e+00 5.608113e+00 -6.305343e+00 3.786402e+00 2.894955e+00 4.700608e+00
2.697210e+00 -9.067592e+00 9.156683e-01 3.356870e+00 -5.358135e+00 5.067645e+00 2.134175e+00 2.436544e+00
-2.082144e+00 -9.188085e+00 -1.299688e+00 2.925404e-01 -4.579249e+00 2.179022e+00 1.261767e+00 5.177304e+00
1.709364e+00 -1.000338e+01 -1.797574e+00 1.725077e+00 -8.737060e+00 4.280423e+00 1.328143e+00 3.013989e+00
-9.593802e+00 -8.692190e+00 -7.098843e-01 -1.179898e-01 -1.513508e+01 4.490434e+00 -3.215343e+00 3.521839e+00
-9.730608e+00 -6.606130e+00 1.037213e+00 -7.737757e-01 -1.533278e+01 2.094354e+00 -7.194886e-01 5.653189e+00
-9.544090e+00 -4.550708e+00 4.131890e+00 -1.426217e+00 -5.016177e+00 2.237611e+00 -3.310062e+00 1.519358e+00
-8.586444e+00 -6.786521e+00 2.563298e+00 3.725099e+00 -7.624983e+00 2.895427e-01 -2.812861e+00 5.315497e+00
-4.357734e+00 -8.611463e+00 7.799796e-01 2.935821e+00 -5.434243e+00 -3.046770e+00 1.063841e+00 1.007246e+01
-6.693326e+00 -1.059220e+01 1.332926e+00 2.459411e+00 -5.436684e+00 -1.177374e+00 5.510537e-01 9.294466e+00
-3.971901e+00 -5.550403e+00 1.580201e+00 3.128244e+00 -3.643120e+00 1.089264e+00 -4.356096e+00 3.561735e+00
-5.646723e+00 -5.165068e+00 2.373323e-01 4.367751e+00 -4.650789e+00 2.484851e+00 -1.148967e+00 2.914095e+00
-1.098885e+01 -5.613143e+00 -5.002134e-02 -7.918147e-01 -1.032873e+01 -1.378727e+00 -3.438940e+00 5.147679e+00
-6.453642e+00 -6.774389e+00 2.696167e+00 4.020486e+00 -6.554980e+00 7.710758e-02 -5.006054e+00 6.476724e+00
-1.224570e+01 -1.041057e+01 1.886363e+00 4.600924e-01 -7.059663e+00 7.191641e+00 -1.305649e+00 5.191832e+00
-9.086563e+00 -5.187227e+00 2.796875e+00 5.828751e+00 -1.314102e+01 -1.016914e+00 -3.502384e+00 7.271713e+00
-5.498857e+00 -6.810840e+00 -4.931414e-01 2.977110e+00 -8.840658e+00 5.004998e+00 4.156160e-01 7.255299e+00
-7.759999e+00 -8.275500e+00 -1.215635e+00 7.454862e+00 -8.641276e+00 6.402186e-01 -7.912264e-01 5.926931e+00
-1.034754e+01 -9.398201e+00 -1.928254e+00 2.821944e+00 -3.727521e+00 -4.038051e+00 -3.150700e+00 5.633044e+00
-4.672234e+00 -5.160337e+00 -2.090357e+00 3.639521e+00 -7.737903e+00 -1.881875e+00 -2.649780e+00 8.648704e+00
-4.635157e+00 -6.698773e+00 7.048864e-01 4.717450e+00 -5.871397e+00 2.904432e+00 -1.795942e+00 5.345141e+00
-5.410027e+00 -3.632649e+00 1.264863e+00 4.800555e+00 -7.554762e+00 1.399364e+00 -3.221793e+00 8.130747e+00
-3.593273e+00 -7.695291e+00 4.076777e+00 1.227346e+01 -6.366902e+00 3.551050e+00 -2.488074e+00 8.547284e+00
-5.795253e+00 -8.177293e+00 1.493742e+00 1.179591e+01 -5.550320e+00 6.833575e+00 -2.290501e-01 7.351989e+00
-7.284141e+00 -2.900304e+00 -1.972942e+00 2.666944e+00 -5.049615e+00 4.902792e+00 -3.140092e+00 3.121578e+00
-4.288137e+00 -5.314973e+00 1.358897e+00 5.581037e+00 -5.737299e+00 4.396344e+00 -1.928359e+00 2.294372e+00
-6.276286e+00 -2.576167e+00 3.537720e+00 8.450021e+00 -6.200506e+00 -1.204654e+00 -3.348025e+00 9.477636e+00
-4.897640e+00 -5.302311e+00 -3.818449e-02 1.135827e+00 -1.012832e+01 3.630286e+00 -3.432056e+00 5.890308e+00
-1.019645e+01 -6.070697e+00 3.071837e+00 1.930905e+00 -9.266514e+00 -2.571254e+00 -1.563971e+00 6.660331e+00
-7.227997e+00 -8.925514e+00 3.834864e+00 1.144148e+00 -9.506590e+00 -4.056713e+00 -2.716194e+00 4.566703e+00
-1.084506e+01 -4.193493e+00 -1.680429e-01 3.387930e+00 -8.258364e+00 -1.654808e+00 -4.001281e+00 5.398734e+00
-9.103948e+00 -3.046996e+00 -9.364121e-01 -4.107677e-01 -7.810526e+00 -4.319814e+00 -4.873660e+00 3.503121e+00
-5.886483e+00 -7.671068e+00 -5.967308e+00 1.748462e+00 -4.352727e+00 4.339048e+00 -4.030551e-01 7.235095e+00
-5.834378e+00 -2.216681e+00 -2.638888e+00 8.431274e+00 -2.474138e+00 9.269159e-01 -3.274483e+00 7.709720e+00
-4.667853e+00 -8.620846e+00 -5.899411e+00 -8.225466e-01 -1.220807e+01 -1.982310e-02 6.564665e+00 3.707491e+00
-6.153944e+00 -8.693159e+00 -3.085109e+00 4.571462e-01 -1.155713e+01 -5.205632e-01 9.387706e+00 6.654343e+00
-1.467222e+00 -1.114497e+01 5.276505e-01 -2.556032e+00 -1.806084e+01 5.783338e+00 6.286122e+00 9.617334e+00
-4.609718e+00 -9.261411e+00 9.754901e-01 -4.123282e+00 -1.836589e+01 4.031233e+00 7.949787e+00 6.121375e+00
-4.934916e+00 -3.610760e+00 2.240863e+00 4.815292e+00 -8.385810e+00 -3.444671e+00 4.353831e+00 1.108822e+01
-6.413353e+00 -1.531949e-01 -1.791665e+00 2.728743e+00 -7.452268e+00 2.222210e+00 5.831042e+00 8.949694e+00
-3.415253e+00 -8.644241e+00 -1.161746e+00 3.130326e+00 -1.148865e+01 2.311658e+00 5.508018e+00 3.577302e+00
-9.601456e-01 -1.292963e+01 -4.593102e+00 -8.086438e-01 -9.309308e+00 4.482106e+00 9.291472e+00 5.200986e+00
-1.930945e+00 -5.546527e+00 1.229486e+00 1.675479e+00 -7.869400e+00 2.467212e+00 6.063088e+00 1.044469e+01
-5.817599e+00 -8.622437e+00 1.000308e+00 7.846253e-01 -1.158892e+01 2.814894e+00 5.678094e+00 8.032661e+00
-1.236933e+00 -5.892434e+00 -3.872123e+00 7.001431e-01 -1.298405e+01 6.040951e+00 5.457462e+00 6.427707e+00
-7.232527e+00 -4.913516e+00 -3.665947e-01 -9.456081e-01 -1.718280e+01 1.471211e+00 3.057885e+00 7.460162e+00
-4.504355e+00 -7.912647e+00 -2.157344e+00 -3.738549e+00 -1.126430e+01 5.860966e+00 3.949639e+00 8.820076e+00
-4.876002e+00 -8.318161e+00 9.982722e-01 1.944457e-01 -1.268074e+01 3.067333e+00 3.662875e+00 9.282028e+00
-3.280690e+00 -2.962499e+00 -1.320598e+00 4.416268e+00 -7.010841e+00 3.129570e+00 6.082900e+00 9.483800e+00
-3.538936e+00 -6.455361e+00 -1.285444e+00 2.921893e+00 -1.055499e+01 7.142765e-01 6.906529e+00 7.707191e+00
2.692208e-01 -1.147156e+01 3.379489e+00 -5.032519e+00 -1.031706e+01 5.466030e+00 7.613739e+00 8.940070e+00
-3.840093e+00 -9.613428e+00 -8.019741e-01 -4.713092e+00 -8.877442e+00 2.842839e+00 7.845111e+00 8.130515e+00
-4.970008e+00 -4.438568e+00 -3.957780e-01 1.741943e+00 -1.203234e+01 3.241646e+00 4.572693e+00 1.043972e+01
-5.505244e+00 -9.502016e-01 -8.076555e-01 5.799294e+00 -8.097572e+00 5.585103e+00 1.071795e+00 6.252859e+00
-1.576117e-01 -5.227166e+00 1.153828e+00 -4.849033e+00 -7.549615e+00 3.827140e+00 6.079572e+00 6.530662e+00
-2.408958e+00 -7.455060e+00 2.436193e+00 -2.123335e+00 -9.263010e+00 3.844274e+00 4.177544e+00 7.933852e+00
4.058665e-01 -6.066707e+00 5.632162e-01 5.988059e-01 -6.209252e+00 2.630866e+00 3.577979e+00 1.053085e+01
9.580242e-01 -6.917321e+00 -9.933135e-01 -2.587889e+00 -9.065271e+00 3.158112e+00 4.252738e+00 6.269417e+00
-4.312107e+00 -4.545908e+00 -4.020712e+00 1.419167e+00 -6.490026e+00 5.949948e+00 7.501410e-01 4.451552e+00
-5.246249e+00 -1.406187e+00 -5.334703e-01 2.284662e+00 -7.981040e+00 4.738804e+00 3.312371e+00 4.596843e+00
-4.627357e+00 -9.800656e+00 -6.026858e+00 -1.306263e+00 -1.151227e+01 3.973939e+00 1.054503e+01 5.235479e+00
-2.443645e+00 -9.186828e+00 -4.780758e+00 -1.583011e+00 -1.058279e+01 2.873070e+00 9.366849e+00 4.465008e+00
-4.190972e-01 -1.065697e+01 -4.706716e+00 -7.679267e+00 -1.225440e+01 4.583718e+00 8.591157e+00 1.481615e+00
-4.326717e+00 -1.168816e+01 -4.012545e+00 2.430524e+00 -8.763172e+00 3.945764e+00 7.241074e+00 5.846037e+00
-1.001831e+00 -9.503318e+00 8.363138e-01 -9.042252e-01 -1.045519e+01 6.007861e+00 5.999843e+00 7.638321e+00
-2.595243e+00 -6.300687e+00 1.736730e+00 -1.016180e+00 -8.351320e+00 6.912737e+00 7.125059e+00 9.978088e+00
-5.338905e+00 -8.991104e+00 2.705812e+00 3.041574e+00 -8.729266e+00 1.081664e+01 4.889187e+00 6.730918e+00
-6.332998e+00 -1.059417e+01 7.837824e-02 -6.682434e-01 -1.541588e+01 7.931299e+00 5.374092e+00 7.395120e+00
-4.474443e+00 -1.142212e+01 -1.620476e+00 -1.349994e+00 -1.296028e+01 8.734665e+00 5.844611e+00 5.987313e+00
-3.304031e+00 -9.569224e+00 -7.201068e-01 -6.721735e-01 -8.879070e+00 7.312516e+00 3.467734e+00 7.380393e+00
-2.871997e+00 -8.377353e+00 1.376400e+00 -4.439257e+00 -1.260978e+01 7.050677e+00 3.291325e+00 3.893551e+00
-5.533646e+00 -6.658742e+00 5.040142e-02 -2.249991e+00 -9.639597e+00 2.943680e+00 4.057725e+00 7.917384e+00
-4.248943e-01 -8.764918e+00 4.391904e-01 -2.231230e+00 -1.337260e+01 2.408919e+00 3.693477e+00 9.505455e+00
-4.136593e+00 -9.970266e+00 2.159302e+00 -3.192999e+00 -9.645681e+00 4.721386e+00 4.063282e+00 1.209927e+01
7.374174e-02 -1.136223e+01 3.667218e+00 -1.840922e+00 -1.196155e+01 5.278440e+00 8.823511e+00 6.623897e+00
-2.529793e+00 -8.681162e+00 -3.390613e+00 -2.696861e-01 -1.584785e+01 6.328562e+00 8.977135e+00 7.352167e+00
-3.500217e+00 -7.703545e+00 -3.794672e+00 2.787550e+00 -1.802114e+01 3.186169e+00 5.154542e+00 8.432408e+00
-3.268058e+00 -8.487665e+00 -5.584772e+00 -1.024475e+00 -1.343794e+01 6.014879e+00 5.619334e+00 2.573108e+00
-2.618188e+00 -3.512905e+00 -3.482618e+00 2.068018e+00 -7.235145e+00 5.285786e+00 5.059176e+00 1.025544e+01
-3.462428e+00 -2.606793e+00 -1.743526e+00 3.488095e+00 -8.672616e+00 3.479311e+00 4.146044e+00 1.253488e+01
-3.774527e+00 -1.032116e+01 -1.705574e+00 5.106555e-01 -8.521431e+00 5.712100e-01 6.781597e+00 7.339416e+00
-3.402468e+00 -1.243369e+01 -3.829036e+00 2.412749e+00 -9.363001e+00 1.071412e+00 9.014094e+00 6.103919e+00
-4.115580e+00 -7.552822e+00 -1.663371e+00 -1.849136e+00 -5.072030e+00 6.765805e+00 5.146682e+00 1.629586e+00
2.751252e-01 -9.320231e+00 -1.654322e+00 -8.935125e-01 -5.946450e+00 1.891749e+00 7.206333e+00 8.338217e+00
-2.626363e-01 -1.052805e+01 -1.469436e+00 8.482051e-02 -1.294241e+01 6.946451e+00 9.346732e+00 6.317691e+00
-4.603287e+00 -6.882043e+00 3.061388e+00 -2.650808e+00 -1.402515e+01 3.481084e+00 5.040122e+00 8.448131e+00
-2.925786e+00 -7.803887e+00 -1.920034e+00 -8.589196e-01 -1.141030e+01 5.949683e+00 7.049805e+00 5.708757e-01
4.870619e-01 -9.400816e+00 -1.954566e+00 2.641847e+00 -1.185717e+01 9.130621e+00 6.826457e+00 3.927997e+00
-4.830596e+00 -8.514366e+00 -2.277587e+00 -8.343471e-01 -1.275335e+01 5.536230e+00 5.821831e+00 6.957744e+00
-3.851113e+00 -6.802864e+00 -3.248177e+00 3.369184e-01 -1.258409e+01 5.626903e+00 9.227101e+00 3.243898e+00
-3.715754e+00 -8.329349e+00 1.035975e+00 8.252319e-01 -1.310807e+01 5.500215e+00 4.030544e+00 6.929523e+00
-1.201580e+00 -6.996220e+00 9.007814e-01 4.409915e-01 -1.441865e+01 1.827804e+00 4.888015e+00 6.539488e+00
-3.518889e+00 -8.987552e+00 -3.410258e+00 -1.223771e+00 -1.265747e+01 2.431233e+00 4.367082e+00 4.775715e+00
-1.902873e+00 -1.154580e+01 -3.116162e+00 -4.028844e+00 -1.171840e+01 1.696071e+00 4.864052e+00 4.613016e+00
-6.780713e+00 -7.337385e+00 1.725175e-01 3.819202e+00 -1.313636e+01 1.766382e+00 4.571859e+00 1.009838e+01
-6.897018e+00 -3.298762e+00 1.479783e+00 -2.184572e+00 -1.153431e+01 -2.743315e+00 2.139508e+00 1.368231e+01
-7.379999e+00 -6.439425e+00 -3.013770e+00 -1.004293e+00 -1.391820e+01 -2.027530e+00 2.428714e+00 1.390884e+01
-4.768544e+00 -5.756963e+00 -3.635512e+00 -2.833616e-01 -1.472709e+01 -1.191144e+00 1.918161e+00 1.130107e+01
-2.185967e+00 -1.050799e+01 2.539719e+00 -2.240093e+00 -1.493928e+01 4.018752e+00 5.716183e+00 7.688826e+00
1.468189e+00 -7.316518e+00 1.802951e+00 4.718822e-01 -1.369742e+01 2.499065e+00 7.563039e+00 5.642074e+00
-2.037204e+00 -2.857761e+00 -3.830740e+00 -2.089749e+00 -1.011745e+01 2.074159e+00 -9.749328e-01 1.020446e+01
-5.371395e+00 -2.613272e+00 -2.034095e+00 1.286366e+00 -1.251637e+01 4.076559e+00 1.794574e-01 9.535779e+00
-4.273382e+00 -7.423285e+00 1.689139e+00 -8.329615e-02 -1.617985e+01 8.474814e+00 2.910088e+00 9.867308e+00
-1.771505e-01 -9.611976e+00 2.032873e+00 6.878169e-01 -1.595323e+01 1.007740e+01 1.845556e+00 6.933002e+00
-5.785757e+00 -1.079854e+01 3.816886e+00 -4.355617e+00 -1.565574e+01 5.524379e+00 5.725106e-01 6.616094e+00
-5.449134e+00 -1.035409e+01 3.787274e+00 -4.682900e+00 -1.520460e+01 2.465238e+00 1.201366e+00 7.204018e+00
-4.375098e+00 -8.751340e+00 4.796527e-01 -2.592443e+00 -1.006331e+01 2.735045e+00 2.262971e+00 8.705377e+00
-4.591279e+00 -1.095591e+01 3.738485e-01 -1.534947e+00 -1.249730e+01 3.532318e-01 3.879277e+00 9.477409e+00
-3.138738e+00 -1.090828e+01 -2.629650e+00 -4.367814e+00 -1.600568e+01 -5.045768e-01 2.053981e+00 6.422643e+00
-2.966951e+00 -1.071227e+01 -4.227940e+00 -4.696488e+00 -1.671011e+01 7.006692e-01 3.212906e+00 7.291845e+00
-3.988983e+00 -5.942407e+00 -2.335141e+00 -1.401028e+00 -1.445432e+01 5.747732e+00 4.737113e+00 4.875722e+00
-5.156223e+00 -7.914390e+00 -1.520569e+00 -2.227564e+00 -1.556538e+01 5.810479e+00 3.180694e+00 4.437548e+00
-1.178039e+00 -6.471162e+00 1.404409e+00 -5.943985e+00 -1.163680e+01 2.812309e+00 3.981253e+00 7.416667e+00
-4.060561e+00 -6.367208e+00 7.308369e-01 -3.699488e+00 -1.006312e+01 2.342456e+00 2.793433e+00 8.528336e+00
-4.047623e+00 -7.297105e+00 -4.283653e+00 -6.604934e-01 -1.464407e+01 4.935716e+00 1.042481e+00 1.143805e+01
-5.507596e+00 -6.036885e+00 -3.371874e+00 -1.894386e+00 -1.310841e+01 5.558934e+00 9.574165e-01 1.142986e+01
-6.397335e+00 -8.266980e+00 1.256185e+00 -4.880759e+00 -1.388884e+01 2.048133e+00 3.261078e+00 8.918676e+00
-5.976551e+00 -8.302213e+00 -4.265705e-01 -5.473305e+00 -1.344541e+01 1.556200e+00 3.434940e+00 8.431325e+00
-4.002598e+00 -4.906514e+00 8.961642e-01 -1.677817e+00 -1.725841e+01 4.439551e+00 2.485640e+00 5.203427e+00
-5.983098e-01 -8.244847e+00 4.357523e-01 -1.442697e+00 -1.695446e+01 4.451184e+00 1.125693e+00 2.272570e+00
-4.912075e+00 -8.517615e+00 1.349177e+00 -5.042991e+00 -1.436344e+01 -9.463213e-03 1.722262e+00 9.111216e+00
-5.844951e-01 -9.159720e+00 -1.251903e+00 -8.439506e-01 -1.297940e+01 1.099706e+00 4.443882e+00 9.167657e+00
1.528656e+00 -9.640093e+00 -3.350761e+00 2.391981e+00 -1.598035e+01 3.857247e+00 -1.485957e+00 8.439346e+00
-2.607852e+00 -7.914673e+00 -3.580148e+00 -5.786481e-02 -1.480854e+01 6.499211e+00 3.480661e+00 8.096160e+00
-5.330013e+00 -1.053582e+01 4.190064e-02 -4.474794e+00 -1.725334e+01 3.169801e+00 2.069807e+00 8.592515e+00
-7.053232e+00 -1.062502e+01 -4.093917e+00 -1.745961e+00 -1.574967e+01 6.228200e+00 2.677619e+00 8.451330e+00
-8.009796e+00 -8.432048e+00 7.222164e-01 -1.891560e+00 -1.248187e+01 4.119130e+00 2.329004e+00 8.038822e+00
-5.569327e+00 -9.387250e+00 6.690054e-01 -2.121909e+00 -1.105242e+01 5.007273e+00 3.104901e+00 6.278195e+00
-4.849572e+00 -7.708656e+00 1.749607e+00 -3.395320e+00 -1.227184e+01 2.020337e+00 3.803565e+00 8.024631e+00
-1.018018e+00 -6.431639e+00 -7.446426e-01 -1.616527e+00 -8.867054e+00 4.743357e+00 3.169198e+00 5.305320e+00
-2.990362e+00 -7.969856e+00 -5.464503e-01 -2.287593e+00 -1.736030e+01 2.654473e+00 2.391216e+00 6.813526e+00
-2.799488e+00 -8.438297e+00 -1.459005e+00 -3.349856e+00 -1.324945e+01 6.277061e+00 2.578295e+00 7.727012e+00
-2.469728e+00 -7.200145e+00 2.307263e+00 -1.831254e+00 -1.362480e+01 7.796292e+00 2.096268e+00 7.548579e+00
-1.040997e+00 -1.061449e+01 1.864062e+00 -3.385380e+00 -1.216131e+01 6.176813e+00 1.261072e+00 8.503075e+00
-1.128904e+00 -9.415710e+00 5.101506e-02 -3.095949e-01 -1.018762e+01 1.721312e+00 4.394003e-01 9.871175e+00
-6.842500e+00 -1.047338e+01 -1.632324e+00 -1.493889e+00 -1.089682e+01 6.163759e-01 3.889822e+00 9.052014e+00
-8.019265e+00 -7.589212e+00 -1.135673e+00 -3.000751e+00 -1.373145e+01 6.365173e+00 3.665942e-02 8.058602e+00
-8.696836e+00 -1.187589e+01 -1.437824e+00 -3.027395e+00 -9.709769e+00 4.874447e+00 6.296119e-01 8.154964e+00
-1.001705e+01 -8.469097e+00 -2.459166e+00 -1.054000e+00 -1.137341e+01 5.515348e+00 1.124490e+00 8.857274e+00
-6.796054e+00 -1.176244e+01 -1.822273e+00 -3.056538e+00 -1.334280e+01 6.204766e+00 -3.730604e-01 9.150427e+00
-2.917496e+00 -8.012251e+00 -7.136106e-01 -3.224552e+00 -1.327081e+01 5.208476e+00 3.346710e+00 9.749545e+00
-3.872339e+00 -7.539404e+00 -1.475039e+00 -2.809240e+00 -1.396375e+01 6.485152e+00 3.397492e+00 6.667532e+00
-4.022371e+00 -1.258784e+01 -1.382849e+00 -4.410156e+00 -1.252138e+01 2.992413e-01 5.363202e+00 6.412409e+00
-1.226459e+00 -1.251891e+01 4.094367e-01 -3.496458e+00 -1.223830e+01 2.925929e+00 2.915582e+00 8.130402e+00
-5.560499e+00 -1.139322e+01 -2.356543e+00 -6.302231e+00 -1.772134e+01 1.708755e+00 -9.534720e-01 5.425615e+00
-3.112293e+00 -9.856957e+00 -5.015273e+00 -5.544569e+00 -2.020736e+01 2.181744e+00 -1.722103e+00 3.366022e+00
-9.333734e+00 -7.881025e+00 3.274782e+00 -1.533930e+00 -1.053298e+01 7.205332e+00 8.964553e-01 3.229958e+00
-6.624095e+00 -7.256735e+00 1.303288e+00 -3.129091e-01 -1.258566e+01 5.816690e+00 2.173140e+00 8.416720e+00
-2.767433e+00 -5.846815e+00 -6.518132e-01 -4.969200e+00 -1.596703e+01 6.400635e+00 8.205101e-01 8.558061e+00
-1.970348e+00 -8.016669e+00 2.374507e-01 -1.524607e+00 -1.288143e+01 3.620902e+00 9.841984e-02 8.106162e+00
-8.679565e+00 -3.299833e+00 -1.380593e+00 -6.204270e+00 -1.059976e+01 8.259423e-01 1.218358e+00 7.930517e+00
-8.977091e+00 2.042968e-01 -6.669602e-01 -1.157967e+00 -1.049598e+01 2.182380e+00 -2.010930e+00 9.254545e+00
-2.100535e+00 -1.177148e+01 -2.182070e+00 -3.379295e+00 -8.551652e+00 1.773866e+00 1.834191e+00 9.569864e+00
-2.282707e+00 -7.553824e+00 9.590681e-01 -2.654665e+00 -1.305656e+01 3.172619e+00 -1.628610e-01 7.908989e+00
1.285387e-01 -1.005801e+01 -7.997897e-01 -3.822710e+00 -1.697261e+01 1.715707e+00 5.120908e+00 7.987828e+00
-4.162715e+00 -8.499123e+00 -5.870237e-01 1.700100e+00 -1.198980e+01 5.526413e+00 4.342920e+00 7.581457e+00
1.304243e+00 -8.845686e+00 1.021363e+00 -8.402692e-01 -1.262278e+01 4.495600e+00 6.312399e+00 7.041242e+00
-5.668997e-02 -1.090949e+01 2.733415e+00 4.145240e-01 -1.225014e+01 5.169705e+00 6.583311e+00 6.515067e+00
-3.076571e+00 -7.391822e+00 -6.298596e+00 1.205902e+00 -1.254441e+01 2.732411e+00 7.551235e+00 8.273814e+00
-8.777608e+00 -7.326669e+00 -3.498327e+00 -2.554860e-01 -1.347263e+01 7.374425e+00 5.391338e+00 6.303950e+00
-5.663198e+00 -6.746831e+00 -2.809140e+00 2.753792e+00 -1.204075e+01 3.425430e+00 2.853860e+00 8.609924e+00
-2.003489e+00 -3.096672e+00 -2.104218e+00 3.092129e-02 -1.311674e+01 8.753341e-02 2.301682e+00 1.179888e+01
-5.413836e+00 -1.024412e+01 -9.289991e-01 -1.995929e+00 -1.358703e+01 2.792079e+00 5.980452e+00 5.851554e+00
-8.747020e+00 -7.662019e+00 2.343904e+00 -6.457910e+00 -1.316628e+01 4.963452e+00 4.307580e-01 9.510596e+00
-4.891347e+00 -8.145738e+00 -9.092103e-01 4.044125e-02 -1.261523e+01 3.468895e+00 6.891007e+00 8.907654e+00
-7.180503e+00 -5.492809e+00 3.652663e-01 5.703731e-01 -1.163812e+01 4.478386e-01 6.576784e+00 5.646612e+00
-5.765009e+00 -7.182153e+00 -1.778818e+00 2.659091e+00 -8.969707e+00 8.967228e-01 6.993650e+00 7.000036e+00
-1.084065e+00 -6.078531e+00 -3.469530e+00 -1.027809e+00 -1.099527e+01 3.221663e+00 5.596997e+00 8.011028e+00
-2.138379e+00 -7.169081e+00 1.848852e+00 -1.809515e-01 -1.162733e+01 2.725432e+00 5.799386e+00 1.082159e+01
-1.720623e+00 -8.198848e+00 -2.331679e+00 -5.240077e-01 -1.083959e+01 2.780304e+00 5.680748e+00 8.364113e+00
-4.699337e+00 -7.016814e+00 -1.113760e+00 -9.981623e-01 -8.247928e+00 6.137474e+00 3.196543e+00 7.796413e+00
-2.411789e+00 -8.818102e+00 -5.267681e-01 3.800337e+00 -1.225737e+01 2.295682e+00 3.413074e+00 9.257014e+00
-1.192634e+00 -1.056123e+01 -1.963113e+00 -1.600308e-01 -1.232551e+01 3.479876e+00 8.778654e+00 4.993074e+00
-5.342374e+00 -3.735314e+00 4.216662e+00 6.761296e-01 -1.198407e+01 4.178193e+00 7.161994e-01 7.929123e+00
-4.043100e+00 -4.528701e+00 -2.528479e+00 1.057347e+00 -1.073407e+01 1.817128e+00 4.946866e+00 1.001039e+01
1.110319e+00 -1.056850e+01 -2.670354e+00 -2.481209e+00 -8.684537e+00 6.706785e+00 5.457889e+00 8.878660e+00
-1.800879e+00 -5.680600e+00 -8.043737e-01 -6.955104e-01 -1.106116e+01 7.730609e+00 3.908980e+00 5.698186e+00
-2.901765e+00 -7.540604e+00 1.729034e+00 -8.939298e-01 -1.353926e+01 4.085844e+00 6.974558e+00 8.522883e+00
1.831214e+00 -9.040300e+00 -2.731759e+00 2.286837e+00 -4.325873e+00 8.259121e-01 6.545038e+00 1.051340e+01
1.330491e-01 -4.365572e+00 1.825673e+00 -3.325248e+00 -1.024163e+01 2.558350e+00 3.477628e+00 1.103908e+01
-1.994080e+00 -3.615425e+00 2.393819e+00 7.245394e-01 -1.016066e+01 2.799128e+00 5.219350e+00 4.790242e+00
-3.567360e+00 -2.715306e+00 -2.294936e+00 6.114579e-01 -9.329173e+00 4.417007e+00 5.005710e+00 5.481334e+00
-8.400437e-01 -5.690783e+00 -9.160819e-01 1.393034e+00 -9.010853e+00 1.289099e+01 4.499331e+00 3.791283e+00
-2.725319e+00 -8.182038e+00 -5.702882e-01 -2.120740e+00 -1.208339e+01 3.965465e+00 3.574846e+00 6.258940e+00
-6.705593e+00 -1.182689e+01 -5.051154e+00 2.971185e-01 -1.112884e+01 4.901486e+00 1.840990e+00 4.342548e+00
-3.164333e+00 -9.005576e+00 -2.652737e+00 -6.846482e-01 -1.144460e+01 3.102167e+00 3.387562e+00 7.391679e+00
2.933218e-01 -6.071666e+00 -7.830282e-01 -1.594772e+00 -9.897849e+00 5.538715e+00 3.659671e-01 7.593864e+00
-8.881469e+00 -7.074306e+00 2.354997e-01 4.852090e-02 -1.173748e+01 2.883162e+00 2.864726e+00 1.210998e+01
-1.072202e+00 -1.202486e+01 1.002730e-01 -2.746784e+00 -1.576594e+01 5.056383e+00 2.570003e-01 5.989137e+00
1.093507e+00 -9.585415e+00 -1.423914e+00 -1.776593e-01 -1.219960e+01 7.721289e+00 2.479703e+00 7.704382e+00
-8.286527e+00 -8.134213e+00 -2.601442e+00 -2.319390e+00 -1.124480e+01 2.941245e+00 5.452325e+00 7.632981e+00
-7.659127e+00 -1.230436e+01 -1.143765e+00 -6.175676e+00 -1.598415e+01 -1.395909e-01 4.496901e+00 7.074923e+00
-6.618673e+00 -9.898410e+00 6.194445e-01 -1.500039e+00 -1.333758e+01 5.429774e-01 1.679492e+00 7.010622e+00
7.601966e-01 -8.717887e+00 3.335066e+00 -3.489963e+00 -1.050636e+01 6.071369e+00 6.111058e+00 7.693032e+00
-4.607701e+00 -2.373228e+00 -4.965934e-01 1.863863e+00 -8.935729e+00 4.699611e+00 -1.317919e+00 7.719569e+00
-6.408836e+00 -7.177488e+00 6.660762e-01 -2.168208e+00 -1.445117e+01 6.219410e+00 -1.316647e+00 7.651349e+00
-5.806103e+00 -8.221809e+00 -1.740934e-02 9.958514e-01 -1.175783e+01 5.238291e+00 -9.927238e-01 6.362106e+00
-3.067045e+00 -1.075860e+01 -1.117184e+00 -5.949154e+00 -1.306000e+01 2.691528e+00 4.924315e+00 9.945399e+00
-7.892435e+00 -9.912193e+00 -7.591356e-01 3.157918e-01 -1.386048e+01 1.611616e+00 1.584728e+00 8.860930e+00
-4.807732e+00 -7.505393e+00 3.544609e-01 6.222442e-01 -9.427698e+00 7.232178e+00 2.134202e+00 6.370104e+00
-6.188634e+00 -6.902453e+00 2.017009e+00 -2.919206e-01 -1.242838e+01 5.730682e+00 7.476554e-01 4.902925e+00
-6.905825e+00 -4.029422e+00 -1.888302e+00 -8.230436e-01 -1.246475e+01 6.566275e-01 2.007675e+00 8.456679e+00
-4.834388e+00 -1.887607e+00 -2.041202e+00 3.921314e+00 -7.820471e+00 1.041759e-01 2.797823e+00 7.725035e+00
-4.336144e+00 -9.097890e+00 4.094893e+00 -3.145088e+00 -1.329416e+01 3.396820e+00 -1.468039e-02 8.758160e+00
-5.866880e+00 -6.537348e+00 -1.168492e+00 -1.322117e+00 -1.226524e+01 3.306736e+00 7.775130e-01 8.784974e+00
-4.103431e+00 -9.758206e+00 5.784356e-01 -9.363700e-01 -8.895373e+00 7.291218e+00 1.024512e+00 6.362075e+00
-2.906638e+00 -6.606738e+00 -3.129584e+00 3.224190e+00 -9.838810e+00 4.656115e+00 -1.878876e+00 7.709963e+00
-6.600168e+00 -6.580781e+00 -2.536004e+00 1.022864e+00 -8.900321e+00 2.265973e+00 2.159092e+00 7.115077e+00
-8.489783e+00 -8.475536e+00 -5.286695e-01 7.215305e-01 -1.447279e+01 -3.099110e-01 2.899432e+00 8.447986e+00
-1.101203e+01 -8.578598e+00 1.165855e-01 -5.564500e+00 -1.157133e+01 1.937890e-02 4.563928e+00 8.755941e+00
-3.453745e+00 -9.132144e+00 -8.184251e-02 -3.746158e+00 -1.350120e+01 7.907204e+00 -2.752706e-01 7.933387e+00
-3.166697e+00 -7.604017e+00 -4.316259e+00 -4.576642e+00 -1.605256e+01 3.731896e+00 2.712617e+00 4.956652e+00
-5.479741e+00 -9.243151e+00 -3.723463e+00 -2.018970e+00 -1.318596e+01 4.675318e+00 1.272917e+00 1.015440e+01
-3.139419e+00 -7.510310e+00 -2.048180e+00 -2.046432e-01 -1.042046e+01 3.674676e+00 3.840204e+00 8.658523e+00
-2.212360e+00 -6.015844e+00 -1.148059e-01 -7.690100e-01 -1.270137e+01 6.309422e+00 4.290445e+00 7.642656e+00
-3.452942e+00 -6.021833e+00 3.623321e-01 6.008744e-01 -1.121350e+01 7.745811e+00 5.217472e+00 6.343848e+00
-1.393781e+00 -7.663880e+00 2.395298e+00 -2.549693e-01 -1.001320e+01 5.056648e+00 5.989339e+00 7.068162e+00
3.989851e-01 -1.265698e+01 -1.374785e-01 1.566205e-01 -1.473126e+01 6.018488e+00 8.501027e+00 4.906891e+00
-3.036530e+00 -7.300121e+00 -1.363675e+00 1.660884e+00 -1.217964e+01 5.824935e+00 6.935693e+00 5.122338e+00
-2.357928e+00 -7.380209e+00 2.608177e-01 3.489343e-01 -1.512483e+01 2.916794e+00 3.692165e+00 6.658046e+00
-6.162316e+00 -3.631675e+00 -2.848078e+00 8.311687e-01 -1.377404e+01 5.931929e+00 4.340555e+00 5.885995e+00
1.314707e-01 -6.839053e+00 -1.413465e+00 -9.724462e-01 -1.496922e+01 1.968651e+00 6.632456e+00 1.022341e+01
-4.846333e+00 -7.346444e+00 -1.741061e+00 1.068450e+00 -1.678301e+01 3.270179e+00 8.012829e+00 7.503932e+00
-6.114158e+00 -8.349138e+00 3.220739e-01 -2.187143e+00 -1.478173e+01 3.699460e+00 1.021067e+00 8.491415e+00
-5.807485e+00 -7.277236e+00 -2.150787e+00 -1.303545e+00 -1.352400e+01 2.924036e+00 8.442748e+00 1.048273e+01
-8.446838e+00 -5.684601e+00 -1.042379e+00 -1.479918e+00 -1.398593e+01 2.713228e+00 1.673101e+00 7.723445e+00
-3.280579e+00 -9.100518e+00 -2.777541e+00 -9.350464e-01 -1.252523e+01 9.140242e-01 3.349833e+00 8.272515e+00
-9.510074e-01 -9.152809e+00 -4.460872e+00 -2.010972e+00 -8.603267e+00 7.227622e-01 5.287770e+00 1.044963e+01
1.512255e+00 -8.263416e+00 -7.124682e-01 -3.961787e-01 -1.013655e+01 1.369382e+00 5.417698e+00 7.739690e+00
-6.371763e+00 -7.448335e+00 -2.827119e+00 2.683917e+00 -8.746638e+00 6.416026e-01 1.486172e+00 7.978217e+00
-4.327633e+00 -6.806901e+00 -3.195810e+00 -5.490644e-01 -8.103284e+00 4.766492e+00 6.192714e+00 9.386061e+00
-5.799272e+00 -8.187241e+00 -6.598003e+00 2.397783e+00 -1.108178e+01 3.792382e+00 6.563789e+00 8.175542e+00
1.851812e+00 -1.025106e+01 -2.008136e+00 4.716679e-01 -1.276389e+01 7.543710e-01 9.893980e+00 9.034877e+00
-9.870732e+00 -5.438384e+00 6.040766e+00 -2.087432e+00 -1.206949e+01 7.359932e+00 -1.465289e+00 5.706465e+00
-4.152038e+00 -6.290785e+00 -4.015116e-01 -1.132836e+00 -1.077604e+01 1.873444e+00 2.378317e+00 1.208003e+01
2.197968e+00 -9.620236e+00 -2.121414e+00 -5.051183e-01 -1.187371e+01 5.741558e+00 8.287459e+00 6.171701e+00
-3.475767e+00 -5.494058e+00 -2.099192e+00 -3.885032e+00 -1.187362e+01 6.945679e+00 2.024887e+00 6.097984e+00
-4.829714e+00 -5.247689e+00 -5.108474e-01 2.910886e+00 -1.045319e+01 4.698943e+00 6.257444e+00 1.088705e+01
-2.434061e+00 -6.954878e+00 -3.368604e+00 5.591105e+00 -8.663298e+00 2.619904e+00 6.267184e+00 8.988073e+00
-2.667411e+00 -4.967343e+00 -6.845653e-02 -1.392183e-01 -1.333032e+01 3.659056e+00 2.325573e+00 7.908199e+00
-2.438598e+00 -6.176404e+00 -4.490004e-01 4.403575e-01 -1.131642e+01 2.508721e+00 5.607273e+00 6.766435e+00
-3.872757e+00 -6.731779e+00 -7.404384e-01 1.163600e+00 -1.139134e+01 4.747370e+00 4.379890e+00 6.941624e+00
-2.150497e+00 -4.762433e+00 -8.321955e-01 7.338616e-01 -7.394094e+00 7.341159e+00 5.002452e+00 7.351995e+00
-2.720151e+00 -5.478118e+00 2.883094e-01 -1.616534e+00 -1.270580e+01 2.056420e-01 2.102487e+00 6.993364e+00
-3.894299e+00 -1.168074e+01 -5.749180e+00 -4.957481e+00 -1.199226e+01 3.107210e+00 4.766446e+00 4.630259e+00
-3.327591e+00 -1.006516e+01 8.546627e-01 -1.578845e+00 -1.075242e+01 2.914771e+00 4.229580e+00 7.784929e+00
-2.509593e+00 -7.604271e+00 -3.947891e-01 -3.806783e+00 -1.185122e+01 -1.274175e+00 3.584679e+00 7.742090e+00
-8.528894e+00 -5.835546e+00 -6.245730e-01 9.100313e-01 -1.105163e+01 8.716295e-01 3.440199e+00 1.277719e+01
-3.651823e+00 -1.056449e+01 3.727029e-01 -5.620820e+00 -1.500891e+01 4.563352e+00 9.963416e-01 7.106214e+00
3.027676e-01 -8.353976e+00 -5.435672e-01 3.681519e-01 -1.700677e+01 7.829639e+00 3.775099e-01 5.976790e+00
-8.313045e+00 -9.304306e+00 -4.476553e+00 -2.428611e+00 -1.005906e+01 5.750290e+00 1.776223e+00 7.189561e+00
-7.191781e+00 -1.269644e+01 -4.624344e-01 -5.347432e+00 -1.157509e+01 3.297578e+00 5.115781e+00 6.219433e+00
-6.135051e+00 -5.205765e+00 2.655679e+00 -3.957823e+00 -1.323058e+01 -2.134582e+00 -1.342908e-01 8.058081e+00
2.035097e+00 -6.588966e+00 -7.751638e-01 -3.379345e+00 -1.093428e+01 5.139699e+00 6.246137e+00 7.435767e+00
-2.138161e+00 -4.490126e+00 1.884560e+00 -1.550717e+00 -4.351103e+00 1.996219e+00 -4.660925e-01 8.092786e+00
-3.952043e+00 -5.681230e+00 7.716566e-01 -3.354086e+00 -1.195188e+01 8.349902e+00 -1.023473e+00 7.260424e+00
-7.818972e+00 -8.657411e+00 -4.469320e+00 1.415621e+00 -1.133083e+01 1.905010e+00 1.709132e+00 8.500533e+00
-1.666178e+00 -1.110333e+01 -3.416446e-01 -1.341605e+00 -1.115653e+01 -1.265162e-01 3.562787e+00 1.072985e+01
-5.601105e+00 -8.658986e+00 2.113470e+00 9.035135e-01 -1.436215e+01 4.476305e+00 4.868658e-01 8.719138e+00
5.728003e-01 -5.656704e+00 -4.580989e-01 -4.369053e-01 -1.250005e+01 4.387203e+00 1.747631e+00 6.776714e+00
-3.064689e+00 -7.182457e+00 1.344205e+00 -3.242705e+00 -1.156883e+01 2.561352e+00 4.885873e+00 9.211829e+00
-7.890204e-01 -4.495026e+00 -4.075074e+00 1.161925e+00 -1.355803e+01 1.660507e+00 1.396078e+00 9.149136e+00
-2.878739e+00 -8.622531e-02 -1.291172e+00 3.516403e+00 -9.834703e+00 -1.015037e-01 4.976145e+00 9.755265e+00
-8.404705e+00 -4.720995e+00 1.011438e+00 7.399863e-02 -1.071495e+01 4.379639e+00 -2.818421e-02 1.232671e+01
-4.976907e+00 -8.147616e+00 -3.304432e+00 1.806698e-01 -1.032916e+01 5.257857e+00 1.991786e+00 9.865215e+00
-2.807656e+00 -1.008213e+01 -1.247912e+00 -2.770571e+00 -1.045829e+01 7.356751e+00 -2.077813e+00 7.278491e+00
-1.976175e+00 -5.217769e+00 -1.449097e+00 1.310232e+00 -1.017628e+01 5.682563e+00 -3.046494e+00 7.996445e+00
-5.010455e+00 -5.823897e+00 -6.371674e+00 -3.696747e-01 -1.166227e+01 4.161880e+00 1.676221e+00 5.454481e+00
-1.183069e+01 -8.067137e+00 9.589419e-01 -1.546424e+00 -1.438345e+01 4.881656e+00 -3.726270e-01 9.335109e+00
-9.860029e+00 -8.599894e+00 1.922888e+00 -5.265316e+00 -1.449682e+01 -1.673015e+00 3.059573e+00 1.145637e+01
-1.401762e+00 -7.596100e+00 -2.246177e-01 -2.900297e+00 -1.209136e+01 3.933943e+00 2.126335e-01 7.959133e+00
-3.729728e+00 -1.096504e+01 -3.945331e+00 -2.302615e+00 -1.266019e+01 7.547314e+00 3.955217e+00 5.557162e+00
-6.755058e+00 -7.088037e+00 7.576941e-01 -9.239338e-01 -9.891702e+00 4.607636e+00 3.965735e+00 9.066199e+00
-5.099217e+00 -1.165837e+01 -1.351822e+00 -1.074570e+00 -8.991703e+00 2.218496e+00 3.293142e+00 8.114654e+00
-2.663473e+00 -9.363811e+00 -5.030885e+00 -3.531052e+00 -1.611951e+01 3.526031e+00 8.837325e+00 2.873926e+00
-2.177395e+00 -7.683942e+00 -3.374068e+00 -4.331077e+00 -1.770677e+01 4.036180e+00 7.386644e+00 4.782553e+00
5.633364e-01 -5.769082e+00 -9.735799e-01 -3.252038e+00 -9.259647e+00 4.951270e+00 6.326668e+00 6.359539e+00
7.813070e-02 -4.661239e+00 6.405160e-01 -9.421848e-01 -1.130711e+01 5.021954e+00 5.322216e+00 9.005060e+00
-1.065164e+00 -6.959509e+00 2.269549e-01 -1.556305e+00 -1.403597e+01 5.881762e+00 7.732658e+00 7.611205e+00
-1.928762e+00 -8.351416e+00 2.391134e+00 -2.158700e+00 -7.823681e+00 6.889962e+00 6.066141e+00 5.970038e+00
-3.307208e+00 -6.720448e+00 -1.573777e+00 1.464262e+00 -9.672616e+00 3.312475e+00 4.068394e+00 8.917712e+00
-7.496213e+00 -6.246673e+00 -5.134564e-01 -9.881361e-01 -1.038180e+01 5.267647e+00 3.908837e+00 9.506378e+00
-5.405648e+00 -5.590378e+00 -1.719102e+00 -9.654644e-01 -1.291466e+01 5.886371e+00 2.223749e+00 7.304758e+00
-2.289624e+00 -6.180531e+00 -3.797102e-01 -4.382567e-01 -1.518232e+01 1.486945e+00 2.496092e+00 8.987789e+00
-5.965877e+00 -8.262219e+00 -5.030480e+00 2.992091e+00 -1.432178e+01 7.995963e+00 4.804059e+00 7.403168e+00
-4.654484e+00 -7.625724e+00 -4.508328e+00 1.235432e+00 -1.474004e+01 3.655874e+00 3.757025e+00 7.770009e+00
-9.121901e-01 -8.553026e+00 -3.326498e+00 -1.590904e+00 -1.515491e+01 7.148962e+00 6.407459e+00 5.755691e+00
-1.604426e+00 -7.152490e+00 -4.622811e+00 9.390017e-01 -1.258953e+01 1.717557e+00 7.823707e+00 6.052956e+00
-4.434749e+00 -7.656458e+00 -3.659019e+00 2.176357e+00 -9.805979e+00 4.848364e+00 6.272115e+00 9.214623e+00
-5.506597e+00 -6.396792e+00 -2.231922e+00 7.755104e-01 -1.251393e+01 3.047320e+00 4.921239e+00 8.180681e+00
-1.449924e+00 -6.131626e+00 -3.124642e+00 1.934163e+00 -8.355574e+00 6.896516e+00 6.352270e+00 7.497242e+00
-6.685221e+00 -4.574963e+00 -1.229066e+00 2.022859e+00 -1.376848e+01 6.608157e+00 4.749241e+00 9.309571e+00
-3.242154e+00 -5.442774e+00 -1.828429e-01 4.257455e-01 -1.038524e+01 2.461827e+00 5.870069e+00 5.436743e+00
-4.545438e+00 -6.742205e+00 -9.695162e-01 1.902554e-01 -1.283514e+01 3.836021e+00 6.112724e+00 7.642737e+00
-5.554809e+00 -5.949140e+00 -6.809364e-01 -7.600783e-02 -1.387542e+01 3.403110e+00 3.357611e+00 8.150734e+00
-2.590380e+00 -7.133216e+00 -8.024818e-01 1.552789e+00 -1.580419e+01 2.017413e+00 2.532901e+00 8.846218e+00
-6.790373e+00 -6.796936e+00 1.276990e+00 -2.501942e+00 -1.418528e+01 7.325796e+00 2.548189e+00 9.873232e+00
-1.767672e+00 -7.325231e+00 4.403875e-01 -1.737380e+00 -1.277666e+01 7.298691e+00 2.611737e+00 7.890892e+00
-3.420273e+00 -8.463587e+00 -1.421835e+00 -6.381390e-01 -1.207601e+01 4.746064e+00 4.304921e+00 6.056176e+00
-3.042751e+00 -5.313129e+00 -3.908592e-01 -2.131591e+00 -1.206467e+01 4.639960e+00 3.344411e+00 7.989964e+00
-2.739381e+00 -9.644080e+00 -1.240707e+00 1.614087e+00 -1.223613e+01 2.495007e+00 6.539741e+00 4.990215e+00
-5.940556e+00 -8.919008e+00 -3.329001e+00 3.096393e+00 -1.104813e+01 3.872816e+00 9.362217e+00 7.448740e+00
4.584018e-01 -7.250687e+00 -3.354114e+00 -2.131935e+00 -1.240351e+01 4.945858e+00 4.449985e+00 6.771073e+00
-4.500047e-01 -6.939266e+00 -2.181768e+00 -2.045266e+00 -1.259899e+01 4.544915e+00 6.613442e+00 5.336651e+00
-2.999463e+00 -7.515733e+00 2.769922e-01 -1.582402e+00 -1.714888e+01 6.296052e+00 2.310756e+00 6.323778e+00
-3.710458e+00 -7.188586e+00 -8.637039e-01 -2.476102e+00 -1.584686e+01 8.667867e+00 4.037125e+00 6.251143e+00
-6.747893e+00 -7.924890e+00 -3.833071e-01 -4.046009e-01 -1.163244e+01 3.988008e+00 2.887654e+00 9.331551e+00
-6.477141e+00 -9.859298e+00 -2.944345e+00 -2.174594e+00 -1.037874e+01 4.645584e+00 3.830950e-01 7.710098e+00
-4.461448e+00 -8.259002e+00 -2.891471e+00 -4.250100e-01 -1.396936e+01 -1.383322e-01 4.805097e+00 9.694675e+00
-2.252314e+00 -7.952201e+00 -9.898816e-01 2.811717e+00 -1.306577e+01 2.007132e+00 5.602593e+00 9.008202e+00
-2.972674e+00 -9.532028e+00 -5.151920e-01 -1.601825e+00 -1.364678e+01 3.568438e+00 5.366012e-01 8.585083e+00
-3.082814e+00 -1.107939e+01 1.886270e+00 -4.008440e+00 -1.360622e+01 4.689933e+00 -1.328537e+00 8.556321e+00
-6.098191e+00 -5.224267e+00 2.911702e+00 -3.894690e-01 -5.636118e+00 -5.062115e+00 -6.970355e+00 7.047072e+00
-8.557516e+00 -4.174684e+00 1.706043e+00 -1.543890e+00 -1.892299e+00 -4.238205e+00 -6.615449e+00 6.710913e+00
-8.748819e+00 -6.906395e+00 3.702169e+00 -6.334967e-01 -1.520212e+01 7.640229e+00 1.302697e+00 6.518097e+00
-6.530568e+00 -7.831619e+00 1.869243e+00 -3.438802e+00 -1.502051e+01 3.297652e+00 2.086835e+00 7.092084e+00
-5.472197e+00 -5.282640e+00 -6.291375e+00 8.561872e-01 -1.325180e+01 3.583866e+00 -1.992947e-01 9.554152e+00
-5.354338e+00 -6.786466e+00 -3.160960e+00 8.729430e-01 -1.497981e+01 -2.036984e-01 1.773031e+00 8.378905e+00
-6.617355e+00 -9.971549e+00 -2.324262e+00 -1.501215e+00 -1.315796e+01 8.755729e-01 1.656841e+00 8.817694e+00
-6.793093e+00 -9.517706e+00 -1.367007e+00 -1.626873e+00 -1.355683e+01 1.937221e+00 2.779439e+00 1.112713e+01
-3.618183e+00 -7.350488e+00 -3.888429e+00 -2.372431e+00 -9.228657e+00 8.346010e+00 -2.763551e-01 1.149539e+01
-3.076006e+00 -5.567259e+00 -1.650808e-01 -2.177810e+00 -1.207011e+01 5.310679e+00 1.344011e+00 9.221705e+00
-3.174297e+00 -7.952657e+00 3.174870e+00 2.106900e+00 -1.050747e+01 3.454207e+00 4.407772e+00 1.169109e+01
2.523626e-01 -8.356080e+00 1.004674e+00 -2.332135e+00 -1.215313e+01 4.899478e+00 4.953219e+00 9.903649e+00
-3.971408e+00 -6.632556e+00 1.475934e-02 1.550406e+00 -8.977058e+00 5.162456e+00 3.261907e+00 9.688256e+00
-5.564965e+00 -9.203713e+00 -1.657711e+00 -8.937717e-01 -1.248101e+01 6.438264e+00 3.733093e+00 1.072887e+01
-2.158275e+00 -7.949027e+00 -2.746034e+00 -5.124008e-01 -1.283767e+01 4.068537e+00 4.403090e+00 9.850390e+00
-6.276646e+00 -6.457685e+00 -4.231961e+00 -4.334380e+00 -1.076899e+01 3.598377e+00 4.254774e+00 7.751001e+00
-7.035450e+00 -1.240430e+01 -2.336419e-01 -3.549475e+00 -1.490949e+01 1.713099e+00 2.036376e+00 4.402922e+00
-2.917611e+00 -1.181313e+01 1.781335e+00 -5.359640e+00 -1.273609e+01 2.832598e+00 3.088877e+00 9.206588e+00
-6.521760e+00 -6.800641e+00 5.910049e-01 -4.831943e+00 -1.237013e+01 -5.106183e-01 -1.202510e-01 1.086636e+01
-6.578844e+00 -3.558323e+00 1.641094e+00 -2.956928e+00 -1.401916e+01 1.675949e-01 -8.273468e-01 9.156251e+00
-1.700802e+00 -7.307165e+00 -3.569118e+00 -1.727466e-02 -1.058812e+01 4.615780e+00 -5.150943e-01 7.052757e+00
-3.474590e+00 -9.967533e+00 -6.983300e+00 1.747634e+00 -1.078376e+01 1.897470e+00 2.470218e+00 9.313599e+00
-3.670850e+00 -7.895316e+00 -5.920415e+00 -4.177985e+00 -1.283144e+01 -1.008886e+00 3.909702e+00 2.030243e+00
-6.524187e+00 -6.721441e+00 -3.187236e+00 1.081110e+00 -1.102887e+01 -3.108559e+00 5.802029e+00 5.444368e+00
-1.905465e+00 -9.948382e+00 1.960518e+00 -1.430428e+00 -1.609468e+01 2.487895e+00 6.516836e+00 9.041770e+00
1.137101e+00 -1.204158e+01 8.470314e-01 -3.170073e+00 -1.774835e+01 2.015709e+00 5.342916e+00 5.440284e+00
-6.508594e-01 -8.764947e+00 8.755740e-01 3.339716e+00 -6.424123e+00 -1.278188e+00 3.434771e+00 1.132897e+01
-9.641243e-01 -7.196292e+00 1.428357e+00 8.506635e-02 -5.839025e+00 -2.386179e+00 -2.603009e-01 1.305834e+01
-4.903443e+00 -1.367587e+01 -4.943579e+00 -2.046711e+00 -1.058659e+01 4.834071e+00 3.795266e+00 6.159589e+00
-4.747662e+00 -1.206622e+01 -3.917430e+00 -3.899736e+00 -9.251147e+00 7.500550e-01 5.365600e+00 5.885011e+00
-3.071727e+00 -1.097695e+01 2.147047e-01 -2.276746e+00 -5.840567e+00 4.149980e+00 5.269444e+00 8.092321e+00
-3.350761e+00 -7.933611e+00 2.332814e+00 -4.945029e-01 -7.785280e+00 2.084197e+00 4.520505e+00 7.941390e+00
-3.924795e+00 -8.375509e+00 -3.614678e+00 -2.218969e+00 -1.277905e+01 6.526531e+00 6.052424e+00 8.673987e+00
-2.578000e+00 -1.185702e+01 -1.435988e+00 -3.532307e+00 -1.501764e+01 6.388676e+00 1.967871e+00 1.038089e+01
-7.517283e-01 -5.625833e+00 -7.860480e-01 5.349693e-01 -1.221122e+01 2.780534e+00 5.685461e+00 9.665685e+00
2.688232e+00 -9.833520e+00 -1.217012e+00 3.513577e+00 -7.636551e+00 3.493749e+00 5.503541e+00 6.955944e+00
-1.253584e+00 -5.614282e+00 8.088665e-02 -1.293291e+00 -6.920393e+00 2.351138e+00 4.574306e+00 1.187572e+01
1.242821e-01 -9.868789e+00 -6.783108e+00 5.137805e-01 -6.956184e+00 6.043188e-01 6.388491e+00 8.417501e+00
-2.813543e-03 -8.325797e+00 2.668717e+00 -4.112481e+00 -8.825236e+00 7.009038e+00 5.993570e+00 6.235463e+00
-3.527031e+00 -8.951181e+00 2.963919e+00 -2.266396e+00 -9.413843e+00 2.860573e+00 7.164581e+00 9.294186e+00
-5.701503e+00 -3.673170e+00 -3.470684e+00 1.521993e+00 -1.107772e+01 5.513865e+00 3.973115e+00 9.200273e+00
-1.606874e+00 -2.326941e+00 -3.275738e+00 1.161013e+00 -6.234067e+00 6.971992e+00 1.531168e+00 6.425400e+00
-9.820172e-01 -9.936967e+00 -1.628522e+00 -2.528378e+00 -6.830342e+00 9.497015e-01 8.184780e+00 8.210731e+00
-2.865251e+00 -1.147089e+01 -2.251514e+00 -4.138626e+00 -1.005637e+01 6.477087e+00 5.981396e+00 8.983502e+00
-2.934132e+00 -8.733221e+00 -2.192882e-01 -3.856348e-01 -6.170413e+00 1.201864e+00 7.184801e+00 9.031323e+00
-2.020357e+00 -9.493641e+00 7.976723e-01 -2.662591e+00 -8.254261e+00 3.749740e+00 3.608037e+00 8.291349e+00
5.885931e-02 -4.197225e+00 -1.029690e+00 5.241984e+00 -2.706179e+00 -6.219840e-02 4.824522e-01 8.614815e+00
-2.471715e+00 -1.030500e+01 -2.760221e+00 1.725043e+00 -6.882681e+00 1.345867e+00 3.972436e+00 7.376959e+00
-2.191981e+00 -1.411503e+01 -2.821988e+00 -3.458916e+00 -6.354549e+00 7.943877e-01 5.613186e+00 4.008170e+00
-1.888851e+00 -1.240625e+01 -2.020565e+00 -6.037848e+00 -1.088694e+01 7.032255e-01 6.105760e+00 3.437025e+00
-2.540772e+00 -7.580134e+00 -3.673869e+00 -1.696377e+00 -1.625815e+01 3.858345e+00 4.709062e+00 5.297830e-01
-7.095237e+00 -9.991638e+00 -5.819823e+00 -9.576695e-02 -1.007631e+01 -5.207847e-01 3.935438e+00 3.519490e+00
-5.124799e+00 -1.109840e+01 2.897402e+00 -2.505437e+00 -9.951538e+00 1.796814e+00 4.007400e+00 8.375255e+00
-2.888914e+00 -8.989322e+00 3.962299e+00 5.621351e-01 -1.340321e+01 4.400820e+00 4.611285e+00 1.305784e+01
-2.518559e+00 -1.037928e+01 2.475085e+00 -1.116673e+00 -6.626460e+00 7.267470e+00 4.256362e+00 7.426465e+00
-6.744943e-01 -1.224127e+01 2.613226e+00 -1.305358e+00 -1.114767e+01 7.295667e+00 6.355185e+00 8.203919e+00
-2.876449e+00 -1.354091e+01 2.911002e-01 -4.671592e-01 -1.282289e+01 7.556572e+00 6.297104e+00 9.043203e+00
-9.340065e-01 -1.116938e+01 2.092539e-01 -3.653500e+00 -8.744760e+00 4.221595e+00 3.038316e+00 8.156078e+00
-1.891803e+00 -7.219800e+00 -2.259622e+00 -2.738443e+00 -1.007169e+01 8.447184e+00 2.929356e+00 6.493170e+00
-3.794903e-01 -8.908554e+00 1.173172e+00 -2.039740e+00 -1.036559e+01 5.808262e+00 5.429922e+00 9.508398e+00
6.296997e-01 -6.952277e+00 1.209205e+00 -1.905967e+00 -1.009535e+01 6.466259e+00 2.746127e+00 7.604285e+00
1.529793e+00 -1.157204e+01 -8.358754e-01 -3.200008e+00 -7.938796e+00 7.230414e+00 6.571122e+00 9.099141e+00
-1.565136e+00 -1.241752e+01 -2.068571e+00 -5.878442e+00 -1.464249e+01 -5.823109e-01 7.461932e+00 4.833424e+00
-5.077591e+00 -1.132476e+01 -4.081608e+00 -3.847935e+00 -1.560765e+01 2.153471e+00 3.718038e+00 4.681340e+00
-6.277550e+00 -7.878010e+00 -1.757257e+00 -2.488883e+00 -1.262240e+01 -1.727146e+00 3.792600e-01 6.224567e+00
-8.626022e+00 -5.030013e+00 -4.122326e-01 -5.212017e+00 -1.487062e+01 -2.361610e+00 1.150857e+00 7.522061e+00
-2.650398e+00 -1.082074e+01 1.956839e+00 -5.983279e-01 -9.335834e+00 4.702601e+00 1.911841e+00 1.164986e+01
-1.686817e+00 -9.833134e+00 -2.354412e+00 3.112065e-02 -7.321664e+00 7.351058e+00 1.896125e+00 7.681662e+00
-5.617261e+00 -1.149173e+01 -4.280028e+00 -4.175921e-01 -9.826457e+00 -1.489292e+00 3.019946e+00 5.238245e+00
-6.361537e-01 -1.032103e+01 -6.167810e+00 1.361929e-01 -7.127477e+00 -8.355858e-01 2.693673e+00 4.757582e+00
-1.050422e+00 -9.962614e+00 -2.767055e+00 -2.477756e-01 -8.093635e+00 5.087595e+00 5.252994e+00 9.512821e+00
-7.561124e-01 -1.413001e+01 -9.001092e-01 -1.852391e+00 -8.345121e+00 4.072223e+00 4.519860e+00 8.193752e+00
-2.720519e+00 -1.101963e+01 -1.198104e+00 -4.410377e+00 -1.202811e+01 6.361691e+00 3.395396e+00 4.839902e+00
-1.151264e+00 -1.189563e+01 -7.158038e-01 -3.952815e+00 -1.212702e+01 6.615411e+00 4.647954e+00 7.919846e+00
-1.731031e+00 -1.184739e+01 4.528949e+00 -2.400716e+00 -1.261735e+01 5.877841e+00 7.351891e+00 5.915270e+00
-1.670362e+00 -1.162353e+01 2.513427e+00 -6.792742e-01 -1.301892e+01 6.105338e+00 6.778724e+00 3.756813e+00
-5.159697e+00 -1.083736e+01 -3.484123e+00 -3.753596e+00 -1.309151e+01 -8.113762e-01 4.437827e+00 8.177150e+00
-4.449383e+00 -9.008421e+00 -4.954900e+00 -4.630320e+00 -1.611725e+01 2.847153e+00 7.040475e+00 4.815301e+00
-5.585924e+00 -9.551739e+00 -1.703230e+00 -2.636430e+00 -1.351197e+01 4.127038e+00 5.249891e+00 1.056624e+01
-5.482348e+00 -7.874773e+00 1.806229e+00 -1.437001e+00 -1.315335e+01 6.699515e+00 4.018630e+00 1.065179e+01
-2.284806e+00 -1.179382e+01 -9.079127e-01 -2.937731e+00 -1.194350e+01 2.954985e+00 1.849765e+00 9.701368e+00
-5.169470e+00 -1.064400e+01 -2.155297e+00 -7.555850e+00 -9.859474e+00 6.612254e+00 1.774297e+00 8.224020e+00
-1.012710e+01 -7.395518e+00 -1.116175e+00 -1.534142e+00 -8.347527e+00 1.726744e+00 2.993700e-01 1.171168e+01
-8.126776e+00 -7.977567e+00 -3.558519e-01 -1.629586e+00 -1.094673e+01 4.946192e+00 1.147849e+00 1.034126e+01
-1.740155e+00 -6.585679e+00 -7.476926e-01 -1.854888e+00 -1.195741e+01 -1.263962e+00 6.521185e-01 1.046496e+01
-1.822133e+00 -8.982634e+00 -1.140768e+00 -2.413137e+00 -1.173576e+01 -1.857016e+00 1.081844e+00 7.985211e+00
-2.290281e+00 -6.010525e+00 -2.695501e+00 -3.250956e-01 -6.119593e+00 1.419767e+00 7.547503e+00 7.972335e+00
-8.845209e-01 -8.648076e+00 1.464239e+00 -2.255734e+00 -1.164322e+01 3.630760e+00 3.002101e+00 7.486567e+00
-1.801035e+00 -8.659226e+00 6.156437e-01 -6.726143e-01 -1.243049e+01 2.268316e-01 1.117973e+00 8.939337e+00
-1.641019e+00 -7.591917e+00 -1.749589e+00 7.409399e-01 -1.357721e+01 2.026145e+00 1.624159e-01 1.030843e+01
-1.224812e+00 -8.087255e+00 -1.134579e+00 -1.353332e+00 -8.644916e+00 3.477098e+00 2.855897e+00 7.779255e+00
2.801495e-01 -7.672849e+00 -4.900426e+00 -8.050865e-01 -1.455163e+01 6.748374e+00 3.177699e+00 7.024125e+00
-6.289460e+00 -8.308559e+00 1.561846e+00 -4.364984e+00 -1.552635e+01 5.869188e+00 -5.902298e-01 4.615986e+00
-3.399818e+00 -7.434551e+00 2.913634e+00 -7.025743e+00 -1.092369e+01 6.796105e+00 -1.458164e-01 3.736427e+00
-3.280361e+00 -7.955440e+00 5.621724e-01 -1.532038e+00 -8.458781e+00 2.367725e+00 -2.821929e-01 6.666518e+00
-1.175261e+00 -6.566814e+00 2.106056e+00 -3.127393e+00 -1.055348e+01 2.700455e+00 6.486665e-01 6.924025e+00
-5.313905e+00 -1.177409e+01 -3.823098e+00 -1.042410e+01 -1.456347e+01 1.562205e+00 -1.591062e+00 2.521366e+00
-3.869183e+00 -1.238261e+01 -3.191500e+00 -4.125501e+00 -1.281977e+01 1.813419e+00 9.687633e-01 2.095182e+00
-5.347807e+00 -8.369343e+00 -5.847167e+00 -6.177100e+00 -1.165162e+01 8.719107e+00 3.838990e+00 4.183944e+00
-2.161106e+00 -9.307720e+00 -6.488863e+00 -4.401188e+00 -1.297022e+01 8.078867e+00 4.185306e+00 4.246239e+00
-1.382928e+00 -7.792153e+00 -6.686132e-01 -4.375323e+00 -8.519047e+00 2.940540e+00 2.875500e+00 9.312784e+00
-1.626426e+00 -6.611914e+00 3.792512e+00 -5.228043e+00 -8.837880e+00 5.081335e+00 2.329392e+00 1.180240e+01
-3.793423e+00 -6.703982e+00 -2.405519e+00 7.119621e-02 -1.113403e+01 4.728900e+00 -2.360844e+00 1.128190e+01
-2.052162e+00 -6.222871e+00 -2.827221e+00 -2.113874e+00 -1.158477e+01 5.857510e+00 -1.719179e+00 8.667897e+00
-2.395538e+00 -7.216943e+00 4.730132e-01 -3.792071e+00 -1.311308e+01 7.764243e+00 1.357048e+00 8.458025e+00
-9.752937e+00 -6.241589e+00 -1.021620e+00 -5.488907e+00 -1.159969e+01 4.413027e+00 1.179928e+00 6.490829e+00
-4.977204e+00 -5.800325e+00 -6.862122e-01 -3.305797e+00 -1.245271e+01 5.952291e+00 4.311193e+00 6.428144e+00
-2.197740e+00 -5.536996e+00 -1.673816e+00 -3.594530e+00 -1.330972e+01 6.112322e+00 7.978094e+00 4.042529e+00
8.595331e-01 -6.541272e+00 -3.254282e-01 -1.841646e+00 -1.273026e+01 3.385449e+00 7.041555e-02 5.633019e+00
-2.545761e+00 -6.464722e+00 -5.737286e-01 -4.922250e+00 -1.142723e+01 -1.997838e-01 1.633476e+00 8.249481e+00
-5.675878e+00 -9.617672e+00 -3.070546e+00 -2.345787e+00 -1.443392e+01 7.611425e+00 1.571573e+00 1.877992e+00
1.205153e+00 -6.021289e+00 -4.257052e+00 -1.822135e+00 -1.270249e+01 5.744146e+00 1.375595e-01 2.226306e+00
-2.118462e+00 -9.361638e+00 -5.718411e-01 -5.131400e+00 -1.189023e+01 4.236005e+00 1.350161e-01 7.234842e+00
-4.686997e+00 -8.227301e+00 1.249763e+00 -4.071822e+00 -1.469169e+01 3.479401e+00 -2.154584e+00 7.890244e+00
-9.284431e+00 -6.903678e+00 2.769467e+00 -4.173053e+00 -7.801212e+00 6.759581e+00 -8.300455e-01 6.930423e+00
-3.498000e+00 -1.043331e+01 -3.329189e+00 -1.656796e+00 -8.241399e+00 2.984298e+00 4.533436e+00 7.428433e+00
-6.738690e+00 -5.730855e+00 -3.415114e+00 -1.788448e+00 -8.829005e+00 4.547889e+00 4.401811e+00 8.668422e+00
-7.077195e+00 -8.832949e+00 5.067972e-01 5.074457e-01 -8.405354e+00 4.496163e+00 5.345069e+00 8.511049e+00
-2.933236e+00 -8.048401e+00 -2.765276e+00 -5.020988e+00 -1.413713e+01 2.999970e+00 1.175725e+00 7.794810e+00
-2.918703e+00 -8.753757e+00 -4.974108e+00 -4.771821e+00 -1.373390e+01 5.010086e+00 -6.110951e-01 4.966949e+00
-5.489341e+00 -3.510204e+00 3.588740e-01 -3.106839e+00 -1.005634e+01 5.941617e+00 4.008963e+00 8.506622e+00
-6.254647e-01 -4.533775e+00 -7.250337e-01 -3.761328e+00 -9.415757e+00 4.209435e+00 1.806325e+00 8.499163e+00
-5.628173e+00 -8.896119e+00 -3.387100e+00 5.787655e-01 -1.092879e+01 1.839750e+00 1.348429e+00 9.168286e+00
-3.619804e+00 -7.776095e+00 -1.227789e+00 -2.663551e+00 -1.024315e+01 4.976722e-01 -2.290994e-01 9.299701e+00
-6.457502e+00 -1.092113e+01 -3.402777e+00 -2.061501e+00 -1.243929e+01 3.215743e+00 3.115884e+00 7.160369e+00
-5.074222e+00 -8.278929e+00 -1.567955e+00 -3.613741e+00 -1.253545e+01 3.298417e+00 1.035015e+00 3.452966e+00
-7.507138e+00 -5.987715e+00 -2.570711e+00 -5.057085e+00 -1.160453e+01 1.057103e+00 1.962665e+00 9.106657e+00
-1.895548e+00 -7.304284e+00 -2.082804e+00 -3.330089e+00 -1.163495e+01 7.421266e+00 4.070559e+00 5.193110e+00
-2.677430e+00 -8.705795e+00 -2.560994e-01 -4.582620e+00 -1.046467e+01 7.296086e+00 2.590556e+00 5.550367e+00
-1.935440e+00 -9.387255e+00 -5.569457e-02 -1.711648e+00 -1.262590e+01 2.371836e+00 4.768250e+00 8.025072e+00
-7.702323e+00 -9.306974e+00 -7.292689e-01 -2.372509e+00 -1.123455e+01 2.596033e+00 -2.905868e+00 1.231883e+01
-1.300033e+00 -7.061673e+00 -1.918282e+00 -4.197444e+00 -1.388818e+01 3.209835e-01 1.509561e+00 6.281049e+00
-8.538340e-01 -5.836726e+00 -4.905527e+00 -4.414182e+00 -1.498735e+01 2.354651e+00 6.110371e-01 1.401026e+00
-2.558986e+00 -1.179243e+01 -2.101234e+00 -4.240797e+00 -9.515622e+00 1.861365e+00 2.007616e-01 3.130606e+00
-6.558432e+00 -8.913640e+00 -3.397023e+00 -2.118630e+00 -1.065133e+01 6.746982e+00 2.196607e+00 6.270385e+00
-8.213404e+00 -4.342685e+00 -1.985043e+00 -3.683332e+00 -1.293591e+01 9.482444e+00 1.445990e+00 5.503819e+00
-5.881889e+00 -6.213500e+00 1.899747e+00 -2.590912e+00 -6.051435e+00 7.257438e+00 -4.213097e+00 3.916190e+00
-2.324123e+00 -3.926301e+00 4.440605e+00 -3.571228e+00 -9.965219e+00 6.420896e+00 -4.733295e+00 5.140948e+00
-9.641187e+00 1.698312e-01 -9.545607e-02 -7.871173e-01 -8.230713e+00 3.556281e+00 -1.125480e+00 9.944617e+00
-7.700235e+00 -4.781323e+00 -1.712938e+00 1.931345e+00 -9.808614e+00 5.709984e+00 -8.415390e-01 6.400167e+00
-4.685439e+00 -8.034441e+00 -3.779140e-01 -1.655103e+00 -1.027716e+01 -5.899389e-01 1.270392e+00 7.583904e+00
-4.180996e+00 -5.669367e+00 -9.577810e-01 -2.367590e+00 -1.235476e+01 1.121403e+00 2.465427e+00 9.283465e+00
-4.569558e+00 -7.635252e+00 -2.940122e+00 -1.851804e+00 -1.196571e+01 5.445787e+00 4.584234e+00 9.642282e+00
-3.289887e+00 -1.175039e+01 -1.867951e+00 -9.379517e-01 -9.573985e+00 3.628214e+00 3.642440e+00 6.856944e+00
-5.627172e-01 -1.358104e+01 1.953646e+00 -2.310803e+00 -1.141970e+01 6.309508e+00 3.822460e+00 8.618291e+00
-5.604402e-01 -1.361763e+01 9.921600e-01 -3.332787e+00 -1.416835e+01 3.017831e+00 6.231212e+00 7.982852e+00
-9.229975e+00 -1.357459e+01 -9.116766e+00 -3.670746e+00 -9.610649e+00 2.100099e+00 5.193376e+00 7.457530e+00
-1.642938e+00 -1.018833e+01 -4.214059e+00 3.818750e-01 -8.902827e+00 4.291952e+00 1.201701e+00 3.020088e+00
-7.384473e+00 -1.071390e+01 -4.787017e+00 2.516971e-01 -1.210972e+01 1.706057e+00 4.637399e+00 8.640381e+00
-4.438085e+00 -1.048129e+01 -6.059335e-01 -7.616497e-01 -7.842469e+00 4.024457e+00 2.622528e+00 1.008023e+01
-4.240138e+00 -1.107601e+01 -1.362071e+00 -5.672872e+00 -1.625174e+01 1.656033e+00 7.932534e+00 7.590918e+00
-3.906724e+00 -3.337101e+00 1.823075e+00 -2.081023e+00 -1.094252e+01 7.079581e+00 1.796080e+00 7.531566e+00
-1.984646e+00 -7.989398e+00 -1.399920e+00 -4.446580e-02 -1.023406e+01 4.791485e+00 7.630185e+00 8.832357e+00
-9.482692e+00 -9.634316e+00 -1.697679e+00 -1.226052e+00 -1.369746e+01 3.786920e+00 6.119453e+00 7.727882e+00
-5.271542e+00 -1.016600e+01 -1.858711e+00 2.618604e+00 -9.234371e+00 4.281945e+00 4.009919e+00 5.242526e+00
6.308902e-01 -1.049828e+01 -3.256127e+00 -2.716365e+00 -8.131787e+00 2.238279e+00 6.241711e+00 7.287476e+00
-1.239003e+00 -1.069483e+01 1.361685e+00 -3.917516e+00 -1.247997e+01 1.109515e+00 2.194863e+00 1.340606e+01
-6.801465e+00 -1.059016e+01 8.945792e-01 -3.797609e-01 -8.707085e+00 -1.208368e+00 2.787596e+00 9.747628e+00
-4.295567e+00 -8.017439e+00 -3.950965e+00 -1.268342e+00 -9.669376e+00 3.274169e+00 4.436008e+00 9.801105e+00
-4.828667e+00 -9.518430e+00 -5.160675e+00 -1.688104e+00 -1.048356e+01 -1.270699e+00 3.587274e+00 9.514537e+00
-2.301462e+00 -1.395704e+01 5.068655e-01 -3.974123e+00 -1.249694e+01 2.426947e+00 3.582460e+00 7.103419e+00
-6.278736e+00 -6.866893e+00 -1.895812e+00 1.116662e-01 -1.041202e+01 5.151265e+00 4.479375e+00 9.403984e+00
-5.471183e+00 -7.201466e+00 -5.090555e-01 -2.189204e+00 -1.244868e+01 -3.069278e+00 2.988059e+00 1.074967e+01
4.631405e+00 -1.404695e+01 -1.185140e+00 -3.114680e+00 -9.625273e+00 9.442293e-01 4.273504e+00 5.362141e+00
-1.238535e+00 -8.021057e+00 -4.902066e-01 -2.279781e+00 -1.106251e+01 8.057863e+00 4.471211e+00 1.239301e+01
-5.149774e+00 -1.060581e+01 -4.774222e+00 -1.213828e+00 -7.440235e+00 3.916523e+00 5.385343e+00 1.058591e+01
-6.586813e-01 -6.972710e+00 -2.504234e+00 3.008637e-01 -4.260299e+00 -3.218475e+00 1.066449e+00 7.921526e+00
-1.505118e+00 -7.837421e+00 1.080649e+00 -4.098726e+00 -1.121095e+01 2.063137e+00 1.858980e+00 8.227377e+00
-3.992351e+00 -6.089794e+00 -8.483377e-01 -3.219374e-01 -1.166982e+01 3.269147e+00 4.880230e+00 1.104123e+01
-1.289133e+00 -8.322853e+00 -1.008047e+00 -2.892731e+00 -1.134212e+01 1.800493e+00 5.522960e+00 6.188479e+00
1.527850e+00 -1.430409e+01 3.702117e-01 -1.907237e+00 -9.981805e+00 4.613847e+00 3.839394e+00 1.155313e+01
-3.331018e+00 -9.092185e+00 1.368919e+00 -3.447118e+00 -6.747640e+00 5.580585e+00 3.852715e+00 4.572936e+00
-2.735268e+00 -9.466754e+00 -1.116933e+01 -2.952909e+00 -9.295066e+00 4.742667e+00 1.297662e+00 2.429190e+00
-1.530806e+00 -1.018744e+01 -2.671930e+00 -7.536011e-01 -6.973523e+00 4.343206e+00 3.364061e+00 7.928503e+00
-5.080316e+00 -8.815211e+00 -1.307706e+00 1.233344e-01 -1.471578e+01 5.204647e+00 6.064766e-01 7.183489e+00
-6.902402e+00 -4.558311e+00 -2.563439e-01 1.357693e-01 -8.881254e+00 2.555571e+00 -4.086324e+00 6.584007e+00
2.532099e+00 -1.287078e+01 -7.314202e-01 -2.910504e+00 -1.269377e+01 3.040576e+00 1.087282e+00 3.444475e+00
-4.169856e+00 -4.238601e+00 -1.996430e+00 -2.272847e+00 -1.077307e+01 9.057251e+00 8.011899e-01 9.396919e+00
-4.523559e+00 -5.113502e+00 -2.056958e+00 -2.686480e+00 -9.989425e+00 3.441777e+00 1.305439e+00 7.518279e+00
-6.886272e+00 -9.914114e+00 4.247653e+00 -1.878709e+00 -1.399166e+01 3.155189e+00 3.706761e+00 9.239976e+00
-7.970703e+00 -9.699500e+00 -5.231591e-01 -5.234377e+00 -1.205228e+01 3.296235e+00 -1.139487e-01 7.116332e+00
3.416440e+00 -7.002825e+00 -1.410993e+00 -1.325340e+00 -7.469507e+00 5.954146e+00 6.121580e+00 8.960646e+00
-4.903515e-01 -2.080801e+00 5.494555e+00 3.560720e-01 -4.798183e+00 2.933582e+00 -3.441624e+00 9.460814e+00
8.263254e-01 -1.334247e+01 2.294358e+00 -9.593807e+00 -1.154235e+01 5.186015e+00 8.800073e-01 4.342438e+00
-3.200756e+00 -7.871548e+00 -3.282629e+00 -2.287020e+00 -1.568493e+01 1.255630e+00 2.342686e-01 7.678520e+00
-1.384692e+00 -7.857548e+00 -5.571276e-01 -3.241350e+00 -7.712087e+00 4.142246e+00 1.476975e-01 9.483474e+00
-4.279171e+00 -7.190979e+00 -3.606319e+00 -2.446037e+00 -1.170779e+01 6.540740e+00 2.273534e+00 5.389633e+00
-1.401976e+00 -5.240612e+00 -2.007282e+00 -6.401040e+00 -1.045078e+01 6.031296e+00 1.971996e+00 5.902971e+00
-1.955636e+00 -7.410363e+00 -5.871857e-02 -4.022818e+00 -1.117550e+01 4.158623e+00 1.158415e-01 4.956718e+00
-5.898771e+00 -9.908712e+00 -2.801032e+00 -7.132764e-01 -7.786483e+00 3.494971e-01 -1.466441e+00 6.475592e+00
-3.180008e+00 -7.265672e+00 -3.118248e+00 -8.756816e-01 -9.591835e+00 1.656550e+00 1.564054e+00 7.257891e+00
-2.767918e+00 -3.625590e+00 -1.590106e+00 2.876366e+00 -8.628437e+00 3.208869e+00 1.613611e+00 1.114636e+01
-2.689845e+00 -2.374528e+00 -7.330022e-01 1.780367e+00 -1.094459e+01 1.739801e+00 7.020166e+00 1.035202e+01
-2.256951e+00 -8.596523e+00 -2.909835e+00 -2.106993e+00 -9.219220e+00 6.057106e+00 -1.627891e-01 8.217131e+00
-2.408792e+00 -7.043638e+00 -1.373678e+00 -4.636213e-01 -8.811243e+00 5.041322e+00 -1.041553e+00 8.732901e+00
-1.833070e+00 -5.180542e+00 -1.177401e+00 2.996391e-01 -8.158910e+00 5.646184e+00 -1.343458e+00 1.027470e+01
-6.642059e+00 -9.550332e+00 -7.720459e-01 -4.973302e+00 -1.535966e+01 -2.018079e-01 4.131507e+00 1.009630e+01
-4.056919e+00 -8.745552e+00 -2.033518e+00 -1.029991e+00 -1.138361e+01 -3.626753e+00 5.232563e-01 7.321310e+00
-9.713288e-01 -5.903718e+00 -4.032535e+00 -1.316736e-01 -1.121142e+01 5.047148e+00 2.592136e+00 4.306202e+00
-1.233054e+01 -8.946331e+00 -1.985401e+00 -3.334676e+00 -1.351987e+01 2.274863e+00 1.108522e+00 5.572764e+00
-3.752904e+00 -1.013449e+01 -2.688278e+00 -3.550766e+00 -9.117745e+00 1.373472e+01 2.566977e+00 6.544991e+00
-3.758788e+00 -8.633197e+00 -1.942858e+00 -1.195454e-01 -9.524397e+00 8.248229e-01 1.879588e+00 1.927108e+00
-1.541604e+00 -1.173343e+01 -1.831911e+00 -2.251285e+00 -1.088241e+01 7.686404e+00 6.361018e+00 7.092674e+00
-2.813588e+00 -1.074853e+01 -1.616397e+00 -4.022920e+00 -9.855428e+00 4.873009e+00 3.078975e+00 7.426763e+00
-1.891619e+00 -1.302572e+01 2.062002e-01 -5.127555e+00 -1.054938e+01 3.703270e+00 3.732166e+00 7.110743e+00
-1.203122e+00 -1.635972e+01 1.762086e+00 -2.273510e-01 -1.384978e+01 3.041662e+00 7.873144e+00 9.276678e+00
-2.835854e+00 -8.787404e+00 -5.177560e+00 -2.996172e+00 -1.022896e+01 1.967049e+00 6.242416e+00 7.664587e+00
5.280470e-01 -1.061487e+01 -2.436316e+00 -1.665837e+00 -1.079892e+01 2.823396e+00 5.868573e-01 7.727032e+00
-6.170387e+00 -9.461410e+00 -4.482304e+00 1.477340e+00 -1.192209e+01 5.920799e+00 8.410283e+00 5.949729e+00
-3.898277e+00 -1.088479e+01 -9.079648e-01 -2.784220e+00 -1.527002e+01 -1.605638e+00 3.616309e+00 8.631485e+00
-3.295647e+00 -7.232413e+00 2.617778e+00 -1.038851e+00 -1.650761e+01 -2.251927e+00 4.247376e+00 8.054013e+00
-4.709480e+00 -4.528232e+00 8.402249e-01 -5.616381e+00 -1.530655e+01 4.944993e+00 -6.788747e-01 7.868184e+00
-1.910953e+00 -1.245516e+01 -1.394169e+00 -1.792893e+00 -8.117569e+00 6.979347e+00 8.088183e+00 4.778761e+00
-2.301114e+00 -6.429663e+00 -1.042803e+00 -4.390323e+00 -1.538625e+01 3.943060e+00 5.158312e+00 8.417188e+00
-4.705742e+00 -8.885715e+00 -4.125747e-01 -2.277454e+00 -9.133754e+00 1.148834e+00 1.389221e+00 8.541592e+00
-1.845127e+00 -6.187896e+00 -3.068682e+00 -1.434140e+00 -9.878661e+00 2.667724e+00 4.150475e+00 6.509083e+00
-3.046885e+00 -1.332785e+01 1.961477e+00 -5.025134e+00 -1.098857e+01 -9.073590e-02 2.659213e+00 1.130011e+01
-4.358985e+00 -6.889091e+00 1.509377e+00 -1.671106e+00 -8.291211e+00 4.266186e-01 -1.538651e+00 8.370419e+00
-3.382918e+00 -6.765973e+00 -3.834157e+00 1.175614e+00 -1.007116e+01 9.897517e-01 7.605903e+00 8.794490e+00
-1.842973e+00 -8.626355e+00 -3.141089e+00 -1.671453e+00 -1.043621e+01 -1.755141e-01 3.556845e+00 1.120372e+01
-1.609087e+00 -1.659077e+01 4.149299e-01 -3.472108e+00 -1.142782e+01 1.301883e+00 5.215489e+00 6.485022e+00
-4.351101e+00 -3.478180e+00 -1.345012e+00 -4.135454e-01 -1.324173e+01 7.511792e+00 1.330959e+00 1.027026e+01
-2.429605e+00 -4.781389e+00 -2.869124e+00 -2.657418e+00 -1.064052e+01 -3.061823e+00 5.992256e+00 8.858664e+00
9.572388e-01 -1.166990e+01 -1.443931e+00 -1.940048e+00 -1.029913e+01 5.304432e+00 6.169253e+00 5.549713e+00
-2.138159e+00 -9.109086e+00 -1.576274e+00 2.998767e-01 -8.436771e+00 2.120407e+00 5.361869e+00 1.231129e+01
-4.806455e+00 -7.989098e+00 -1.526804e+00 6.357090e-01 -8.602470e+00 -2.655815e+00 5.061950e+00 1.219871e+01
2.204322e+00 -7.017515e+00 6.860166e-01 2.893841e+00 -3.097671e+00 -3.934744e+00 5.089629e+00 8.116148e+00
1.808618e+00 -4.668971e+00 -1.387175e-01 -2.002932e+00 -1.386686e+01 5.413414e+00 3.331129e+00 1.050543e+01
-1.506685e+00 -7.829466e+00 1.576383e+00 2.910383e-01 -1.290096e+01 4.777565e+00 2.473789e+00 1.106770e+01
-4.882174e+00 -7.386920e+00 1.306605e+00 -3.331971e+00 -1.189416e+01 1.396533e+00 3.644451e+00 5.679472e+00
-1.218374e+00 -7.810587e+00 1.209218e+00 -1.245194e-01 -7.016162e+00 5.152580e+00 2.954360e+00 9.924940e+00
-8.623730e-01 -9.605324e+00 2.000971e+00 -1.283662e+00 -8.018981e+00 2.220652e+00 3.022222e+00 3.760390e+00
-6.800277e+00 -7.233218e+00 -8.570460e+00 -4.298706e-01 -1.085056e+01 7.972849e+00 3.900700e+00 3.906860e+00
-3.504823e+00 -1.069147e+01 -3.828272e+00 -4.144631e-01 -8.750985e+00 4.545994e+00 5.256947e+00 6.672938e+00
-4.593782e+00 -6.676075e+00 -8.850892e-01 -3.003281e+00 -1.399363e+01 2.082646e+00 -2.019612e+00 6.170630e+00
-4.434128e+00 -7.548431e+00 -2.563786e-01 -2.154699e+00 -7.009877e+00 2.153304e+00 1.427673e+00 7.884126e+00
8.085360e-01 -1.059508e+01 -2.678431e+00 -4.093566e+00 -1.391300e+01 1.089916e+00 -1.754722e-01 4.518111e+00
-4.983630e-01 -6.968546e+00 -2.132475e+00 -4.442998e+00 -1.501748e+01 9.433466e+00 2.964524e+00 8.912145e+00
-9.217970e+00 -8.011234e+00 -3.192905e+00 -3.124670e+00 -7.227338e+00 1.388336e+00 1.702345e+00 8.797719e+00
-6.980667e+00 -1.010508e+01 2.294590e+00 -3.432009e+00 -1.232222e+01 6.891963e+00 2.766050e+00 6.201842e+00
-4.206735e+00 -9.751221e+00 2.471429e+00 -5.972762e+00 -8.139196e+00 1.496864e+00 1.572048e+00 5.424282e+00
7.109516e+00 -7.103280e+00 5.573852e-02 -2.882455e+00 -8.256887e+00 8.005689e+00 6.189086e+00 8.303927e+00
2.314011e+00 -4.392840e+00 1.550388e+00 2.510018e+00 -5.554573e+00 3.562766e+00 -3.938092e+00 9.676669e+00
-1.635224e+00 -1.177068e+01 8.000136e-01 -5.382211e+00 -9.924373e+00 3.902411e+00 1.200034e+00 3.895556e+00
-1.219303e+00 -6.888934e+00 -3.140601e+00 -1.677960e+00 -1.219717e+01 2.260343e+00 1.543638e-01 6.097095e+00
-5.952697e+00 -6.417831e+00 -1.685620e+00 -2.573895e-01 -9.073352e+00 3.842804e+00 1.776567e+00 9.530396e+00
-1.878851e+00 -6.516898e+00 -2.828176e+00 -5.007784e-01 -9.638642e+00 -7.542155e-01 1.192914e+00 6.416254e+00
-3.058814e-01 -7.203863e+00 -1.209645e+00 -1.590216e+00 -1.064210e+01 5.528507e+00 2.380247e-01 6.997673e+00
-1.879513e+00 -1.015475e+01 6.924013e-01 -5.512090e+00 -8.607757e+00 3.894479e+00 6.673295e-02 9.138704e+00
-3.865900e+00 -5.051497e+00 1.585487e+00 5.171392e-01 -1.107673e+01 3.386078e+00 -4.925198e-01 1.051485e+01
-3.736049e+00 -3.888220e+00 -2.945523e+00 -1.220723e+00 -9.932072e+00 2.149145e+00 1.714522e+00 4.883172e+00
-2.744730e+00 -9.236027e+00 -3.718009e+00 2.003515e+00 -7.745351e+00 2.900340e+00 3.417459e+00 6.831578e+00
-2.647683e+00 -2.936867e+00 -1.083961e+00 9.395649e-02 -9.792035e+00 7.166701e+00 1.532412e+00 4.641058e+00
-2.547420e+00 -5.654412e+00 -1.480827e+00 7.718797e-01 -7.946934e+00 7.241507e+00 1.798762e+00 6.446897e+00
-4.725607e-01 -1.184168e+00 -2.920449e+00 -1.354152e+00 -8.858348e+00 6.635820e+00 -2.978322e+00 7.555516e+00
-2.260606e+00 -6.068182e+00 -1.074591e+00 8.286681e-02 -1.289970e+01 3.685557e+00 -1.427890e-01 8.072532e+00
-9.781371e+00 -1.046120e+01 2.180630e-01 -5.518288e+00 -1.362495e+01 -9.341218e-01 2.197939e+00 6.270464e+00
-2.109113e+00 -8.492979e+00 -2.054275e-02 -1.871540e+00 -8.933237e+00 -5.056190e-01 -9.784460e-01 8.345666e+00
-2.893113e+00 -4.216041e+00 -1.273462e+00 -4.052265e+00 -1.203812e+01 9.976235e+00 -8.231425e-01 6.948496e+00
-7.203762e+00 -9.094610e+00 -3.809025e+00 -6.259607e+00 -1.384497e+01 2.114878e+00 1.591943e+00 3.353034e+00
-2.353845e+00 -4.410086e+00 -3.703454e+00 3.009349e+00 -1.164222e+01 1.098092e+01 -5.427801e-01 1.023912e+01
-3.411643e+00 -1.269757e+01 -4.350611e+00 -3.612224e+00 -7.577382e+00 2.426957e+00 5.854563e-01 8.122845e+00
-4.828852e-01 -1.330454e+01 -1.450711e+00 -2.514346e+00 -1.437962e+01 -3.383479e-03 2.959447e+00 1.294046e+00
-3.634314e+00 -1.255195e+01 -2.095790e+00 -1.768442e+00 -1.358645e+01 -7.580741e-01 5.872228e+00 7.032929e+00
-4.730514e-01 -6.596625e+00 8.592332e-01 -4.117612e-01 -1.242359e+01 5.176048e+00 4.990836e+00 9.553684e+00
-9.956264e-01 -1.017917e+01 3.543551e-01 -3.709735e+00 -1.318675e+01 4.710103e+00 2.676439e+00 1.066796e+01
-2.409100e+00 -1.290577e+01 2.122827e+00 -2.281752e+00 -6.734770e+00 4.931411e+00 3.898606e+00 9.626849e+00
-2.866915e+00 -9.709010e+00 6.212871e-01 -1.692135e+00 -8.952810e+00 3.680442e+00 3.111231e+00 8.844625e+00
-2.604473e+00 -9.250299e+00 -2.789490e+00 -1.153830e-02 -8.120213e+00 3.857995e+00 6.824604e+00 7.873074e+00
2.560409e+00 -1.113762e+01 -1.005193e-01 -2.166997e+00 -8.089388e+00 3.259519e+00 7.479779e+00 7.773041e+00
-3.035554e+00 -8.920777e+00 -2.203931e+00 -1.856197e+00 -1.406313e+01 5.151094e+00 1.314216e+00 9.248103e+00
-1.964102e+00 -6.865855e+00 -3.825411e+00 -4.323031e+00 -1.314656e+01 7.887330e+00 2.675825e+00 6.700160e+00
-2.133990e+00 -7.822025e+00 -2.620898e+00 -5.468252e+00 -1.290904e+01 2.160051e+00 5.097828e+00 8.780220e+00
-5.932878e+00 -9.859575e+00 -1.760368e+00 -3.207019e+00 -1.583528e+01 -4.199470e-01 5.111033e+00 6.909709e+00
-1.585309e+00 -1.099219e+01 -3.145950e+00 -3.147592e+00 -1.416890e+01 1.027926e+00 6.553131e+00 8.676647e+00
-2.519367e+00 -6.624531e+00 -4.041338e+00 -2.168271e+00 -1.753430e+01 2.636826e+00 4.675116e+00 1.063316e+01
-3.850374e+00 -8.194948e+00 -5.168068e-01 -1.573617e+00 -1.087844e+01 2.877245e+00 5.250447e+00 5.322970e+00
-2.355375e+00 -6.453318e+00 -1.580342e+00 -1.663413e+00 -1.375896e+01 4.440920e+00 4.424805e+00 6.593189e+00
-2.064648e+00 -9.710824e+00 3.060364e-01 4.240492e-01 -8.803580e+00 5.953829e+00 4.503128e+00 7.370946e+00
-5.072358e+00 -9.745371e+00 -3.155257e+00 -2.654734e+00 -1.275063e+01 4.737250e+00 6.018492e+00 6.803677e+00
-3.273599e+00 -7.560898e+00 2.000485e-01 -8.089006e-01 -9.870280e+00 5.942516e+00 2.354233e+00 9.569220e+00
-1.649210e+00 -8.274541e+00 1.880796e-01 -1.552237e+00 -8.808608e+00 4.318950e+00 3.204789e+00 1.167287e+01
-1.876578e+00 -8.216929e+00 -3.576448e+00 -1.719740e+00 -9.871651e+00 1.788713e+00 4.913544e+00 7.328343e+00
-4.679251e+00 -1.139444e+01 -1.699312e-01 -1.283032e+00 -1.219648e+01 -6.961577e-01 3.582195e+00 1.078188e+01
-1.088681e+00 -9.078285e+00 -4.442172e-01 -2.155179e-01 -1.367395e+01 9.465558e+00 4.284457e+00 8.617780e+00
-1.757345e-01 -9.501658e+00 -8.588061e-02 -7.809299e-01 -1.280890e+01 7.918546e+00 5.472873e+00 1.029386e+01
-4.765339e+00 -1.106726e+01 -1.474969e+00 -3.285651e+00 -1.079239e+01 4.076430e+00 5.537143e+00 8.882170e+00
-2.924607e+00 -1.119557e+01 1.092904e-01 -3.031323e+00 -1.402173e+01 5.631896e+00 3.847712e+00 5.611876e+00
-4.916048e+00 -1.031675e+01 1.051296e+00 -1.061251e+00 -9.747092e+00 4.148938e+00 3.427734e+00 8.587053e+00
-5.957609e+00 -8.330928e+00 -4.421904e+00 8.036821e-01 -1.074593e+01 1.474000e+00 6.490003e+00 8.645438e+00
2.022728e-01 -1.075313e+01 -2.462231e-01 -1.997342e+00 -1.197489e+01 3.558789e+00 3.250057e+00 8.270242e+00
4.211454e-01 -1.059436e+01 -1.932768e+00 -4.247835e+00 -1.265395e+01 3.384941e+00 3.996750e+00 9.760884e+00
-4.827388e+00 -7.300927e+00 -6.000813e-01 -2.833783e+00 -1.263091e+01 9.009604e+00 -1.899966e+00 6.153252e+00
-4.541545e+00 -3.493627e+00 3.785637e-01 -3.760125e+00 -1.604436e+01 5.106385e+00 -2.774438e+00 2.387401e+00
-4.484964e+00 -4.171112e+00 -1.800116e+00 -1.701448e+00 -7.273662e+00 4.310091e+00 3.524963e+00 8.426928e+00
-5.369855e+00 -5.308953e+00 -7.482331e-01 -1.588998e+00 -8.223174e+00 5.250403e+00 2.476442e+00 9.926503e+00
-4.571961e-01 -8.005348e+00 -5.841562e+00 -2.578015e+00 -1.226405e+01 6.131557e-01 1.205603e+00 7.707284e+00
-1.112523e+00 -5.824871e+00 -2.055068e-01 1.987294e+00 -9.618651e+00 -9.278763e-01 4.490693e+00 1.141645e+01
1.063052e+00 -6.226983e+00 1.276122e+00 -4.153873e-01 -8.193742e+00 5.340682e+00 -6.314898e-01 4.363538e+00
-3.775537e+00 -5.663894e+00 -3.189485e+00 -9.565272e-01 -8.713628e+00 -2.736934e-01 -1.151800e+00 6.563853e+00
-5.772709e+00 -5.431880e+00 -2.284688e-01 -1.109041e+00 -7.822872e+00 2.441442e+00 4.145817e-01 9.446248e+00
-3.005753e+00 -5.126823e+00 -3.511586e+00 -1.850946e+00 -8.540180e+00 3.862151e+00 -3.343585e-01 1.090312e+01
-5.390293e+00 -7.448836e+00 2.844122e+00 -2.518818e+00 -1.424265e+01 2.992343e+00 1.122498e+00 9.278783e+00
-7.325061e+00 -1.035687e+01 -2.406458e+00 -6.870867e-01 -1.271809e+01 4.968478e+00 2.197190e-01 7.598388e+00
2.114660e-01 -5.091346e+00 -9.123717e-01 3.048154e-01 -9.971332e+00 4.731884e+00 -4.472200e+00 9.666719e+00
-2.862210e+00 -6.559513e+00 -4.148709e+00 1.071356e-01 -1.271011e+01 5.560799e+00 -1.454291e+00 8.950960e+00
-4.280767e+00 -1.033932e+01 2.377294e-01 -5.211009e+00 -1.386549e+01 1.529959e+00 -1.846169e+00 8.744965e+00
-4.708969e+00 -6.584628e+00 -2.553089e+00 7.999945e-01 -8.830206e+00 3.220551e+00 -1.534706e+00 7.699895e+00
1.559754e+00 -5.682599e+00 -5.018253e+00 -8.617416e-01 -7.287996e+00 1.167756e+01 -1.963524e-01 7.540304e+00
9.237681e-01 -2.120071e+00 -9.033274e-01 -3.023897e-01 -7.678274e+00 1.219327e+01 2.135248e+00 6.280937e+00
-2.241263e+00 -4.198241e+00 -1.818991e-01 -3.084561e-01 -7.943730e+00 1.023776e+01 7.772618e+00 9.413335e+00
-7.984162e-01 -7.288013e+00 -1.847211e+00 -8.949995e-01 -9.951255e+00 9.161194e+00 5.021485e+00 9.342816e+00
-3.978039e-01 -9.731891e+00 2.254466e+00 1.063692e-01 -5.426741e+00 2.982551e+00 2.451966e+00 7.769456e+00
-9.119351e-01 -6.541809e+00 1.238085e+00 1.584929e+00 -9.234766e+00 4.833500e+00 1.902567e+00 6.638419e+00
-5.113670e+00 -3.655253e+00 -2.588741e+00 -1.747004e-01 -1.098284e+01 5.148608e-01 2.556809e+00 9.503619e+00
-6.242900e+00 -7.328550e+00 -6.168415e+00 -3.586937e+00 -1.156988e+01 1.155967e+00 1.366390e+00 6.886965e+00
-9.275751e+00 -1.028636e+01 1.127856e+00 -3.166730e+00 -8.686558e+00 2.586092e-01 1.159942e-02 8.453385e+00
-5.920411e+00 -1.196980e+01 3.098870e+00 -2.360722e+00 -1.049653e+01 1.893899e+00 1.644546e+00 7.666560e+00
-8.407331e+00 -6.742383e+00 -2.071533e+00 -2.281483e+00 -1.137777e+01 1.708793e+00 -5.627531e+00 7.285606e+00
-5.706787e+00 -5.758018e+00 -6.429658e-01 -1.711868e+00 -1.068273e+01 2.653345e+00 4.141226e-01 7.852769e+00
8.075710e-01 -8.355382e+00 -3.979290e+00 5.479028e-01 -7.806827e+00 6.023961e-01 -1.676830e+00 6.071812e+00
-2.645906e+00 -6.542769e+00 -4.679488e+00 8.937025e-01 -1.023359e+01 3.502029e+00 5.172063e-01 6.021177e+00
