1.503450e+01 -1.227131e+00
7.541488e+00 1.801377e+00
1.072048e+01 2.040616e+00
1.731983e+01 -2.075049e-01
9.618963e+00 -5.674960e+00
1.945141e+00 -1.390687e+00
1.676816e+01 -7.561221e-01
1.825574e+01 8.783093e+00
1.969375e+01 4.743858e+00
1.549062e+01 -1.095323e+01
2.520999e+00 -1.332342e+01
1.080065e+00 -1.984421e+01
2.756520e+00 -1.691469e+01
5.652196e+00 -1.119633e+01
-3.076226e+00 -1.626062e+01
-5.163587e-01 -1.873393e+01
7.723068e+00 -1.821810e+01
2.904615e+00 -2.068890e+01
-1.449233e+00 -2.212027e+01
4.876119e+00 -1.924384e+01
6.008481e+00 -6.010489e+00
6.037374e+00 -1.230319e+01
4.211867e+00 -2.558898e+01
1.028156e+01 -2.235958e+01
7.887609e+00 -1.551850e+01
3.895329e+00 -1.286191e+01
8.441528e+00 -1.938748e+01
1.160330e+01 -1.471237e+01
1.890815e-01 -1.948634e+01
-3.447559e+00 -1.855488e+01
9.592779e+00 -1.906082e+01
1.025282e+01 -2.088597e+01
6.928084e+00 -2.377466e+01
7.666572e+00 -2.475854e+01
1.257144e+01 -8.719514e+00
9.957139e+00 -1.846857e+01
4.279880e+00 -1.896225e+01
5.416982e+00 -3.052378e+01
1.160971e+01 -2.188393e+01
2.374663e+00 -2.905286e+01
9.693900e+00 -2.289355e+01
8.653594e+00 -2.371891e+01
1.003552e+01 -1.965114e+01
7.304303e+00 -1.656221e+01
8.692307e+00 -1.087346e+01
2.423121e+00 -2.009741e+01
8.120568e+00 -2.448743e+01
7.698405e+00 -2.223004e+01
8.392467e-01 -1.711219e+01
-2.452613e+00 -1.546495e+01
5.451142e+00 -2.762038e+01
2.884440e-01 -3.223852e+01
-4.056888e+00 -1.698086e+01
4.413800e+00 -1.512364e+01
9.948706e+00 -2.106149e+01
8.496357e+00 -2.432151e+01
7.059651e+00 -1.791195e+01
8.701359e+00 -1.695217e+01
1.032408e+01 -2.808966e+01
8.771699e+00 -2.793117e+01
7.103446e+00 -2.278062e+01
1.344086e+01 -2.459132e+01
1.362649e+01 -1.536898e+01
1.215974e+01 -1.466139e+01
2.816050e+00 -2.007876e+01
-7.980956e+00 -1.118898e+01
1.255856e+01 -2.082719e+01
1.208378e+01 -2.356114e+01
-2.934005e+00 -1.915611e+01
-5.330822e+00 -1.580638e+01
-1.925988e+00 -7.556143e+00
1.856084e+00 -1.382318e+01
-4.638222e+00 -2.127926e+01
-8.539125e+00 -1.916764e+01
-2.547210e+00 -2.388982e+01
-1.095430e+00 -1.884141e+01
-3.860449e+00 -2.395422e+01
-1.753609e+00 -1.459558e+01
1.421572e+00 -1.452901e+01
-1.154184e+00 -1.212019e+01
-6.612316e+00 -1.329747e+01
1.362302e+00 -1.464030e+01
-5.718780e+00 -2.322341e+01
-2.956118e-01 -1.924692e+01
-1.047611e+00 -2.790452e+01
1.935688e+00 -2.163226e+01
-1.231023e+01 -1.689636e+01
-6.546830e+00 -2.202403e+01
1.666282e+00 -1.315144e+01
4.995965e+00 -1.214317e+01
-2.084059e+00 -2.096146e+01
1.378402e+00 -1.953892e+01
7.530877e+00 -1.458218e+01
2.988990e+00 -1.733053e+01
-1.027397e+00 -1.690024e+01
-4.312700e+00 -1.498070e+01
2.169423e+00 -1.994352e+01
5.093739e+00 -2.467065e+01
-4.481861e+00 -1.180823e+01
-4.766685e+00 -2.315148e+01
2.253473e-01 -1.259351e+01
3.625278e+00 -1.593165e+01
-4.124329e+00 -1.883027e+01
-3.172988e+00 -1.763605e+01
1.140748e+00 -1.430730e+01
-7.054863e-01 -1.982660e+01
-6.992774e+00 -1.744279e+01
-3.430882e+00 -2.113787e+01
4.446543e+00 -2.144009e+01
-4.830583e+00 -2.184418e+01
-1.767922e-02 -1.535769e+01
7.432647e-01 -1.940545e+01
-2.017213e+00 -2.175381e+01
-5.614854e+00 -2.243024e+01
-5.799876e-01 -1.776276e+01
1.840766e+00 -1.433316e+01
-4.354756e-01 -1.333189e+01
-4.105072e+00 -1.665478e+01
-3.962748e+00 -1.976612e+01
-2.901136e-02 -1.768950e+01
-2.545515e+00 -2.499281e+01
-9.174849e+00 -1.964433e+01
7.853268e+00 -1.276392e+01
1.157026e+01 -1.709945e+01
-4.121665e+00 -1.792543e+01
-4.515280e+00 -1.711745e+01
-5.435816e-01 -8.036464e+00
-9.968913e-02 -1.313326e+01
-2.424807e-01 -1.698100e+01
-2.804700e+00 -1.616753e+01
7.055598e+00 -2.507121e+01
6.052726e+00 -2.309073e+01
8.545999e+00 -1.381068e+01
8.320956e+00 -2.051595e+01
6.364555e-01 -2.376452e+01
3.404072e+00 -2.168951e+01
7.540215e+00 -1.562817e+01
4.332018e-01 -1.659582e+01
1.480733e+01 -1.988302e+01
3.558918e+00 -2.001894e+01
7.313275e+00 -2.885350e+01
-7.292925e+00 -1.856997e+01
3.246975e+00 -2.711637e+01
5.841702e+00 -2.030130e+01
8.081615e+00 -1.778363e+01
7.389689e+00 -1.231627e+01
-1.032197e+00 -2.554615e+01
7.073072e+00 -2.646137e+01
1.103773e+01 -2.106208e+01
5.722072e+00 -2.027282e+01
9.123515e+00 -2.161362e+01
2.439756e+00 -1.500619e+01
2.921667e+00 -2.031674e+01
7.932791e+00 -1.716089e+01
8.463801e-01 -1.478440e+01
5.110643e+00 -1.775055e+01
5.432521e+00 -2.522343e+01
1.314615e+00 -1.740545e+01
1.494413e+01 -1.841349e+01
1.042986e+01 -1.651343e+01
-6.769625e+00 -1.874721e+01
2.736583e+00 -2.053789e+01
3.201977e+00 -2.150167e+01
-3.763508e+00 -1.504832e+01
8.838787e+00 -1.313990e+01
-5.975302e+00 -1.690543e+01
3.846230e+00 -2.303269e+01
-4.694639e+00 -1.335646e+01
-6.861683e+00 -1.252596e+01
3.789901e-01 -2.626040e+01
-5.425990e-02 -1.264296e+01
-1.957939e+00 -1.497392e+01
-1.277516e+01 -1.553627e+01
-1.083942e+00 -9.657048e+00
-1.879720e-01 -2.390672e+01
1.403628e+00 -1.748354e+01
-6.145494e+00 -2.378124e+01
-8.581937e+00 -1.323964e+01
-1.520419e+00 -4.510490e+00
-1.004807e-01 -1.475564e+01
-8.894549e-01 -1.594282e+01
-2.980151e+00 -2.018548e+01
-7.347003e+00 -1.969878e+01
-5.942778e+00 -2.124662e+01
1.668168e+00 -1.819593e+01
-1.354621e+00 -1.269936e+01
-4.299519e+00 -2.071135e+01
1.613946e+00 -1.473683e+01
-1.331666e+00 -2.088138e+01
-4.173495e-01 -1.997851e+01
5.603433e+00 -1.551114e+01
4.357537e-01 -1.399954e+01
-3.384154e+00 -2.506185e+01
1.184819e+01 -2.969528e+01
-1.837262e+00 -2.580026e+01
1.354371e+00 -2.782412e+01
-8.716788e-01 -2.239286e+01
2.544575e+00 -2.431060e+01
1.186112e+01 -1.646328e+01
8.157266e+00 -1.735719e+01
5.663490e+00 -3.144417e+01
1.374744e+00 -1.724128e+01
2.042105e+00 -2.437449e+01
4.843783e+00 -2.587249e+01
8.043840e+00 -1.774023e+01
5.475728e+00 -1.551036e+01
3.512030e+00 -2.183880e+01
9.199059e+00 -2.376049e+01
9.516294e+00 -2.664914e+01
1.372962e+00 -1.361314e+01
9.051294e+00 -1.548522e+01
9.025110e+00 -1.513577e+01
1.321961e+01 -1.927833e+01
1.030514e+01 -1.996716e+01
3.412089e+00 -2.385690e+01
3.937194e+00 -2.116516e+01
-4.427333e-01 -2.102754e+01
4.389726e+00 -1.627091e+01
1.357184e+01 -2.012588e+01
1.079570e+01 -2.282089e+01
-5.641582e+00 -1.772185e+01
4.390820e+00 -2.305930e+01
2.085646e+00 -1.620536e+01
-9.855490e+00 -7.575142e+00
-2.153000e-01 -1.461323e+01
-5.895926e+00 -2.248421e+01
5.751396e-02 -1.746365e+01
1.444066e+00 -1.178247e+01
-7.509254e+00 -1.439553e+01
-1.198331e+00 -2.073939e+01
3.606881e+00 -1.130726e+01
-1.712927e+00 -1.696107e+01
-1.107350e+01 -2.065125e+01
-4.718498e-01 -1.565767e+01
8.759136e+00 -1.721028e+01
-3.224079e+00 -1.802192e+01
-4.210822e+00 -1.828862e+01
-5.888158e+00 -9.521996e+00
-2.853780e+00 -8.147746e+00
-5.293983e+00 -2.183232e+01
-4.778621e+00 -1.705162e+01
-1.479033e+00 -1.988750e+01
-3.498026e+00 -2.311504e+01
3.878912e-01 -1.743834e+01
-2.609587e+00 -1.068444e+01
-3.162691e+00 -7.365811e+00
-1.655955e+00 -2.107074e+01
-1.964316e+00 -1.331102e+01
-3.411358e+00 -1.845990e+01
3.240290e+00 -1.439017e+01
4.889773e+00 -2.930365e+01
8.953390e+00 -2.945274e+01
7.420064e+00 -2.396558e+01
7.643072e+00 -2.493187e+01
1.200078e+01 -2.006512e+01
1.681429e+01 -2.738678e+01
3.649719e+00 -2.540466e+01
1.154465e+01 -2.262693e+01
-3.266101e+00 -2.386655e+01
-1.176502e+00 -2.249806e+01
6.441884e+00 -1.671428e+01
1.462217e+00 -2.076031e+01
5.203971e+00 -2.319510e+01
1.461067e+00 -2.079787e+01
1.104549e+01 -1.276586e+01
6.727748e+00 -2.126272e+01
8.117795e+00 -2.301065e+01
5.120670e+00 -2.791998e+01
1.230600e+01 -1.808701e+01
1.084542e+01 -2.427968e+01
1.398192e+00 -2.828931e+01
2.523953e+00 -3.134008e+01
1.091809e+01 -1.074956e+01
2.894848e+00 -1.826595e+01
8.132729e+00 -2.742142e+01
7.188484e+00 -2.294915e+01
9.972396e+00 -2.770180e+01
9.553698e+00 -2.334774e+01
6.805092e+00 -2.636045e+01
4.815139e+00 -2.600740e+01
-6.605644e+00 -1.432495e+01
-3.613792e+00 -1.716118e+01
5.408340e-01 -2.036953e+01
-1.280103e+00 -1.644622e+01
2.624199e+00 -1.810021e+01
1.217750e+00 -1.835979e+01
-5.840154e+00 -1.856332e+01
-4.431116e+00 -2.497893e+01
-5.897246e+00 -1.650290e+01
1.904669e+00 -1.755384e+01
3.849040e+00 -8.711319e+00
4.935562e+00 -1.254017e+01
-2.780014e+00 -2.381090e+01
-4.490753e+00 -2.889882e+01
-5.545935e+00 -1.914025e+01
-3.734124e+00 -1.561432e+01
-4.315978e+00 -2.148976e+01
-4.441638e+00 -1.636378e+01
-4.843973e+00 -2.292931e+01
-1.295085e+00 -2.268738e+01
7.371148e-01 -2.278055e+01
1.339377e+00 -2.548933e+01
-3.044999e+00 -2.609391e+01
1.808041e+00 -1.965562e+01
-3.668269e+00 -1.846962e+01
-4.355285e+00 -1.908625e+01
-1.135237e+00 -2.256036e+01
1.544146e+00 -1.649509e+01
6.509946e+00 -2.410320e+01
-3.307358e+00 -2.005824e+01
-6.834455e+00 -1.654418e+01
-1.132702e+01 -1.867137e+01
-3.268684e+00 -8.371324e+00
-5.173925e+00 -1.500776e+01
-1.879449e+01 -1.000330e+01
-9.736660e+00 -1.912753e+01
-8.368354e+00 -2.409024e+01
-8.689098e+00 -1.589874e+01
-6.076369e+00 -1.846990e+01
-4.008945e+00 -1.991856e+01
-7.829635e+00 -1.782920e+01
-1.306416e+01 -1.594223e+01
-7.085323e+00 -2.755496e+01
-6.688882e+00 -2.605017e+01
-6.095911e+00 -2.154998e+01
-9.174593e+00 -1.506761e+01
1.798893e+00 -1.271764e+01
-1.030699e+00 -2.219408e+01
-8.804526e+00 -2.177645e+01
-1.305683e+01 -1.954060e+01
-1.677118e+00 -2.059771e+01
-1.135748e+01 -2.030200e+01
-7.303837e+00 -2.318438e+01
-6.457367e+00 -2.509540e+01
-4.454246e-01 -1.638155e+01
4.620946e+00 -2.600699e+01
-8.964885e+00 -2.229214e+01
-5.562880e-01 -2.902253e+01
3.131227e+00 -8.469741e+00
-1.185571e+01 -2.090041e+01
-7.296938e+00 -1.724060e+01
-3.782197e+00 -2.761972e+01
-3.916326e+00 -1.745206e+01
-6.268426e+00 -2.562339e+01
-1.651489e+01 -2.243952e+01
-9.440228e+00 -2.041696e+01
-2.591068e+00 -2.100766e+01
-6.224592e+00 -2.472598e+01
-1.220883e+01 -1.795688e+01
-1.202085e+01 -1.750077e+01
2.092362e+00 -2.661092e+01
-7.397106e+00 -2.399622e+01
-1.917803e+01 -1.584684e+01
-1.519046e+01 -1.812241e+01
-4.784067e+00 -2.412205e+01
-9.794758e+00 -2.351496e+01
-9.119890e+00 -1.252854e+01
-7.573200e+00 -1.736147e+01
-4.265705e+00 -1.953379e+01
2.324236e+00 -2.032382e+01
-7.865310e+00 -1.701825e+01
-5.841923e+00 -1.976856e+01
6.398097e+00 -1.006098e+01
2.163442e+00 -2.009195e+01
-7.938764e+00 -1.655454e+01
-6.154061e+00 -2.149408e+01
-2.514227e+00 -2.289076e+01
-3.876344e+00 -1.901051e+01
-1.005499e+01 -1.555594e+01
-1.512802e+01 -1.518340e+01
-1.153465e+01 -1.944630e+01
-1.203722e+01 -1.869688e+01
-1.578094e+01 -2.003753e+01
-9.207541e+00 -8.307846e+00
-1.330337e+01 -2.469884e+01
-7.781379e+00 -2.846469e+01
-9.686096e+00 -8.774764e+00
-7.652141e+00 -1.592805e+01
-1.534856e+01 -2.514263e+01
-6.195709e+00 -2.057779e+01
-9.783037e+00 -1.314491e+01
-7.939729e+00 -1.790290e+01
-1.406849e+01 -1.954413e+01
-1.799496e+01 -2.103541e+01
-1.713188e+01 -2.731845e+01
-1.265733e+01 -2.290592e+01
-1.414404e+01 -2.946562e+01
-2.159216e+01 -2.335698e+01
-7.793596e+00 -1.232097e+01
-1.417865e+00 -2.513486e+01
-1.207460e+01 -1.684190e+01
-1.470625e+01 -1.853962e+01
-5.583817e+00 -1.609084e+01
-1.846330e+00 -2.461600e+01
-1.394662e+01 -1.913354e+01
-5.356446e+00 -2.717323e+01
-5.903134e+00 -2.588294e+01
-6.152832e+00 -2.790130e+01
-1.628541e+01 -1.746944e+01
-9.574204e+00 -1.856751e+01
-8.402736e+00 -2.016925e+01
-8.680776e+00 -1.920971e+01
-6.752873e+00 -2.591716e+01
-1.164085e+01 -2.502706e+01
-7.911960e+00 -1.860965e+01
-8.428157e+00 -2.051774e+01
-1.124393e+01 -2.769713e+01
-7.656432e+00 -1.875780e+01
-1.903949e+01 -1.792907e+01
-1.005501e+01 -2.091786e+01
-1.136395e+01 -1.553508e+01
-1.406746e+01 -1.834209e+01
-1.824376e+01 -2.054323e+01
-1.026541e+01 -2.720870e+01
-1.035733e+01 -2.148475e+01
-1.019663e+01 -2.619371e+01
-1.071065e+01 -2.096034e+01
1.386755e+00 -1.483071e+01
-1.578760e+01 -2.478836e+01
-1.196731e+01 -1.626044e+01
-1.245384e+01 -2.833340e+01
-1.724617e+01 -1.985203e+01
6.081574e-01 -1.726091e+01
-5.295666e+00 -2.288080e+01
-1.658052e+01 -2.152543e+01
-1.040049e+01 -2.464611e+01
-1.203178e+01 -1.270590e+01
-9.491565e+00 -8.897335e+00
-1.176135e+01 -2.125001e+01
-7.664024e+00 -2.021661e+01
-1.302316e+01 -8.938070e+00
-8.536419e+00 -1.532394e+01
-5.571273e+00 -2.505865e+01
3.279725e+00 -1.902960e+01
-9.727889e+00 -1.618630e+01
-1.092397e+01 -3.002669e+01
-1.044445e+01 -2.438964e+01
-8.491283e+00 -1.824497e+01
-1.075620e+01 -1.836027e+01
-7.213137e+00 -2.203126e+01
-5.037645e+00 -2.232099e+01
-1.590425e+01 -2.286681e+01
-1.115544e+01 -2.328998e+01
2.145574e+00 -1.973684e+01
-3.977894e+00 -1.672442e+01
-9.403322e+00 -1.841571e+01
-8.848638e+00 -2.003244e+01
-1.180774e+01 -1.479539e+01
-1.783084e+00 -2.197446e+01
-8.884633e+00 -2.658541e+01
-8.350300e+00 -1.597171e+01
-6.459910e+00 -1.912378e+01
-2.750567e+00 -2.411434e+01
-2.532371e+00 -1.540675e+01
-7.401989e+00 -1.188671e+01
-3.393239e+00 -1.250414e+01
-5.976895e+00 -2.801214e+01
-4.721990e+00 -2.564957e+01
9.575878e+00 -2.243077e+01
-1.976137e+00 -2.006335e+01
-1.200821e+01 -2.675683e+01
-6.993982e+00 -2.539246e+01
-8.576329e+00 -1.485251e+01
-1.506082e+01 -1.956250e+01
-3.511252e+00 -2.339259e+01
-1.682651e+01 -2.383488e+01
-6.359045e+00 -2.215173e+01
-1.268714e+01 -1.537112e+01
-1.467254e+01 -1.576044e+01
-3.062436e+00 -1.913638e+01
-1.150351e+01 -1.072256e+01
-1.584435e+01 -1.889524e+01
-1.882798e+01 -2.365215e+01
-1.060459e+01 -1.387461e+01
-1.842391e+01 -2.805444e+01
-1.688606e+01 -2.843362e+01
-7.660879e+00 -2.256417e+01
-1.458446e+01 -1.562176e+01
-1.327794e+01 -7.085805e+00
-5.312611e+00 -1.714538e+01
-1.651295e+01 -2.843949e+01
-1.109772e+01 -3.238130e+01
-2.279445e+01 -2.372131e+01
-1.431882e+01 -2.042884e+01
-1.694864e+01 -1.907957e+01
-1.332878e+00 -1.912582e+01
-1.035015e+01 -1.575739e+01
-1.913119e+01 -3.127800e+01
-8.042674e+00 -2.340466e+01
-1.046962e+01 -2.534818e+01
-7.218481e+00 -1.479118e+01
-7.831060e+00 -2.127772e+01
-3.182580e+00 -2.830060e+01
-1.811801e+00 -2.245877e+01
-9.373146e+00 -1.513850e+01
-1.083166e+01 -1.971245e+01
-2.645446e+00 -2.389338e+01
-4.464561e+00 -1.790350e+01
-9.342825e+00 -1.732448e+01
-9.289763e+00 -2.604178e+01
-3.303713e+00 -2.121299e+01
-1.357102e+01 -2.075228e+01
-6.730684e+00 -2.351004e+01
-1.162164e+01 -1.874654e+01
-5.439577e+00 -1.332836e+01
-1.854866e+01 -9.758918e+00
-5.749178e+00 -1.981449e+01
-9.755655e+00 -2.105468e+01
-7.490280e+00 -1.862191e+01
-6.208134e+00 -2.380395e+01
-6.574066e+00 -1.684296e+01
-6.299089e+00 -1.938605e+01
-5.067694e+00 -2.485280e+01
-3.182476e+00 -1.873916e+01
-1.032860e+01 -1.782252e+01
-7.270205e+00 -1.783041e+01
-6.911296e+00 -2.171506e+01
-8.374970e+00 -1.815473e+01
3.799407e+00 -1.588185e+01
1.035431e+00 -2.181937e+01
-1.431645e+01 -2.859559e+01
-6.844786e+00 -2.226947e+01
-1.335427e+01 -2.200107e+01
-1.410367e+01 -2.167576e+01
-1.142058e+01 -2.002397e+01
-1.633105e+01 -2.262739e+01
-9.692516e+00 -2.282478e+01
-4.012263e+00 -1.836153e+01
-1.222766e+01 -2.198224e+01
-7.885037e+00 -1.516651e+01
-4.185353e+00 -9.843234e+00
-7.604348e+00 -2.239341e+01
-1.595918e+01 -2.349040e+01
-1.307939e+01 -1.742615e+01
-1.352569e+01 -1.864860e+01
-1.884937e+01 -2.149840e+01
-1.223926e+01 -2.019287e+01
-1.040160e+01 -1.976682e+01
-8.828494e+00 -6.829129e+00
-8.729121e+00 -2.733305e+01
-1.168800e+01 -2.005388e+01
-8.524235e+00 -2.775324e+01
-1.751950e+01 -2.313009e+01
-9.678071e+00 -1.660904e+01
-1.235468e+01 -1.988365e+01
-4.855773e+00 -1.773452e+01
-1.166468e+01 -2.333870e+01
-1.726106e+01 -3.077693e+01
-1.027675e+01 -1.790277e+01
-7.211309e+00 -2.482415e+01
2.087338e-01 -2.271760e+01
-4.943898e+00 -2.051523e+01
-6.595867e-01 -2.192941e+01
6.173170e-01 -2.365010e+01
4.664197e-01 -2.140083e+01
-2.188643e-01 -2.398685e+01
-5.879200e+00 -2.420181e+01
-3.589289e+00 -2.486247e+01
-8.926072e+00 -1.903653e+01
-1.140781e+01 -1.484822e+01
-6.496654e+00 -1.883757e+01
-1.471828e+01 -2.395342e+01
-9.360402e+00 -2.302487e+01
-1.177712e+01 -1.668929e+01
-6.884870e+00 -2.091753e+01
-1.118343e+01 -2.521109e+01
-2.231259e+00 -2.149340e+01
-2.498895e+00 -2.572177e+01
-1.121488e+00 -1.903324e+01
-9.039092e+00 -2.163388e+01
-3.692044e+00 -2.499559e+01
-8.415079e+00 -1.897232e+01
6.476706e-01 -1.804505e+01
-7.542385e+00 -1.861009e+01
-2.478026e+00 -2.837575e+01
-1.062869e+01 -2.254596e+01
-5.916248e+00 -1.421949e+01
-6.766831e+00 -2.251871e+01
-8.653170e+00 -2.666903e+01
-5.995331e+00 -2.461184e+01
-9.511331e+00 -1.914750e+01
-6.291660e+00 -1.456177e+01
-9.269018e+00 -2.106246e+01
-1.043812e+01 -1.915558e+01
-8.957566e+00 -1.670613e+01
-9.511497e+00 -2.885510e+01
-1.586967e+01 -2.175686e+01
-1.754858e+01 -1.547732e+01
-1.412870e+01 -2.000620e+01
-1.853845e+01 -1.580882e+01
-6.034912e+00 -1.234556e+01
-7.448315e+00 -2.628793e+00
-1.279435e+01 -2.581327e+01
-1.477239e+01 -2.273061e+01
-8.937301e+00 -3.022814e+01
-1.023173e+01 -1.550660e+01
-1.180974e+01 -2.264858e+01
-1.462625e+01 -2.222475e+01
-1.250423e+01 -1.812893e+01
-8.176525e+00 -2.025369e+01
-9.459286e+00 -2.691899e+01
-1.219707e+01 -2.200144e+01
-1.021145e+01 -2.324263e+01
-1.337319e+01 -2.500710e+01
-1.099986e+01 -1.659743e+01
-8.828789e+00 -1.386890e+01
-1.156214e+01 -1.393765e+01
-1.341136e+01 -1.013637e+01
-1.343620e+01 -2.492256e+01
-1.404580e+01 -2.292505e+01
-3.746186e+00 -1.203924e+01
-7.662745e+00 -1.712733e+01
-6.286239e+00 -1.487195e+01
-4.867971e+00 -1.083294e+01
-1.124619e+01 -3.275761e+00
-1.011810e+01 -3.050716e+00
-8.881491e+00 -1.271628e+01
-6.083167e+00 -1.542286e+01
2.449670e+00 -5.098548e+00
-3.161751e+00 -1.931788e+01
-2.522220e+00 -1.286484e+01
-4.917354e+00 -9.432442e+00
-2.888673e+00 -1.149785e+01
-4.939080e+00 -1.305808e+01
4.316545e-01 -9.399535e+00
-3.781817e+00 -1.376377e+01
1.302878e+01 -7.038343e+00
2.300575e+00 -2.331458e+00
-2.220576e+00 -1.379588e+01
-6.619808e+00 -1.178316e+01
4.244749e-01 -7.921680e+00
6.085135e-01 -7.424694e+00
-5.525633e+00 -1.963307e+01
-2.930187e+00 -1.154160e+01
1.009758e+00 -1.909101e+01
-3.492260e+00 -1.163895e+01
-4.417348e+00 -1.057437e+01
-1.523625e+00 -1.003903e+01
-4.684675e-01 -1.497124e+01
-6.582566e+00 -1.276987e+01
-6.705290e+00 -1.194534e+01
-6.726748e+00 -1.033987e+01
6.165347e+00 -7.296098e+00
4.927319e+00 -1.203393e+01
-5.166297e+00 -1.185561e+01
-3.130105e+00 -1.349972e+01
-4.579751e+00 -1.286214e+01
-1.721020e+00 -1.132988e+01
1.031604e+00 -6.091897e+00
-7.027259e+00 -1.174661e+01
1.690802e+00 -1.489948e+01
-5.105973e+00 -1.740823e+01
-1.683790e+01 -1.058499e+01
-1.469337e+01 -1.303944e+01
-6.226040e-01 -3.200132e+00
-1.472589e+00 -5.796302e+00
-1.146282e+01 -8.885883e+00
-7.605569e+00 -1.192949e+01
3.902330e+00 -1.427650e+01
5.734479e+00 -1.106442e+01
-3.479449e+00 -7.906436e+00
-4.256277e+00 -1.072048e+01
3.442112e+00 -7.949352e+00
-8.001591e-01 -1.154534e+01
-1.075697e+01 -1.261996e+01
-6.911081e+00 -9.275319e+00
1.981387e+00 -6.128009e+00
-5.567741e-01 -8.457963e+00
-5.158657e+00 -1.230981e+01
-5.391558e+00 -5.413526e+00
-6.103152e+00 -1.846714e+01
-2.287484e-02 -1.138656e+01
-1.065961e+01 -2.109790e+01
-5.848095e+00 -8.496217e+00
-9.636643e+00 -2.023919e+01
-7.935919e+00 -1.118885e+01
-9.940214e+00 -1.125713e+01
-6.486104e+00 -2.839542e+00
-1.723233e+01 -1.244479e+01
-4.313432e+00 -8.098258e+00
-3.594096e+00 -1.653787e+01
-3.988475e+00 -1.262829e+01
-8.635053e+00 -1.994458e+01
-3.397180e+00 -6.250707e+00
-8.402346e+00 -4.490267e+00
-1.108524e+01 -1.570661e+01
-4.213630e+00 -1.777233e+01
-1.084173e+00 -7.341219e+00
-5.537677e+00 -6.204278e+00
-2.374621e+00 -7.361377e+00
-1.707929e+01 -1.183613e+01
-1.355952e+01 -1.598342e+01
-4.046469e+00 -1.903792e+01
-2.793374e+00 -1.682680e+01
-3.835943e+00 -1.496842e+01
-7.730324e+00 -1.809657e+01
1.344868e+00 -1.396742e+01
-2.105727e+00 -8.650565e+00
-1.066531e+01 -7.271369e+00
-1.071895e+01 -1.164404e+01
-6.684351e+00 -6.148315e+00
-1.063765e+01 -5.041121e+00
-7.677460e+00 -8.202809e+00
-1.458350e+01 -1.394104e+01
-5.460510e+00 -1.568375e+01
-5.424439e+00 -1.561834e+01
-7.010860e+00 -1.338473e+01
-6.134576e+00 -1.910108e+01
2.023237e+00 -7.253950e+00
-1.161493e-01 -5.192103e+00
-9.136880e+00 -1.623409e+01
-8.900420e+00 -1.690681e+01
-1.276935e+01 -2.421817e+01
-1.072878e+01 -2.141197e+01
-6.274853e+00 -1.530782e+01
-7.048269e+00 -1.561236e+01
-4.692010e+00 -8.087835e+00
-1.001956e+01 -4.982831e+00
-1.446136e+01 -1.505813e+01
-1.461856e+01 -1.778657e+01
-1.245645e+01 -1.384602e+01
-6.417492e+00 -1.846019e+01
-4.129324e+00 -2.370779e+01
-6.388514e+00 -2.485685e+01
-1.222296e+01 -1.940626e+01
-2.529062e+00 -8.273430e+00
-5.741090e+00 -5.527354e+00
-1.017792e+01 -9.363181e+00
-1.121758e+01 -1.888129e+01
-1.061484e+01 -1.946950e+01
-7.824056e+00 -1.072343e+01
-5.986834e+00 -1.399048e+01
2.298263e+00 -2.558233e+00
-1.142075e+00 -1.167262e+01
-2.956943e+00 -2.065479e+01
-7.929624e+00 -2.017142e+01
6.084559e-02 -1.861922e+01
-2.444395e+00 -1.592755e+01
-4.551538e+00 -1.803643e+01
3.042232e-01 -1.641741e+01
1.984763e+00 -1.435311e+01
-3.780549e+00 -1.390140e+01
-3.334042e+00 -1.715197e+01
-7.455880e+00 -1.018878e+01
-4.834424e+00 -4.912526e-01
-1.340893e+01 -8.697517e+00
-4.663133e+00 -1.775097e+01
-6.517366e+00 -8.319108e+00
-2.328823e+00 -1.059265e+01
2.956386e+00 -1.248213e+01
-4.028862e+00 -7.823386e+00
-5.021792e+00 -1.339256e+01
4.996794e-01 -1.136907e+01
1.699655e+00 -1.302884e+01
-4.911962e+00 -7.529394e+00
-4.735841e+00 -1.460228e+01
7.612577e-02 -8.384224e+00
-9.389181e+00 -1.382566e+01
-8.017139e+00 -1.339058e+01
4.371897e+00 -1.534249e+01
-9.384946e+00 -2.285630e+01
1.939982e-01 -1.553030e+01
-3.097491e-01 -7.809175e+00
-6.244872e+00 -1.672357e+01
-9.301971e+00 -1.012525e+01
-8.346319e+00 -1.278558e+01
-6.082211e+00 -1.714170e+01
-3.000563e+00 -1.239252e+01
-8.001288e+00 -1.218393e+01
-2.889838e+00 -9.466007e+00
-6.868245e+00 2.729752e+00
-1.077763e+01 -2.072301e+01
-1.549560e+01 -2.333568e+01
-6.961758e+00 -5.089817e+00
-9.267286e+00 -1.298330e+01
-3.234272e+00 -1.587191e+01
-1.092197e+01 -1.582752e+01
-1.288232e+01 -8.283513e+00
-8.494233e+00 2.544510e+00
-2.119859e+00 -1.031083e+01
-9.975139e+00 -1.896678e+01
-7.012455e+00 -1.455560e+01
-8.708796e+00 -9.814470e+00
-9.379467e+00 -6.536293e+00
-1.368955e+01 -9.657851e+00
-8.326738e+00 -9.156762e+00
-1.148467e+01 -1.241830e+01
-1.057747e+01 -1.172378e+01
1.383239e+00 -6.219534e+00
-6.772303e+00 -1.789674e+01
-2.569818e+00 -1.369007e+01
-4.120658e+00 -1.377532e+01
6.124426e+00 -8.618906e+00
-1.696322e+00 -1.053297e+01
-8.631260e+00 -1.354792e+01
-7.934936e+00 -1.917040e+01
-1.958183e+00 -1.321862e+01
-5.185944e+00 -1.404836e+01
-3.870519e+00 -1.268992e+01
-6.042478e+00 -1.420669e+01
7.361044e+00 -1.740006e+01
1.521862e+00 -1.201125e+01
-1.349805e+01 -5.094303e+00
3.737272e-01 -1.569653e+01
-2.321970e+00 -3.395076e+00
-7.989437e+00 -1.766885e+01
-1.166844e+00 -1.789855e+01
-1.284725e+01 -1.211962e+01
-3.167255e+00 -9.653736e+00
-3.352169e-01 -1.250904e+01
-3.957359e+00 -6.734811e-01
-6.693830e-01 -1.883862e+01
-8.578141e+00 -1.548561e+01
-2.966719e+00 2.883692e+00
-1.122301e+01 -1.671125e+01
-3.261516e+00 -1.388117e+01
-2.595751e+00 -6.886432e+00
-5.020560e+00 -1.515308e+01
1.925320e+00 -6.845641e+00
3.500889e-01 -1.704690e+01
-9.750133e+00 -1.569448e+01
-9.844126e-01 -1.544246e+01
-6.714385e+00 -9.382235e+00
-4.418525e+00 -2.231102e+01
-1.071645e+01 -1.341012e+01
-7.048313e+00 -1.289637e+01
-5.871837e+00 -2.147719e+01
-7.449741e-01 -1.095978e+01
-8.518948e+00 -1.508120e+01
-1.834869e-01 -8.533252e+00
-1.079458e+01 -6.927182e+00
-2.076857e+01 -1.304354e+01
-1.192396e+01 -2.798665e+01
-3.953968e+00 -9.606971e+00
-9.172703e+00 -1.366267e+01
-6.845816e+00 -8.714689e+00
-6.337568e+00 -1.992230e+01
-6.643843e+00 -1.643205e+01
-1.056003e+01 -6.541510e+00
-1.683708e+00 -1.817846e+01
-5.839527e+00 -1.572187e+01
-4.150022e+00 -1.925402e+01
-7.333374e+00 -7.440399e+00
-6.403684e+00 -6.047344e+00
-1.291247e+01 -1.363514e+01
-8.689532e+00 -1.431324e+01
-8.030439e+00 -1.317769e+01
-1.555974e+01 -1.267902e+01
-7.858010e+00 -1.410364e+01
-9.743622e+00 -1.632187e+01
-5.447826e+00 -1.405045e+01
-1.406507e+01 -4.367623e+00
-4.982509e+00 -1.025878e+01
-2.303926e+00 -1.002829e+01
-8.289803e-01 -8.414439e+00
1.818279e+00 -1.358922e+01
-4.104250e+00 -1.661825e+01
-3.623366e+00 -1.250377e+01
-2.062444e+00 -1.120469e+01
3.685232e+00 -1.095786e+01
-8.291676e+00 -1.166849e+01
-7.813620e+00 -7.194428e+00
-9.189044e+00 -1.181582e+01
-1.056380e+01 -1.193969e+01
-1.245346e+00 -1.474033e+01
3.448135e+00 -1.865609e+01
-8.679225e+00 -1.655090e+01
-9.980003e+00 -1.179004e+01
3.263891e+00 -6.919965e+00
4.273478e+00 -6.424690e+00
-2.844181e-01 -1.553178e+01
2.812413e+00 -1.358995e+01
3.459969e+00 -1.366821e+01
-2.596548e+00 -2.653493e+00
-4.254588e-01 -1.234950e+01
-5.018942e+00 -6.991764e+00
6.597467e+00 -1.471364e+01
-1.055042e+00 -2.079297e+01
-8.006804e+00 -7.428948e+00
-9.202141e+00 -9.440808e+00
-5.355937e+00 -1.114471e+01
-7.315959e+00 -5.810236e+00
-2.854242e+00 -2.359512e+01
-9.515062e+00 -2.357817e+01
-8.438331e+00 -1.410046e+01
-1.236222e+01 -2.313527e+01
-7.680063e+00 -1.146940e+01
-1.035009e+01 -1.216721e+01
-1.077850e+01 -1.944484e+01
-8.695700e+00 -1.173590e+01
-3.366253e+00 -1.723761e+01
-4.377566e+00 -8.091250e+00
-8.874108e+00 -1.491317e+01
-1.089319e+01 -1.138310e+01
-4.894956e+00 -1.617407e+01
-6.281042e+00 -1.590772e+01
-6.118264e+00 -1.139882e+01
-4.469738e+00 -1.140942e+01
-4.691031e-01 -1.519147e+01
5.766583e+00 -1.945018e+01
-7.982427e+00 -1.253930e+01
-4.694372e+00 -1.854698e+01
-7.593823e+00 -1.872818e+01
-1.191232e+01 -1.219813e+01
-1.358675e+01 -2.108951e+01
-1.026276e+01 -1.570037e+01
-1.444933e+01 -1.131827e+01
-4.679677e+00 -1.307485e+01
-1.772254e+01 -1.571287e+01
-9.202236e+00 -1.120672e+01
