-1.396607e+00 1.819146e+00 6.885947e+00 -1.092068e+00
7.723948e-01 2.336641e+00 -1.341754e+00 -5.610744e+00
-1.662644e+00 -7.802712e-01 6.401524e+00 -1.862748e-01
-1.930273e+00 -1.890729e+00 8.174115e+00 -1.250417e+00
-2.464654e+00 6.200206e+00 6.555564e+00 7.728077e-01
-8.864036e+00 2.377236e+00 1.834034e+01 3.132822e+00
-3.610629e-01 -2.821107e+00 6.541276e+00 5.890220e+00
-5.673799e+00 1.411129e-01 5.718024e+00 4.521343e+00
-7.491475e-01 4.826990e+00 -1.433441e+00 1.279758e+00
-8.195978e-01 1.108574e+01 5.727871e+00 -6.176701e-01
5.845450e+00 1.333183e+00 3.401802e+00 -9.717659e-01
7.569875e+00 -2.502354e-01 9.201932e+00 -2.084774e+00
4.511645e+00 -2.410283e+00 3.564593e+00 -4.292407e+00
6.467299e+00 -1.016180e+00 4.466152e+00 -2.563756e+00
-8.250539e-01 4.235022e+00 1.150894e+01 -7.365439e-01
-2.000725e+00 -2.699542e+00 1.143718e+01 -1.915958e+00
3.774230e+00 -2.855798e+00 9.564948e+00 1.058867e+00
5.917727e+00 2.667547e+00 9.803586e+00 -8.665117e-01
7.744936e+00 5.421638e+00 9.216124e+00 -6.159496e+00
8.362078e+00 3.362281e+00 6.154959e+00 -4.637547e+00
1.032675e+01 -1.086335e+00 2.616957e+00 -1.396855e+00
7.963435e+00 -4.472968e-01 2.919322e+00 -4.202639e-01
4.679608e+00 -1.169854e+00 1.289419e+01 4.493227e+00
6.560178e+00 -3.051926e+00 8.036474e+00 3.300285e+00
3.022653e+00 -1.459277e+00 7.519945e+00 4.638701e+00
5.730293e+00 -2.764349e+00 6.465344e+00 3.097154e+00
4.318071e+00 -7.538706e-01 7.079571e+00 -4.269703e-01
6.331807e+00 -2.910490e+00 1.734224e+00 -1.682318e+00
8.419635e+00 -3.396367e+00 5.460734e+00 2.315065e+00
4.713977e+00 -2.637569e+00 5.381876e+00 6.609717e+00
7.598671e+00 7.345659e-02 8.311810e+00 -8.205981e-01
5.385369e+00 -1.994208e+00 1.297639e+01 -1.271546e+00
4.814454e+00 4.405011e-01 4.183145e+00 3.844266e-01
3.353030e+00 9.593267e-01 9.755137e+00 2.927300e+00
2.610478e+00 1.700165e+00 5.398776e+00 -3.663065e+00
-6.380805e-02 -7.920686e-01 6.954932e+00 -2.871039e+00
6.741247e+00 -3.435446e+00 7.687611e+00 -8.419159e-01
4.504583e+00 9.886041e-01 1.349652e+01 -2.589270e+00
4.264538e+00 -2.126439e+00 7.172520e+00 3.195869e+00
1.640041e+00 2.814229e+00 1.308462e+01 4.098682e-01
3.149504e+00 1.607095e+00 9.160627e+00 -2.864748e+00
3.924158e+00 -1.561908e+00 6.421352e+00 -1.320670e-01
-1.204148e+00 -1.510653e+00 1.197803e+01 -9.138570e-02
4.208649e+00 -4.121024e+00 9.343619e+00 1.321970e+00
6.855344e+00 -6.019040e+00 2.387681e+00 1.351170e+00
8.493296e+00 1.846224e-01 3.041720e+00 -1.530023e+00
1.926372e+00 3.757214e+00 1.370457e+01 -6.099681e-02
2.717671e+00 2.651305e+00 1.219243e+01 8.382996e-01
6.559779e+00 -4.977891e+00 2.479609e+00 4.497823e-01
5.069964e+00 -4.916680e+00 4.753497e+00 7.293573e-02
1.330058e-01 3.132706e+00 1.521338e+01 -1.232155e-01
3.001553e+00 -1.240261e+00 1.360855e+01 -1.550660e+00
8.701461e+00 -1.613454e+00 7.192449e+00 3.194616e-01
4.993536e+00 4.290776e+00 5.962820e+00 -9.264390e-01
3.493109e+00 2.349641e+00 9.439124e+00 1.900603e+00
5.265524e+00 1.398416e+00 9.887240e+00 2.400975e+00
8.753192e+00 -8.085326e+00 9.304509e+00 1.578158e+00
8.591509e+00 -7.001010e+00 1.012781e+01 -4.793320e-01
4.143931e+00 -6.011230e-01 1.149336e+01 -3.980126e+00
8.726025e+00 1.668732e+00 1.026658e+01 -7.702895e+00
6.382062e+00 -1.937152e+00 1.062766e+01 -3.149924e+00
9.292527e-01 -4.240876e+00 6.453498e+00 9.617523e-01
9.175705e+00 -5.996131e+00 4.993957e+00 -2.017312e+00
6.043054e+00 -1.676767e+00 3.864473e+00 1.600208e+00
3.596264e+00 -6.263802e-01 7.648982e+00 3.871503e-01
1.344153e+01 -8.026444e+00 6.093635e+00 1.622050e-01
2.936788e+00 -1.868069e+00 1.245195e+01 3.617896e+00
2.969305e+00 1.424687e+00 1.229057e+01 4.099162e+00
9.565628e+00 -4.106757e+00 6.042386e+00 -1.318603e+00
8.634967e+00 -1.713208e+00 2.447165e+00 -1.792884e-02
2.375525e+00 9.818462e-01 9.670610e+00 -3.098869e+00
-1.866901e+00 5.083546e-01 7.435316e+00 1.458991e+00
4.378573e+00 1.581460e+00 6.045151e+00 -5.164212e+00
1.034528e+01 -5.481404e+00 2.005433e+00 -5.488093e-01
9.331945e+00 -7.912205e-01 5.073712e+00 -3.585274e+00
1.220299e+01 -3.123768e+00 3.317606e+00 -7.111620e-01
-2.059476e-01 3.395672e+00 1.036727e+01 4.944218e+00
2.703102e+00 1.060902e+00 4.656294e+00 3.579735e+00
1.270342e+01 -3.275482e+00 -1.316347e+00 -1.470259e+00
1.599151e+01 -7.593239e+00 6.854897e-01 -2.037291e+00
6.527647e+00 -3.054494e+00 1.963712e+00 -4.662413e+00
8.659044e+00 -3.653859e+00 5.421437e+00 -2.521239e-01
1.393523e+00 -6.489488e-01 1.264673e+01 1.293154e+00
1.885716e+00 -4.078222e-01 8.033520e+00 5.760651e-01
1.098249e+01 -6.160829e+00 4.937375e+00 1.788764e+00
8.787056e+00 -4.012299e+00 2.851877e+00 7.748220e-01
9.624787e+00 -3.180987e-01 7.752688e+00 2.079085e+00
1.002088e+01 1.529862e+00 4.022983e+00 -5.402545e-01
7.346875e+00 1.761752e+00 4.609672e+00 3.705486e+00
7.162951e+00 1.258135e+00 2.990624e+00 1.927897e+00
2.065260e+00 3.403906e+00 9.813906e+00 2.593611e+00
7.493976e-01 2.177399e+00 1.316665e+01 1.082851e+00
8.394082e+00 4.599220e-01 4.656955e+00 -4.375825e+00
6.186280e+00 1.710780e+00 9.207570e+00 -7.177035e+00
9.159195e+00 -1.272253e+00 4.877636e+00 -2.806200e+00
4.549372e+00 -5.155247e+00 9.418214e+00 -1.220800e+00
8.777534e+00 -2.088251e-01 3.695802e+00 7.429807e-01
9.548874e+00 -6.352225e-02 4.738098e+00 5.112897e-01
1.392296e+01 2.772294e+00 -3.500934e+00 -4.114934e+00
1.073123e+01 -2.608010e+00 -1.117316e+00 -4.567399e+00
1.361478e+01 -6.985890e+00 1.288906e+00 -1.495181e+00
9.865015e+00 -1.122876e+01 2.831598e+00 2.596386e+00
1.053810e+01 1.299924e+00 8.655556e+00 -2.738619e+00
1.094535e+01 5.136232e+00 6.844404e+00 -2.920695e+00
1.012432e+01 -6.244576e-02 8.081723e+00 -1.196654e-01
1.226112e+01 2.353268e+00 9.255570e+00 -5.733040e-01
1.081500e+01 -7.390063e+00 1.071333e+00 3.367420e+00
1.305392e+01 -2.254696e+00 4.242765e+00 3.502702e+00
9.322825e+00 -3.685633e+00 5.246477e+00 3.996608e+00
8.237605e+00 -4.763330e+00 5.274345e+00 1.131946e+00
5.220389e+00 5.585158e+00 4.777302e+00 -6.178802e+00
8.056425e+00 5.515501e+00 1.058206e+01 -5.476713e+00
6.925033e+00 -1.186811e+01 4.460029e+00 -4.772297e+00
2.008717e+00 4.296477e+00 8.477646e+00 -1.435874e+00
3.602013e+00 1.190218e+00 8.899549e+00 -4.862582e+00
3.978044e+00 -4.774495e+00 8.845813e+00 -3.873929e+00
7.960040e+00 -2.670582e+00 7.218628e+00 -1.023583e+00
7.177014e+00 -6.535263e+00 7.826317e+00 -1.493386e+00
2.906594e+00 -1.006022e+00 1.589396e+01 -3.762833e+00
4.208727e+00 -1.047426e-02 1.012463e+01 -4.959670e+00
5.220823e+00 -1.599625e+00 4.284670e+00 6.827223e+00
4.809656e+00 -2.635170e+00 3.505294e+00 4.525910e+00
-2.274855e-02 1.704483e+00 1.479568e+01 -1.370018e+00
2.594535e+00 -1.482039e+00 1.083680e+01 -2.792362e+00
9.008366e+00 1.008454e+00 5.057666e-01 4.818002e+00
7.632361e+00 3.474590e-01 -1.450880e+00 1.906407e+00
-4.858434e-01 -7.765065e-01 1.149835e+01 -3.424096e+00
-1.018529e+00 1.715146e+00 6.159086e+00 -1.843040e+00
6.234730e+00 -5.539582e+00 6.362205e+00 -1.508017e+00
7.675563e+00 -3.185243e+00 1.153348e+01 -4.577473e+00
5.277439e+00 -2.244195e+00 5.472368e+00 1.140044e+00
2.104957e+00 -4.332262e+00 8.283895e+00 2.357105e+00
1.097525e+01 2.441455e+00 6.520358e+00 -5.310025e+00
3.026067e+00 -2.071517e-01 6.856392e+00 2.409061e-01
5.399130e+00 -3.457424e+00 1.184493e+01 3.837245e+00
5.321518e+00 2.675556e-01 1.031416e+01 2.112701e+00
3.190872e+00 1.773570e-01 5.251746e+00 1.341875e+00
6.583295e+00 1.604335e+00 8.463741e+00 -6.176272e-01
4.764099e+00 -4.380881e+00 5.516460e+00 -9.368907e-01
5.803040e+00 -6.951732e+00 8.184893e+00 -9.491366e-01
3.157400e+00 1.033577e+00 1.289488e+01 8.164211e-01
2.661369e+00 3.040826e+00 9.825267e+00 -1.363420e+00
4.219767e+00 -2.548330e+00 7.359668e+00 4.088861e+00
4.743023e+00 -1.087244e+00 1.101034e+01 4.134633e+00
5.778558e+00 -1.603318e+00 5.257544e+00 1.117579e+00
1.243626e+01 1.124757e+00 4.850205e+00 -4.402108e+00
2.964866e+00 -2.056881e+00 1.126769e+01 4.532304e+00
1.106844e+00 9.895505e-01 1.477104e+01 -3.572730e-01
7.330187e+00 2.034780e-01 7.247777e+00 -2.450538e+00
-5.330942e-01 -4.045311e-01 1.062140e+01 2.420829e+00
6.231037e+00 -3.963719e+00 1.268390e+01 3.657850e-01
9.705524e+00 -2.618129e+00 9.440101e+00 1.895269e+00
4.944091e+00 2.778459e+00 1.294646e+01 -1.806868e+00
3.787709e+00 -8.423551e+00 4.868710e+00 4.031697e+00
7.032035e+00 -5.693977e+00 8.820182e+00 -9.066578e-01
6.858590e+00 -6.872378e+00 2.940298e+00 5.201557e-01
5.010940e+00 6.747668e+00 4.766725e+00 -4.681298e+00
4.084382e+00 -5.118606e+00 7.023266e+00 -4.666794e+00
7.902781e+00 3.450823e+00 3.285125e+00 1.656829e+00
8.464288e+00 -2.581410e+00 5.576211e+00 3.314906e+00
1.242846e+01 -6.105380e+00 3.982751e+00 -8.857139e-02
1.190284e+01 -2.046223e+00 2.495726e+00 -5.510222e-01
1.044610e+01 4.586653e+00 -1.263817e+00 7.878150e-01
7.638670e+00 2.561151e+00 3.486653e+00 -3.040685e+00
1.716738e+01 -4.051014e+00 3.638434e-01 -3.497568e+00
8.650302e+00 -8.755877e-01 1.057451e+00 2.646121e+00
7.050009e+00 7.795990e-02 1.190146e+01 -9.707679e-01
1.166176e+01 -2.083082e+00 6.921343e+00 -9.426164e+00
7.846708e+00 3.784348e+00 5.469876e+00 -3.302231e+00
9.270423e+00 6.382186e+00 9.854961e+00 3.996013e-01
1.462393e+00 1.821857e+00 6.932755e+00 1.095026e+00
6.154403e+00 -3.564920e+00 4.830555e+00 3.298409e+00
4.401950e+00 -4.626910e-01 4.553742e+00 -1.706351e+00
8.843036e+00 -2.588403e+00 5.512570e+00 -2.409840e+00
7.757787e+00 -3.670608e+00 4.136765e+00 3.977359e+00
7.071984e+00 3.909496e+00 3.018075e+00 -3.164872e+00
8.121449e+00 -6.355034e+00 7.711579e+00 -4.437628e+00
9.066299e-01 3.531183e+00 1.234573e+01 -5.042653e+00
1.727002e+00 9.862586e-02 5.775026e+00 6.133065e-01
8.086316e+00 -1.722093e+00 5.149017e+00 -8.791472e-01
1.166372e+01 -2.238964e+00 -2.860348e+00 -2.953563e+00
6.339791e+00 -2.450194e+00 6.121660e+00 -3.560293e+00
9.895055e+00 -8.117357e+00 1.109304e+00 -8.294787e-01
5.625544e+00 7.546077e+00 8.032322e+00 -1.057427e+00
8.685877e+00 -3.359499e+00 4.292314e+00 -3.900517e+00
6.698661e+00 1.571831e+00 7.954151e+00 -1.093094e+00
9.011532e+00 1.477041e+00 -1.176412e+00 1.528966e+00
8.351102e+00 -2.014449e+00 6.968683e+00 3.185838e+00
8.303577e+00 -2.090173e+00 3.989642e+00 -4.783005e+00
1.056275e+01 -2.681918e+00 5.499670e+00 -2.116509e-01
7.874557e+00 3.996864e-01 1.490532e+00 -3.979999e+00
8.697691e+00 -5.734165e+00 1.103817e+01 3.085727e+00
8.630812e+00 1.627686e+00 1.122282e+01 -5.685955e+00
6.316525e+00 -7.170788e+00 9.371235e+00 -2.830110e+00
6.509972e+00 -5.018924e+00 1.180667e+01 3.903733e+00
5.963941e+00 5.122593e+00 1.060301e+01 -6.255838e+00
6.315126e+00 -7.446669e+00 6.637952e+00 4.927144e+00
4.118905e+00 2.807343e+00 8.014002e+00 -3.547893e+00
7.416982e+00 2.076635e+00 6.584383e+00 -2.506336e+00
3.383624e+00 -3.095300e+00 3.217054e+00 2.520987e+00
4.256700e-01 5.351941e+00 2.008690e+01 -5.558732e-01
5.200991e+00 2.115598e+00 8.167859e+00 -2.497785e+00
2.044182e+00 -7.923199e-02 1.196956e+01 9.767034e-01
5.896081e+00 1.453264e+00 4.553164e+00 3.402292e+00
4.421480e+00 2.315434e+00 3.427194e+00 1.860395e+00
5.417928e+00 -1.898805e+00 2.769859e+00 -3.155785e+00
5.167999e+00 -3.613724e+00 5.298306e+00 4.192365e+00
2.034070e+00 -1.906088e-01 7.977479e+00 1.681261e+00
3.684219e+00 1.991815e+00 8.111381e+00 9.871809e-01
5.943109e+00 -1.024077e+00 7.196477e+00 3.827431e+00
3.581241e+00 -3.178424e+00 9.610818e+00 -3.000929e+00
7.009813e+00 -3.109579e+00 4.567013e+00 1.007168e+00
4.301075e+00 4.273765e+00 9.237106e+00 3.124724e+00
1.356155e+00 -1.974601e+00 6.018777e+00 2.562721e+00
7.867282e+00 -7.109418e+00 7.245818e+00 -3.431060e+00
6.338004e+00 -6.537301e+00 7.877247e+00 -2.332433e-01
9.035778e+00 8.173330e+00 5.910254e+00 -7.941446e+00
7.379108e+00 -6.301588e+00 3.961977e+00 1.801609e+00
6.858360e+00 1.687255e+00 6.761162e+00 1.654653e+00
7.039634e+00 -3.733864e-01 1.160524e+01 4.265711e+00
1.055543e+01 -7.577697e-01 6.344017e+00 -1.759389e+00
9.432922e+00 -5.191899e-01 7.567136e+00 -2.051329e+00
7.850085e+00 3.213610e+00 -1.930717e+00 -2.457507e+00
7.981104e+00 2.097203e+00 2.293602e+00 1.188504e+00
1.342789e+01 -2.016697e+00 1.454702e+00 8.112946e-01
6.002555e+00 -7.487907e-01 9.548392e+00 1.352517e+00
6.392326e+00 1.586627e+00 4.382247e+00 -5.474183e+00
7.436473e+00 1.541127e+00 8.320364e+00 -5.303982e+00
1.021226e+01 2.603453e+00 4.103582e+00 -3.252261e+00
8.112110e+00 4.226348e+00 6.172553e+00 -2.063311e+00
2.116107e+00 4.863742e-01 2.294065e+00 5.339261e-01
6.667392e+00 -2.419588e-01 4.505516e+00 3.484194e+00
6.481024e+00 -5.037630e+00 3.664968e+00 -2.678863e+00
6.293947e+00 -5.285103e+00 7.040544e+00 -3.062711e+00
2.441259e+00 -4.347463e+00 3.882650e+00 -6.224481e-01
1.177292e+01 -1.559062e+00 -5.243424e-01 -3.143084e+00
6.273834e+00 -5.664182e+00 2.876173e+00 -4.722452e+00
7.777139e+00 4.345300e+00 3.896378e+00 -7.842247e+00
-3.036071e-02 -8.200137e-01 6.342270e+00 8.290192e-01
8.781159e+00 -5.871600e-01 6.201887e+00 -2.878375e+00
9.644499e+00 -4.130579e+00 -5.516099e-01 -3.143452e+00
6.382911e+00 -3.548324e+00 7.122474e+00 -3.574993e+00
6.987709e+00 -1.364743e+00 3.410307e+00 -1.576892e+00
5.345594e+00 6.540962e+00 3.475380e+00 -5.025931e+00
4.345272e+00 -2.894067e+00 5.244515e+00 -4.762384e+00
2.736471e+00 -2.188683e+00 1.198992e+01 -1.794982e+00
8.499995e+00 -1.793433e-01 1.433989e+00 -1.821560e+00
9.633341e+00 -1.020372e+01 9.908999e+00 2.498793e+00
3.400540e+00 1.863358e+00 1.258746e+01 -3.114133e+00
7.878451e+00 -1.378752e+00 3.636138e+00 6.870734e-01
5.049907e+00 3.156343e+00 1.026642e+01 -5.506425e+00
2.921206e-01 -2.613187e+00 1.203515e+01 -2.534259e+00
3.782763e+00 7.218762e+00 1.151749e+01 -4.098723e+00
5.643414e+00 6.964714e+00 9.190693e+00 -3.759295e+00
2.827588e+00 9.072404e-02 8.878712e+00 2.349186e+00
4.399526e+00 4.523455e+00 1.206453e+01 -1.869560e+00
5.468150e+00 6.467230e+00 1.129416e+01 -1.630166e+00
4.821434e+00 2.673669e+00 3.232994e+00 -1.614167e+00
9.009757e+00 -6.764257e+00 6.155443e+00 1.352043e+00
5.357513e+00 -5.929819e+00 5.216034e+00 2.949110e+00
2.280017e+00 4.817187e-01 2.260250e+00 -7.018245e-01
5.804570e+00 -2.296729e+00 8.354030e+00 4.441659e+00
9.026466e-01 3.192733e+00 9.706838e+00 -2.984350e+00
4.750636e+00 -4.667887e+00 1.105487e+01 -1.457511e+00
7.214107e+00 -2.871248e+00 3.243970e+00 3.624711e+00
7.543973e+00 -3.944850e+00 7.277755e+00 1.393049e+00
3.619993e+00 4.252288e+00 1.243798e+01 -6.642139e+00
8.144143e-01 3.664177e+00 8.327177e+00 -5.047847e+00
6.336553e+00 -1.265258e-01 5.590580e+00 7.814736e-01
5.349764e+00 2.359589e+00 7.265476e+00 -3.104726e+00
1.948810e+00 5.613346e+00 1.210842e+01 -8.585024e-02
1.857306e+00 4.504102e+00 1.388802e+01 -6.198465e-01
2.640921e+00 -5.493798e+00 1.208143e+01 -6.375340e-01
6.447122e-01 -3.687828e+00 9.672501e+00 2.486566e+00
5.625798e+00 2.729198e+00 9.511159e+00 1.378293e+00
6.725100e+00 -1.544956e+00 4.678348e+00 1.235416e+00
3.534444e+00 1.457606e-01 1.185741e+01 1.755855e+00
6.937678e+00 -3.073022e-01 1.288559e+01 -1.126555e+00
5.745150e+00 -9.116532e-01 8.448465e+00 -1.886860e+00
6.977846e+00 3.092304e-01 8.684544e+00 -3.636814e+00
7.525935e+00 3.754820e+00 1.029933e+01 -1.125793e+00
6.003783e+00 -6.473570e-01 1.060080e+01 -3.481499e+00
4.658695e+00 -1.170658e+00 9.979497e+00 -2.572928e+00
4.616603e+00 -9.426446e-02 1.010811e+01 -5.144457e+00
2.397043e+00 2.063775e+00 4.777277e+00 -5.005055e+00
8.456307e+00 2.770911e+00 6.764942e+00 1.229308e-01
9.936816e+00 1.141714e+00 1.914431e+00 -2.503878e+00
7.515390e+00 3.536420e+00 7.547171e+00 -3.529299e+00
3.309869e+00 2.573792e+00 9.976578e+00 8.845421e-01
8.611067e+00 3.262363e+00 1.246423e+01 1.460378e+00
7.869948e+00 -7.303528e+00 1.098511e+01 -6.432091e+00
6.003657e+00 -3.378885e+00 8.936105e+00 -6.629095e+00
2.936531e+00 -4.018078e+00 7.946655e+00 -1.977597e+00
4.881032e+00 -7.953365e+00 7.472557e+00 -3.836871e-01
9.762899e+00 -3.832203e+00 7.335546e+00 -4.259599e+00
9.287245e+00 7.117488e-01 4.994805e+00 -4.303617e+00
1.818263e+00 -1.318628e+00 1.594966e+01 -4.433036e+00
3.319325e+00 4.323834e+00 1.227611e+01 -4.037543e+00
1.586581e+01 1.926510e+00 4.401193e+00 -2.698872e+00
1.180383e+01 -4.412924e+00 -2.595690e+00 1.098529e+00
1.436828e+00 -4.161318e+00 1.255900e+01 1.530081e+00
1.011691e-01 -4.294992e+00 1.042253e+01 1.433181e+00
7.787687e+00 5.078999e-01 5.985757e+00 -2.905229e+00
1.186939e+01 1.356136e+00 7.800807e+00 -2.603399e+00
5.372549e+00 5.178612e+00 1.173063e+01 -4.471663e+00
5.003263e+00 3.708966e+00 1.076734e+01 -6.341782e+00
3.950638e+00 5.733592e+00 1.288270e+01 -4.378411e+00
3.238412e+00 5.519455e+00 1.372949e+01 -1.096170e+00
5.658033e+00 2.129770e+00 4.946478e+00 -4.805396e-01
7.455040e+00 2.991025e-01 7.115329e-01 -1.384770e+00
9.068158e+00 -8.102392e+00 5.127515e+00 -2.584746e+00
9.601478e+00 -5.022827e+00 8.969899e+00 -4.438977e+00
4.655245e+00 -3.765608e+00 1.930179e+00 -2.537400e+00
6.060725e+00 -1.110197e+00 -3.398083e-01 -7.044327e+00
2.765378e+00 -3.457646e+00 4.463053e+00 1.043789e+00
3.842144e+00 4.987118e-01 4.553234e+00 3.536659e-01
7.265236e+00 -5.552800e+00 5.169893e+00 4.457391e+00
4.256539e+00 3.812500e-01 5.251799e+00 -3.625901e+00
4.701329e+00 2.776909e+00 5.455704e+00 -7.909708e+00
4.365273e+00 2.430914e+00 3.407875e+00 -4.963300e+00
5.090197e+00 -9.539542e-01 2.542083e+00 -4.106030e+00
1.002184e+01 -4.207442e-01 4.716709e+00 -2.167606e+00
1.199257e+00 4.905017e+00 8.869681e+00 -4.367713e+00
-3.224566e+00 3.384524e+00 1.024934e+01 -2.658868e-01
3.899728e+00 -1.648549e+00 7.303016e+00 -2.050916e+00
4.240440e+00 -4.021889e+00 4.080306e+00 -3.185879e+00
-6.134262e-01 6.765073e+00 7.092783e+00 -6.209638e+00
4.440307e+00 3.727969e+00 2.715898e+00 -7.270382e+00
5.087514e+00 -3.502135e+00 5.054541e+00 -2.828016e+00
5.156313e+00 -3.377351e+00 3.896649e+00 2.368242e+00
4.285597e+00 5.102550e+00 6.208529e+00 -2.127000e+00
4.609915e+00 8.409390e-01 6.766634e+00 -2.379037e+00
7.035615e+00 2.176530e+00 6.972254e+00 -2.529491e+00
4.469717e+00 3.931575e+00 1.983505e+00 -3.746508e+00
1.192359e+00 -1.931580e+00 2.538951e+00 -4.990104e+00
-1.623753e+00 -3.864702e+00 8.224028e+00 -7.720789e+00
3.989086e+00 -3.669647e+00 7.202682e+00 -2.974068e+00
2.000749e+00 1.246650e+00 1.420713e+01 -1.336859e+00
7.022525e+00 7.343561e-01 1.187179e+01 -2.059566e+00
9.470525e+00 -5.620533e+00 7.457820e+00 -1.910117e+00
3.425862e+00 -1.186584e+00 3.681689e+00 -3.406315e-01
1.288337e+00 1.947407e+00 6.670139e+00 -4.719753e+00
3.019098e+00 6.980457e-01 2.071597e+00 -5.949054e+00
7.527572e-01 -3.842354e+00 7.158893e+00 -6.448652e+00
6.030926e+00 -7.718323e+00 2.963749e+00 -3.199923e-01
3.213992e+00 3.839845e-01 3.126913e+00 -4.193457e+00
3.764445e+00 7.252396e+00 4.359346e+00 -7.290281e-02
-3.705177e+00 6.745127e+00 9.157585e+00 3.998452e-01
5.697731e+00 1.235310e+00 2.164860e+00 -1.578436e+00
4.987255e+00 1.276003e-01 4.566126e+00 -5.273575e+00
3.834854e+00 -1.150345e+00 9.328157e+00 -4.040807e+00
7.453565e+00 -5.040545e+00 2.983428e+00 1.740069e+00
8.828040e+00 -8.642340e+00 3.162287e+00 -1.939056e+00
4.488373e+00 -6.094919e+00 1.106619e+00 1.774844e-01
2.791846e+00 -3.688222e-01 8.091980e+00 5.159613e-01
4.764406e+00 -1.959752e+00 4.539126e+00 -2.510753e+00
4.457698e+00 -6.462665e+00 2.621923e+00 -2.704643e+00
5.659745e+00 -8.347375e+00 3.401842e+00 -2.688268e+00
8.066663e+00 3.536548e+00 9.425780e+00 -4.957804e+00
6.434249e+00 3.434107e+00 8.008526e+00 -6.251344e+00
9.020367e+00 -4.486106e+00 -1.365436e-01 -3.637701e+00
3.732330e+00 -1.180873e+00 8.077128e+00 1.268612e+00
2.587061e+00 2.116557e+00 4.305372e+00 -9.525031e-01
7.185650e+00 -3.831834e+00 2.215343e+00 -4.748180e+00
4.471622e+00 -1.000308e+00 2.962341e+00 -1.368550e+00
1.918366e+00 -3.337409e+00 6.372581e+00 -6.297312e-01
3.072382e+00 1.772862e+00 7.599365e+00 -4.037674e-01
8.119799e+00 1.068957e+00 5.986177e+00 -3.869263e+00
4.559652e+00 -2.189554e+00 5.142949e+00 -5.094699e+00
6.720407e+00 -2.905919e+00 1.173323e+00 -1.367866e+00
7.567524e-01 -9.154648e-01 5.319871e+00 -7.300224e+00
-2.813882e+00 5.473125e+00 2.762879e+00 -5.899517e+00
3.260406e+00 -1.435016e+00 -9.720104e-01 -2.359640e+00
3.632043e+00 -4.800382e+00 -2.014043e+00 -6.262445e+00
7.198221e+00 3.142249e+00 1.420637e+00 -1.265553e+00
5.212596e+00 2.454005e+00 5.543012e+00 -3.942658e+00
-9.270769e-01 4.327577e+00 -2.320902e+00 4.196698e+00
-3.398545e+00 5.735401e+00 4.499201e+00 4.117369e+00
6.309498e+00 2.732682e+00 4.092886e+00 -6.012978e+00
9.190170e+00 1.348293e+00 6.096967e-01 -3.897753e+00
5.375604e+00 1.261439e+00 9.320331e-01 -5.547393e+00
7.292827e+00 2.118787e+00 8.968147e-01 -1.982963e+00
2.453506e+00 1.391253e+00 -5.946461e-01 -7.346155e-01
1.773015e+00 -5.740091e-01 -3.683989e+00 -4.243473e+00
1.090160e+01 -9.872539e-01 5.726237e+00 -4.118884e+00
8.326272e+00 -7.632800e-01 3.044155e+00 -4.063874e+00
9.836714e+00 2.131224e+00 4.009160e+00 -6.790361e+00
1.037363e+01 1.074481e-01 3.871054e+00 -7.449602e+00
2.671370e+00 6.601858e-01 2.867644e+00 1.325340e+00
2.074270e+00 5.263851e+00 5.536070e+00 -1.131561e+00
2.000916e+00 5.011178e+00 1.822529e+00 -1.972714e+00
8.223428e-01 6.703405e+00 7.524347e-01 9.793270e-01
5.518854e+00 4.604024e+00 2.931183e+00 -7.918395e+00
7.062101e-01 5.022230e+00 6.980318e+00 -6.845376e+00
9.841963e+00 3.016643e+00 3.640834e+00 -6.311908e+00
8.880320e+00 3.138989e+00 5.297381e+00 -6.272307e+00
3.189917e+00 8.931158e+00 6.258625e+00 -5.092473e+00
3.385692e+00 1.530597e+00 3.543206e+00 -3.293930e+00
1.413288e+01 5.735420e-01 -1.383448e+00 -6.019554e+00
1.046736e+01 2.556812e+00 -1.253585e+00 -9.265885e+00
7.871527e+00 -2.531301e+00 -4.632161e-01 -5.799360e+00
7.059506e+00 -3.696153e+00 6.615718e-01 -5.043899e+00
4.251788e+00 3.316701e+00 5.989662e+00 -1.354753e+00
9.429535e+00 6.632858e+00 7.197169e+00 -2.850342e+00
5.805363e+00 8.235743e+00 3.136615e+00 -3.282158e+00
8.675963e+00 2.566467e+00 3.789693e+00 -1.935810e+00
6.476937e+00 4.537600e+00 -1.040290e+00 -1.331653e+00
6.345070e+00 7.448031e+00 5.688662e-01 -2.612744e+00
6.093924e+00 -5.981440e-01 2.378111e+00 2.173025e+00
1.119735e+01 3.181747e+00 4.585238e-01 -1.773978e+00
5.758186e+00 9.057059e+00 1.156067e+00 -4.096312e+00
6.870899e+00 4.005409e+00 4.941143e+00 -7.184716e+00
-2.106404e+00 5.430967e+00 8.525180e+00 4.161335e-02
1.393516e+00 -2.301054e+00 3.010994e+00 -1.062742e+00
3.025417e+00 3.587754e+00 7.217681e+00 -6.499856e+00
1.890113e+00 2.997343e-01 6.456177e+00 2.750863e-02
5.480575e+00 4.526163e+00 7.454898e-01 -2.911857e+00
3.103860e+00 4.094350e+00 4.880282e+00 -3.181792e+00
5.488183e+00 -1.311024e+00 4.865519e+00 -7.146222e+00
7.606663e+00 3.468702e-01 -3.482783e+00 -2.796233e+00
5.463356e+00 2.583004e+00 4.552488e+00 3.196086e+00
5.992206e+00 2.373532e+00 5.387373e+00 -3.110464e+00
2.610031e+00 -3.797228e-01 7.070139e+00 -2.102392e-01
2.497053e+00 7.340091e-01 7.327288e+00 -3.662502e+00
5.297298e+00 5.385035e+00 4.166233e+00 -1.968472e+00
4.296792e+00 3.907949e+00 1.662164e+00 -3.378434e+00
-1.898739e+00 9.153848e+00 1.051231e+01 -1.628832e+00
-5.652428e+00 5.002802e+00 7.627715e+00 4.192593e+00
1.013199e+01 2.713102e+00 -1.603698e+00 -1.889292e+00
6.830503e+00 1.509242e+00 -5.592309e+00 -1.934577e+00
1.091699e+01 -1.268722e+00 -4.011022e+00 -3.791065e+00
4.659612e+00 -2.267187e+00 6.389851e+00 9.084354e-01
4.622821e+00 -3.816588e+00 4.256018e+00 -3.769598e+00
6.047608e+00 -1.704917e+00 3.205074e+00 -3.330016e+00
8.038815e+00 -1.346222e+00 4.933498e+00 -3.368246e+00
-1.555889e+00 2.398415e+00 1.080956e+01 -5.075251e+00
2.135550e+00 7.704627e-01 2.457072e+00 1.879986e+00
8.826099e+00 2.657058e+00 7.451758e+00 -4.957094e+00
6.486273e+00 -1.030572e+01 4.493295e+00 -2.786178e+00
2.856853e+00 4.022241e+00 6.460776e+00 -2.678904e+00
-3.803458e-01 3.205899e+00 9.786525e+00 -8.994533e+00
1.733592e+00 -2.467541e+00 1.700762e+01 -3.292934e+00
2.066859e+00 -9.956435e-03 1.019360e+01 -1.512016e+00
-1.394249e+00 3.428112e-01 6.018412e+00 -3.156981e+00
6.484511e+00 7.333541e-01 1.038952e-01 -4.305207e+00
4.335018e+00 1.616096e+00 4.333543e+00 -3.970996e+00
4.180238e+00 3.392271e+00 4.710732e+00 4.955708e-01
1.043786e+01 -2.821106e+00 4.357247e+00 -1.956847e+00
1.162477e+00 1.648199e+00 1.082974e+01 -4.092415e+00
1.082827e+00 5.144601e+00 8.687212e+00 -1.780383e+00
9.356942e+00 -1.193330e+00 4.459668e+00 -4.488806e+00
2.785842e+00 -2.937189e+00 3.888597e+00 -3.356796e+00
1.034142e+00 1.515721e-01 7.581032e+00 -5.172811e+00
4.636093e+00 -1.036719e+00 8.602384e-01 -6.721404e+00
8.495290e+00 5.874552e-01 1.701656e+00 -4.867433e+00
4.710710e+00 1.743405e+00 6.952189e+00 -3.109847e+00
3.513850e+00 6.284758e+00 7.500574e+00 -2.393804e+00
-1.161944e+00 2.227532e+00 7.909172e+00 -1.939613e+00
2.497500e+00 6.408433e-01 6.262205e+00 3.385021e-01
7.844756e+00 3.679365e+00 4.301222e+00 -2.716851e+00
7.676543e+00 -2.249397e+00 5.917177e+00 -6.169442e-01
1.707195e+00 3.240480e+00 1.450430e+00 -4.554234e+00
5.050405e+00 6.059055e+00 -5.187539e+00 2.842100e-01
4.706616e+00 3.747439e+00 3.811951e+00 -5.524004e+00
9.306925e+00 5.755125e+00 1.500944e+00 -6.768650e+00
7.792658e+00 2.472001e+00 1.274499e+00 -1.328272e+00
5.178588e+00 1.750728e+00 7.814546e+00 -4.042559e+00
6.314378e+00 1.083829e+00 7.799377e+00 -7.870500e+00
3.553975e+00 2.046145e+00 6.153068e+00 -7.001358e+00
7.637437e+00 1.111708e+01 -5.455381e-01 -4.244296e+00
-1.839864e+00 -2.353577e-01 -3.275510e+00 -1.950690e-02
2.657300e+00 -6.137471e+00 2.816468e+00 -4.256411e+00
9.528590e+00 1.607461e+00 5.504032e+00 -3.415538e+00
8.033966e+00 3.172222e+00 -2.298414e+00 -3.136691e+00
8.823675e+00 -1.529701e+00 4.508069e+00 -4.356665e+00
6.356964e+00 2.140138e+00 4.080152e+00 -5.908758e-01
6.940521e+00 -8.313935e-01 8.859905e+00 -4.714252e+00
3.461735e+00 -1.062723e+00 3.729541e+00 -5.562560e+00
2.321619e+00 -1.808547e+00 1.669766e+00 -1.972720e+00
4.008068e+00 6.654626e+00 -5.702189e+00 -2.755733e+00
9.136863e+00 4.030888e+00 -1.283233e+00 -5.838000e+00
1.315814e+00 6.621314e+00 2.664949e+00 -3.019328e+00
9.914606e+00 3.882599e-01 -1.098119e+00 -5.625331e+00
3.677219e+00 6.673946e+00 8.666752e-01 -1.993958e+00
2.820954e+00 -4.262929e+00 4.677018e-01 -4.776976e+00
1.051502e+00 3.667681e+00 7.421199e+00 -5.679204e+00
1.172805e+01 3.627498e+00 -4.225925e+00 4.724454e-01
4.473632e+00 1.045598e+00 4.795730e+00 -4.355151e+00
4.876948e+00 -1.427189e-01 2.128174e+00 -7.611806e+00
6.740481e+00 2.267185e+00 3.124920e+00 -2.039941e+00
8.756124e+00 4.202950e+00 -1.560943e+00 -8.519145e+00
5.269331e+00 -2.741087e+00 6.376927e+00 6.445465e-01
8.078889e-01 -1.251768e+00 8.725225e+00 -4.309068e+00
8.329278e+00 -4.585315e+00 4.712420e+00 -3.902919e+00
9.305478e+00 -1.722065e+00 2.983285e+00 -4.980672e+00
5.366665e+00 1.590631e+00 3.202151e+00 -5.470817e+00
1.366884e+00 8.654522e-01 6.663336e+00 2.058900e-01
6.138217e+00 1.953588e+00 7.565113e+00 -5.366378e+00
3.419986e+00 -6.880932e+00 3.679082e+00 -3.236304e+00
4.709644e+00 6.108753e-01 6.707835e+00 -5.351225e+00
1.036340e+00 1.809656e+00 7.532592e+00 -7.566398e+00
4.546842e+00 -2.144677e-01 6.611499e+00 -2.880738e+00
3.644248e+00 -3.826596e+00 4.818784e+00 -5.425603e+00
3.195221e+00 -3.957743e-01 1.350161e+00 -2.131828e+00
6.058632e+00 -7.614600e-01 2.942186e-01 -3.689629e+00
1.145712e+01 2.742631e+00 4.552058e+00 -1.779182e+00
2.720005e+00 6.397841e+00 7.209687e+00 4.297251e-01
2.746799e+00 -9.102689e+00 5.865583e+00 -6.215664e+00
3.180859e+00 -2.504611e+00 7.363226e+00 -2.380529e+00
2.641542e+00 5.673905e+00 7.769651e+00 -1.131890e+00
4.503887e+00 -4.689552e-01 5.262889e+00 -2.077806e+00
6.862984e+00 -3.888656e+00 4.286181e+00 -2.656938e+00
2.976031e+00 2.329395e+00 5.925839e+00 -4.794026e+00
4.563443e+00 -3.033352e+00 1.068500e+00 -4.693330e+00
8.877562e+00 -5.285525e+00 6.567632e+00 -6.854931e+00
6.294578e+00 -4.399636e+00 5.679184e+00 -4.418754e-01
6.083166e+00 4.749556e+00 3.730986e+00 -3.505710e+00
3.597247e+00 -1.121950e+00 8.802946e+00 -5.695031e+00
2.809547e+00 2.945133e+00 8.282835e-01 -8.092175e-01
3.033136e+00 6.003210e-01 2.217448e+00 -8.236714e-02
6.509761e+00 -2.930131e+00 4.316765e+00 -2.278112e+00
6.767010e+00 2.271867e+00 1.610012e+00 -2.647036e+00
4.376932e+00 4.910580e+00 9.038316e-02 -5.422492e-01
6.024327e+00 4.530457e+00 5.607830e+00 -3.442720e+00
9.834186e+00 3.094318e+00 1.006411e+00 -3.554863e+00
4.669192e+00 -4.886418e+00 5.444725e+00 6.257500e-01
6.922038e+00 9.672004e-02 5.664396e+00 -5.217229e+00
5.284288e+00 7.394785e+00 1.412360e+00 -5.430694e+00
6.560276e+00 3.038824e+00 4.165706e+00 -5.449089e+00
6.567004e+00 8.835226e+00 2.887950e+00 -2.270400e-01
4.435858e+00 2.734947e+00 3.261043e+00 3.237020e+00
5.644527e+00 5.108973e+00 4.104201e+00 8.413475e-01
4.267176e+00 -4.246607e+00 -1.096615e+00 -5.279785e+00
8.967625e+00 9.283815e-01 6.496226e-01 -5.084136e+00
6.577214e+00 4.176279e-02 4.201500e-01 -3.977783e+00
3.651460e+00 1.313687e+00 1.036476e+00 -3.607430e+00
7.923801e+00 -5.955671e+00 6.546500e-01 -1.224218e-01
2.199567e+00 -1.037815e-01 4.729606e+00 -8.038166e+00
4.279919e-01 5.616338e-01 2.020083e+00 -2.898979e+00
4.169947e+00 4.591503e+00 3.368866e+00 -2.760144e+00
9.021542e+00 1.098238e+00 6.399856e-01 -4.458359e+00
3.078115e+00 6.055789e+00 7.848258e+00 -1.041878e+00
6.729283e+00 -2.793069e+00 1.237430e+00 -4.515524e+00
-4.800594e-01 5.611480e+00 2.872354e+00 -1.707460e+00
5.321236e+00 -2.455759e+00 2.064869e+00 -3.464343e+00
8.751292e-01 4.092438e+00 8.118479e+00 -1.063727e+01
7.917778e+00 1.619384e+00 -2.189166e+00 -2.241592e+00
1.029789e+01 5.296152e+00 7.050587e+00 -2.453856e+00
1.912006e+00 -4.066141e-01 5.024597e+00 -3.550452e+00
6.333201e+00 6.728842e+00 4.501485e+00 -2.971700e+00
4.348571e+00 -3.657475e+00 1.250428e+01 -5.277298e+00
6.999002e+00 -2.797792e+00 1.149156e+01 -4.936351e+00
5.904977e+00 1.825681e-01 2.175070e+00 -3.620059e+00
2.730012e+00 2.660398e+00 1.061061e+00 -3.439525e+00
1.563840e+00 8.738791e-01 5.569460e+00 -4.942628e+00
3.289093e+00 3.203382e+00 4.179691e+00 -3.934537e+00
4.156503e+00 4.296183e+00 7.714465e+00 -6.247076e+00
2.590314e+00 3.199128e+00 4.009773e+00 -8.511111e+00
1.387843e+00 -1.683347e-01 6.646067e+00 -1.706001e+00
5.128984e+00 -8.041716e-01 3.949089e+00 -1.749838e+00
7.160412e-01 -3.493019e+00 1.048362e+01 -1.753845e+00
6.226507e+00 -2.921905e+00 1.122317e+01 2.834759e-02
5.383200e+00 -3.772971e-01 2.527690e+00 -3.834099e+00
7.355750e+00 5.343596e-01 1.075176e+01 -3.003471e+00
7.334279e+00 -3.916168e-01 7.678513e+00 6.997746e-01
5.793672e+00 8.802641e-01 6.886344e+00 -7.571785e-01
-9.096259e-02 -8.014412e-01 5.132509e+00 -4.489664e+00
3.600044e-01 -5.144496e-01 7.222243e+00 -1.805317e+00
5.293779e+00 8.921268e-01 6.178685e+00 -7.126810e+00
5.051280e+00 8.162259e-01 7.264740e+00 -3.547846e+00
2.651054e+00 1.033591e+00 4.574747e+00 -1.677762e+00
8.114841e+00 -2.664146e+00 3.645034e+00 -1.219836e+00
6.154240e+00 3.907007e+00 4.189038e+00 -9.333677e+00
5.446916e+00 7.246119e+00 3.593065e+00 -4.253217e+00
9.340976e-01 3.110779e+00 8.252995e+00 -2.464064e+00
3.950669e+00 2.696667e+00 6.620710e+00 -1.670822e-01
9.268762e+00 -2.921663e+00 3.859569e+00 -5.153391e+00
9.235890e+00 -1.979943e+00 6.022258e+00 -5.457114e+00
3.632477e+00 3.319243e+00 6.255570e+00 -5.542416e+00
3.600913e+00 1.225692e+00 4.374969e+00 -5.132354e+00
8.934129e+00 -7.972630e-01 4.976609e+00 -5.126970e+00
7.040109e+00 1.863395e+00 3.655400e+00 -8.882358e+00
6.176123e+00 4.779861e-01 7.930772e+00 -3.069396e+00
8.182177e+00 -3.379482e-01 1.833463e+00 -5.847690e+00
1.031819e+01 -4.868283e-02 3.623357e+00 -1.587472e+00
8.247657e+00 4.271275e+00 5.381657e+00 -3.897264e+00
9.623500e+00 3.619979e+00 -1.609460e+00 -1.267240e+00
1.334249e+01 1.573374e+00 2.172999e-01 -9.443163e-01
5.190068e+00 3.308920e+00 1.266432e+01 2.372895e+00
3.429001e+00 1.066386e+01 9.573873e+00 4.787875e+00
6.149184e+00 -2.110749e+00 1.873625e+00 -9.653121e+00
1.198891e+00 3.203935e+00 4.799499e+00 -4.545103e+00
3.425034e+00 4.179790e+00 1.756592e+00 -1.358826e+00
8.557135e+00 1.956257e+00 -2.748859e+00 -2.060494e+00
8.574515e+00 3.034988e+00 3.274425e+00 -8.753396e+00
7.864217e+00 -1.800345e+00 1.127671e+00 -7.292516e+00
2.654247e+00 4.968392e+00 -2.476256e+00 -8.448369e-01
3.536504e+00 -7.434548e-02 7.188803e+00 6.466128e+00
1.670187e+00 4.712683e+00 1.360209e+00 -5.822644e+00
3.015149e+00 3.625841e+00 5.106490e+00 -4.290725e+00
3.268183e+00 -4.224031e-01 3.030468e+00 -4.353499e+00
5.177611e+00 2.463667e+00 1.428341e+00 -7.193729e+00
9.045816e+00 5.166854e-01 6.690021e+00 -7.513191e+00
7.790970e+00 5.688443e-01 5.172078e+00 -5.243914e+00
-8.847598e-01 9.085982e-01 1.073283e+01 -5.584682e+00
5.216181e+00 5.224190e+00 2.273363e+00 -4.971748e+00
2.400830e+00 6.298944e+00 6.352201e+00 -2.006461e+00
2.489101e+00 4.665040e+00 2.741321e+00 1.914911e+00
8.180466e+00 -5.694122e-02 -1.652736e+00 2.225030e+00
6.786070e+00 3.938304e+00 3.638680e+00 -3.844884e+00
7.363335e+00 -4.892955e+00 8.258291e+00 -1.952026e+00
3.875410e+00 -2.372365e+00 8.802188e+00 -5.109327e+00
8.974805e+00 -4.044609e+00 -4.410614e+00 -4.215755e+00
8.168381e+00 1.973955e+00 2.166929e-01 -7.577880e+00
5.181012e+00 5.691591e-01 2.583537e+00 -1.782052e+00
6.375095e+00 -2.814781e+00 8.323868e-01 -4.797896e-01
7.966484e+00 -3.888480e+00 -1.351778e+00 -6.724038e+00
6.026786e+00 1.219124e+00 5.485898e+00 -2.818264e+00
8.686362e+00 4.463905e-01 -3.326095e-01 -3.260464e+00
1.408170e+00 2.486875e+00 1.867228e+00 -6.050925e+00
5.644209e+00 -2.825545e+00 2.910292e+00 -9.070914e+00
9.751412e+00 9.485994e-01 -7.971543e-01 -5.599523e+00
6.304598e+00 -2.014166e+00 5.983954e+00 -3.538316e+00
5.912260e+00 -8.779858e-01 3.789805e+00 -8.251649e-01
7.152623e+00 5.161615e-01 2.286907e+00 -6.017128e+00
1.712422e+00 2.421711e+00 2.383048e+00 -2.588210e+00
3.031665e+00 6.232348e+00 1.408704e+00 -6.552737e+00
1.086616e+01 5.989040e+00 -4.333799e+00 -9.705134e+00
-3.349101e-01 -2.596130e+00 5.063461e+00 2.644142e+00
6.840951e+00 -5.010716e+00 2.526664e+00 5.257078e+00
3.971110e+00 5.185101e+00 4.407610e+00 -7.972112e+00
3.746499e+00 5.920208e+00 -1.208397e+00 -7.376832e+00
3.664080e+00 4.568254e+00 2.205631e+00 -6.784936e+00
6.119271e+00 4.987372e+00 -1.460086e+00 -7.375403e+00
-3.811466e+00 -3.267656e+00 -1.297669e+00 -7.498380e+00
2.811022e+00 -2.754450e+00 2.431071e+00 -5.862271e+00
4.283004e+00 3.089830e+00 4.737929e+00 -6.039235e-01
-3.471217e-01 2.948884e+00 7.133892e+00 -1.315707e+00
3.443630e+00 -3.051316e+00 3.646246e+00 -4.330418e+00
7.976907e+00 -5.686813e+00 9.628401e+00 -2.552659e+00
6.719352e+00 -7.805564e-01 8.089520e-01 -1.325958e+00
6.360923e+00 -3.555202e+00 2.376599e-01 -2.964556e+00
7.485427e+00 3.598551e+00 3.721330e+00 9.004429e-02
4.911558e+00 -2.017688e+00 3.265229e+00 -4.796223e+00
2.585921e+00 1.806176e+00 3.324067e+00 -9.831171e+00
6.311761e+00 4.452221e+00 -2.946140e+00 -7.117473e+00
8.707802e+00 3.715253e+00 1.924562e+00 3.262818e-01
2.852857e+00 7.524661e+00 -3.791063e+00 -5.090634e+00
6.444380e+00 1.011954e-01 1.753857e+00 -7.854674e-02
4.058101e-01 3.411528e+00 8.210080e-01 -6.016021e+00
1.399595e+00 -1.299921e+00 5.576556e+00 -3.996454e+00
6.260958e+00 -5.869226e-01 6.126252e+00 -1.757279e+00
7.821620e+00 -1.027229e+01 5.736743e+00 2.592958e+00
7.196877e+00 -9.106726e+00 6.630211e+00 -5.129645e+00
9.178906e+00 1.359758e-01 -2.290672e+00 -6.020130e+00
7.215506e+00 1.095506e+00 -3.109564e+00 -3.403190e+00
7.283436e+00 2.197022e-01 4.900595e+00 -2.001416e+00
8.732241e-01 -1.253431e+00 8.640770e+00 -1.090466e+00
4.129624e+00 -3.838695e+00 2.540986e+00 -9.836343e+00
9.335747e+00 2.562629e+00 -2.337980e+00 -1.013597e+01
9.073737e+00 2.199594e+00 6.009381e+00 -1.248069e+00
6.542979e+00 -3.106199e+00 -3.413228e-01 -9.216761e-01
8.690214e+00 -1.883354e-01 -3.725758e+00 -7.510019e+00
7.877719e+00 1.427699e+00 -2.729157e-01 -5.715824e+00
1.140055e+01 -9.310356e-01 1.614684e+00 -2.809845e+00
7.741584e+00 -4.450210e+00 1.314226e+00 -1.034304e+00
1.103841e+01 -2.173105e+00 8.128519e-02 -7.782097e+00
9.710421e+00 1.900562e+00 1.256816e+00 -5.880785e+00
1.007912e+01 -3.820530e+00 -3.039585e+00 -4.256587e+00
1.004312e+01 1.517490e+00 1.409552e+00 -3.982171e+00
3.608994e+00 -5.805607e-01 9.262226e+00 -9.768516e+00
3.099386e+00 -5.556669e-01 2.415709e+00 -2.376417e+00
3.673817e+00 -1.266406e-01 -2.309439e+00 -2.605706e+00
4.342278e+00 -8.021324e-01 -9.018083e+00 -1.579105e+00
2.199264e+00 7.242214e-01 4.659755e+00 -4.407532e+00
1.031209e+01 -1.571677e+00 -4.182218e+00 -2.511775e+00
5.824310e-01 4.358417e+00 -2.112393e-01 -3.030539e+00
3.349010e+00 2.871620e+00 -2.336894e+00 -4.797009e-01
9.809723e+00 7.162558e-01 -2.602635e+00 -4.932763e+00
7.636316e+00 3.066701e-01 -4.729144e+00 -6.676264e+00
4.340648e+00 1.835936e+00 1.036963e+00 -4.543576e+00
3.695749e+00 4.009341e+00 -8.459077e-01 -2.405320e+00
4.398693e+00 8.399468e-01 1.985538e+00 -4.171791e+00
3.273610e+00 7.914113e-02 -2.721878e+00 -1.412936e+00
8.942431e+00 1.603543e+00 3.986840e-01 -2.469717e+00
9.515767e+00 2.326389e+00 5.071865e+00 -3.073811e+00
5.538282e+00 2.296544e+00 -7.051184e-01 -4.899121e+00
6.226407e+00 -1.193599e+00 5.048917e-02 -3.156675e+00
5.821080e+00 5.412639e+00 5.660019e+00 -1.026104e+00
5.958073e+00 7.267576e+00 -3.031521e-01 -1.410499e+00
1.232220e+00 2.545385e+00 -3.224051e+00 1.449024e+00
2.456870e-01 3.305878e+00 1.789524e-02 -9.021737e-01
5.159585e+00 5.385891e+00 -1.880634e-02 -2.124788e+00
5.100773e+00 5.903038e+00 5.689849e+00 -1.922764e+00
3.889300e+00 2.729929e+00 1.982436e+00 -7.653079e+00
6.618309e+00 -2.584529e-01 3.086278e+00 -6.487595e+00
3.242008e+00 6.937003e+00 8.245493e-02 -5.894389e+00
4.769986e+00 3.655896e+00 -1.279205e+00 -4.342794e+00
9.389834e+00 3.966792e+00 -1.556239e+00 -2.247442e+00
7.735655e+00 6.752606e-01 -8.844628e-01 -3.616129e+00
7.707196e+00 1.114643e+00 -3.011398e+00 -3.162370e+00
1.246538e+01 2.943856e+00 -1.182997e+00 -2.605880e+00
8.056154e+00 7.362947e+00 1.506537e+00 -3.669301e+00
7.728215e+00 1.557367e+00 3.391535e+00 -5.831367e+00
6.319848e+00 1.638179e+00 1.829832e+00 -6.726490e+00
6.127692e+00 7.611564e-01 2.430686e+00 -6.836406e+00
4.000238e+00 -1.757916e+00 -2.725656e+00 8.738234e-01
4.873509e+00 5.519345e-01 -6.978679e-01 -1.965605e+00
2.614471e+00 4.727309e+00 2.058348e+00 5.865285e-01
6.357388e+00 5.662899e+00 -4.216485e+00 1.079385e+00
2.347924e+00 1.496189e+00 5.221624e+00 -5.440613e+00
7.725054e+00 4.753311e+00 1.610588e+00 -4.941156e+00
7.172166e+00 2.564962e+00 3.494218e+00 -4.926012e+00
4.888932e+00 1.038365e+00 3.081707e+00 -2.826135e+00
5.218774e+00 5.198376e+00 5.125815e+00 -2.171577e+00
8.729003e+00 4.227863e-01 1.795654e+00 -4.098238e+00
4.503829e+00 2.532629e-01 -2.713187e+00 -2.693258e+00
7.483411e+00 6.023198e-01 1.411424e+00 -5.516517e+00
9.348083e+00 2.234101e+00 -7.819600e-01 -9.640617e-01
8.644737e+00 2.889662e+00 2.584889e+00 3.427455e+00
7.902794e+00 -1.577912e+00 -1.591836e-01 -1.436826e+00
1.071295e+01 2.521156e+00 5.754746e+00 -1.022871e+00
4.646343e+00 5.586922e+00 5.471228e+00 -2.882604e+00
4.514641e+00 2.501242e+00 5.177118e+00 -4.622569e+00
4.753982e+00 3.287277e+00 5.120183e+00 2.968790e+00
3.456300e+00 6.230467e+00 2.625965e+00 2.785649e+00
-2.708842e+00 9.326763e+00 5.595935e+00 6.511688e+00
-1.605695e+00 4.251437e+00 4.659374e+00 3.098691e+00
2.431485e+00 2.932986e-01 4.854745e-01 -6.524171e+00
1.010537e+01 -6.256834e+00 3.903975e-01 -4.335054e+00
9.045629e+00 -1.135059e+00 -7.935553e-01 -6.143533e+00
8.642776e+00 -1.302037e+00 7.835620e-01 -3.037014e+00
8.896831e+00 2.178318e+00 -4.852239e+00 -6.885847e+00
5.851170e+00 3.793016e-01 -2.036536e+00 -5.750528e+00
9.812149e+00 -5.681532e-01 9.030760e+00 -3.859789e+00
2.487029e+00 2.348228e+00 3.779690e+00 -8.504249e+00
1.651825e+00 -6.242736e-01 2.689145e+00 -4.594563e+00
7.507436e+00 3.344073e+00 8.442115e-01 -5.740209e+00
8.126546e+00 4.993921e-01 2.125048e+00 -3.479904e+00
-1.654231e+00 1.657295e+00 8.826159e+00 -2.068645e-01
2.154109e+00 2.325988e+00 5.789373e+00 1.343932e+00
-9.038635e-01 2.986262e+00 3.180195e+00 -5.928008e+00
6.132744e-01 4.537033e+00 4.855309e+00 -4.254278e+00
3.533044e+00 3.231383e+00 1.634604e-01 -4.068304e+00
1.192302e+01 1.330133e+00 -2.995583e+00 -4.306006e+00
1.028030e+01 -4.311844e+00 3.469854e+00 -4.523205e+00
3.737929e+00 2.077274e+00 -1.099377e+00 -1.870138e-01
6.231897e+00 1.779190e+00 5.055562e+00 -2.999085e+00
5.710981e+00 1.505110e+00 1.458808e+00 -2.834769e+00
-8.499435e-01 1.480019e+01 5.501707e+00 -3.017275e+00
9.195991e+00 -1.052788e-01 -1.054868e+00 -7.232343e+00
5.850611e+00 1.916579e+00 2.099567e+00 -2.854585e+00
6.539359e+00 1.267719e+00 5.578180e-01 -6.823468e+00
9.859073e+00 -1.020804e+00 3.917363e+00 -3.138373e+00
2.118523e+00 -1.870115e+00 -5.437438e-01 -1.812974e+00
8.595819e+00 -3.948749e+00 1.869553e+00 -2.232204e+00
7.983142e+00 -1.115569e+00 -2.330685e+00 -6.356447e+00
6.694886e+00 1.381809e+00 3.856757e+00 -1.135181e+01
1.226812e+01 1.645633e+00 -1.169080e+00 -3.222613e+00
5.097561e+00 7.871230e+00 4.449956e+00 -6.462680e+00
5.951108e+00 3.396736e-01 8.310050e+00 5.889819e-02
3.111205e+00 6.706308e+00 2.241048e+00 -5.080013e+00
6.916890e+00 1.909879e+00 -5.811351e+00 -4.173985e+00
4.362048e+00 9.878035e-01 6.054751e+00 1.364531e+00
8.864803e+00 1.515058e+00 -1.075688e+00 -8.506786e+00
6.974145e+00 5.247247e+00 -4.624781e+00 6.522958e+00
3.540731e+00 3.243895e+00 4.138799e+00 -5.480421e+00
6.493078e+00 3.752006e+00 2.265476e+00 -4.327540e+00
8.537800e+00 2.901167e+00 -4.638572e+00 -6.673840e+00
4.329601e+00 2.276097e+00 -5.255542e+00 -7.113228e+00
1.224098e+00 7.938313e+00 -2.942313e+00 -2.318287e+00
3.849772e+00 9.560721e-01 4.691535e+00 2.379853e+00
3.152634e+00 5.333663e-01 2.558422e+00 -2.486425e+00
9.138546e+00 3.876441e+00 -3.506252e+00 1.753287e-01
8.912211e+00 4.576957e+00 -1.573336e+00 -6.484351e+00
1.477363e-01 4.685908e+00 1.330187e-01 -3.213457e+00
3.187526e+00 1.730823e+00 1.881578e-01 -4.058409e+00
7.258957e+00 -7.307393e-01 2.169125e+00 -8.304622e-01
-1.195965e+00 -6.716881e-01 -2.751696e+00 -1.991731e-01
4.893668e+00 3.388427e+00 -4.508045e+00 -4.877265e+00
4.891528e+00 -1.494410e+00 3.127548e+00 -4.410749e+00
-1.191046e+00 4.732792e-01 4.067603e+00 -3.529759e+00
6.845029e+00 1.616919e+00 -5.868185e+00 -1.791712e+00
1.618797e+00 4.144899e+00 1.130610e+00 4.209240e+00
6.587449e+00 -2.892688e+00 2.431584e+00 -6.796493e+00
6.437555e+00 3.012206e+00 2.458807e+00 -5.902193e+00
9.535545e+00 -1.759884e-02 3.438932e-01 -2.158762e+00
8.766234e+00 -3.794357e+00 2.898889e+00 -6.863434e+00
3.854572e+00 -1.299973e+00 3.653625e+00 -5.079199e+00
7.622402e+00 4.283770e+00 6.427373e+00 -7.438943e+00
6.598137e+00 4.689621e+00 -4.851477e+00 -6.652847e+00
1.004714e+01 1.116104e+00 2.176387e+00 -2.462268e+00
7.773353e+00 1.643342e+00 -1.317018e+00 -5.844116e+00
8.667094e+00 6.946906e-01 -2.298753e-01 -4.855114e+00
5.703737e+00 1.102979e+00 5.072753e-01 3.455878e-01
5.113003e-01 2.772876e+00 6.606568e+00 -7.114162e+00
4.751056e+00 -5.641296e-01 2.429046e+00 -2.427944e+00
7.671119e+00 2.538446e+00 4.072357e+00 -6.406208e+00
6.675913e+00 2.265837e+00 4.457058e+00 -4.406391e+00
2.271478e+00 1.346309e+00 2.736971e+00 -1.905236e+00
1.849005e+00 4.874521e+00 7.429830e+00 -4.887071e+00
2.354685e+00 -4.186759e+00 7.511795e+00 -4.323885e+00
6.506662e+00 -1.085589e-01 4.847398e+00 -3.051559e+00
3.011535e+00 -6.010325e-01 3.955783e+00 2.266578e+00
1.195755e+01 1.668954e+00 -3.779976e+00 -4.105755e+00
8.687299e+00 6.638838e-01 4.005972e+00 -4.684846e+00
1.126278e+00 7.298136e-01 7.028510e+00 -2.233100e+00
5.906567e+00 1.329247e+00 4.994172e+00 -3.980270e+00
8.732248e+00 4.784012e+00 1.158483e+00 -2.694007e+00
4.559364e+00 4.438643e+00 2.457674e+00 -2.693017e+00
1.043106e+01 -3.074213e+00 7.609992e+00 -6.686469e+00
1.630196e+00 1.219231e+00 8.381648e-01 -2.742379e-01
7.038548e+00 1.809854e+00 9.362917e+00 -8.370575e+00
1.150922e+01 -1.273168e+00 -2.952463e+00 -1.950621e+00
3.372570e+00 -2.666573e+00 8.604476e+00 -3.266172e+00
3.304796e+00 -2.554643e+00 8.506105e-01 -2.567805e+00
8.701863e+00 3.768720e-01 -5.054657e+00 -5.375721e+00
7.108061e+00 -4.087478e+00 -2.469110e+00 -4.795683e+00
2.774991e+00 2.181380e+00 -3.462902e+00 -5.811709e+00
6.840882e+00 1.143091e+00 4.059578e+00 -4.519293e+00
9.539219e+00 -3.569222e+00 6.021731e+00 9.279387e-01
7.137610e+00 4.388223e+00 3.829945e+00 -2.470095e+00
1.015354e+01 4.940698e+00 -5.233298e+00 -3.808049e+00
1.807655e+00 6.842478e+00 -2.007004e+00 -1.700719e+00
7.916059e+00 5.704129e-01 2.722758e+00 -6.114286e+00
6.588187e+00 6.039862e+00 -1.813262e+00 -3.836291e-03
3.178630e+00 4.589264e+00 8.375164e+00 -6.653309e+00
4.734267e+00 7.146157e+00 3.865719e+00 -5.928205e+00
3.488413e+00 3.785289e+00 -2.376877e-01 -4.516939e+00
4.527989e+00 6.762444e+00 -4.096658e+00 -5.552037e+00
4.452013e+00 7.056659e-01 4.110449e-02 1.694620e+00
7.489046e+00 5.764295e+00 7.537355e-01 -1.146369e+00
6.035914e+00 9.125462e-01 -2.510774e+00 -2.478925e+00
1.031680e+01 2.592639e+00 -1.953147e+00 -2.651754e+00
6.230877e+00 -7.304526e-03 2.108247e-01 -5.035997e+00
4.398988e+00 2.447830e+00 -4.664398e+00 -9.200418e-01
6.746653e+00 1.968221e+00 -2.479397e-01 -1.615869e+00
-2.684998e-01 -2.972814e-01 -2.312831e+00 -3.297695e+00
-5.478677e+00 5.521898e-01 -3.632501e+00 -2.460576e+00
7.312310e+00 8.078049e+00 -2.833857e+00 -1.578446e+00
4.888327e+00 -3.164214e+00 -1.360617e-01 -6.347994e-01
1.150592e+00 2.770575e-01 -1.088288e-01 -3.250292e+00
1.093044e+01 4.752951e+00 -5.835022e+00 -1.108790e-01
-1.677297e+00 5.367331e+00 1.046848e+00 -3.280089e+00
1.017980e+01 -6.694692e+00 7.345420e+00 -6.667213e+00
2.308654e+00 6.007712e+00 5.655443e+00 -7.084683e+00
6.730207e+00 3.946196e+00 -6.560653e+00 2.808975e+00
1.224233e+01 1.192987e+00 5.515030e+00 -9.297918e-01
5.473305e+00 -1.496170e+00 -3.568459e+00 1.316343e+00
6.096267e+00 3.234675e+00 3.837687e+00 -1.945807e+00
7.536045e+00 -3.539582e+00 3.894937e+00 -5.471415e-01
1.238550e+01 -4.402152e-01 3.199643e+00 5.553867e-01
9.553765e+00 -2.217628e-01 -6.750567e+00 -1.486932e+00
9.297082e+00 -1.154329e+00 -8.013194e+00 -4.274860e+00
3.867993e+00 1.152753e+00 1.908346e+00 -2.014544e+00
2.133966e+00 3.497306e+00 7.133269e+00 1.004751e+00
4.188669e+00 3.915074e+00 7.042806e+00 -8.963403e+00
2.650939e+00 5.086505e+00 1.224540e+00 -8.765397e+00
6.836015e+00 -4.157731e+00 -3.714384e-01 -3.834436e+00
6.165563e+00 -1.479174e+00 3.866086e+00 -4.793471e+00
9.181190e+00 1.349179e+00 7.106518e+00 2.048377e+00
1.004995e+01 -3.879696e+00 4.897803e+00 -3.867240e+00
7.957025e+00 2.214355e+00 3.411243e+00 -7.666249e+00
5.523210e+00 -3.936792e+00 5.282527e+00 -3.640786e+00
5.560570e+00 1.643138e+00 5.903797e+00 -4.941724e+00
4.252468e+00 3.392812e+00 6.010928e-01 -6.075430e+00
5.865636e+00 -5.089573e-01 4.548897e+00 -4.675495e+00
5.567796e+00 -2.942656e+00 6.332696e+00 -3.365957e+00
6.551081e+00 2.446834e+00 -3.789375e+00 -4.023708e+00
6.011943e+00 1.303154e+00 -4.540137e+00 -3.696287e+00
4.422337e+00 1.135199e+00 1.527299e+00 -3.473512e+00
6.801384e+00 2.196365e+00 7.528960e-01 -6.245692e+00
2.870312e+00 9.116786e-01 3.685124e+00 -4.484882e+00
6.168750e+00 6.479250e-01 -6.063920e-01 -2.805013e+00
1.112588e+01 3.199569e+00 1.924291e+00 -3.503493e+00
1.178883e+01 3.967016e-01 2.068405e+00 -5.461836e+00
7.791952e+00 4.454986e+00 1.264582e+00 -3.887342e+00
1.828209e+00 3.728862e+00 5.878820e+00 -7.574557e+00
1.026883e+01 -7.512282e-01 -2.208528e+00 -7.853995e+00
9.213277e+00 -2.884222e+00 -2.256482e+00 -8.248176e+00
5.027960e+00 7.218636e+00 3.847597e+00 -2.456976e-01
6.838012e+00 -2.553662e+00 3.084067e-01 9.337737e-01
2.103660e+00 3.429219e+00 9.926359e+00 -5.656051e+00
4.203161e+00 8.387446e+00 3.107312e+00 -5.452913e+00
8.071933e+00 -2.432612e+00 -2.358651e+00 -2.717389e+00
5.269396e+00 1.912434e+00 5.264840e+00 -8.696700e+00
1.108426e+01 3.762529e-01 5.282629e+00 1.499024e-01
7.967057e+00 -1.433199e+00 1.391383e+01 -4.024750e+00
-9.719524e-01 4.933677e+00 8.282936e+00 -4.370285e+00
2.008856e+00 2.780276e+00 5.985955e+00 2.275715e+00
1.022317e+01 6.398726e+00 3.336550e+00 -5.829897e+00
7.924564e+00 -1.839754e+00 9.851378e+00 -7.616570e+00
9.868023e+00 2.354153e+00 -1.892960e+00 1.908699e-01
9.052458e+00 2.593764e+00 -4.744814e+00 -6.161797e-01
5.537265e+00 3.692913e+00 -7.914152e-01 -1.710073e+00
1.016723e+01 1.871232e+00 1.234820e+00 -8.665990e-01
1.021974e+00 3.556370e+00 -1.345071e-01 3.969371e+00
-9.232984e-01 2.878189e+00 1.659199e+00 4.341756e-01
6.125416e+00 -1.437806e+00 3.588510e+00 -6.392097e+00
6.428758e+00 2.923026e+00 1.330603e+00 -3.805723e+00
4.533041e+00 2.943367e+00 -6.363696e-01 -6.261207e+00
3.940095e+00 4.617655e+00 4.952614e+00 -3.164099e+00
6.050969e+00 -2.151016e+00 1.295863e+01 -5.675400e+00
4.618953e+00 -3.577405e+00 1.149413e+00 -1.252012e+01
3.365876e+00 4.013500e+00 3.549077e+00 -4.675022e+00
3.854383e+00 2.755394e+00 4.590640e+00 -2.865814e+00
1.477814e+00 6.330549e+00 1.394598e+00 -9.799996e-01
2.583615e+00 3.861939e+00 3.016008e+00 -1.177906e+00
6.673502e+00 -3.362967e-01 2.059871e+00 3.424002e+00
4.517750e+00 1.371239e+00 -2.190055e+00 2.449097e+00
