-2.047119e+00 6.797253e+00 8.013865e+00 6.842670e+00
2.068427e+00 -1.133121e+00 2.515033e+00 5.578923e+00
-5.111840e-01 1.338713e+01 1.027545e+00 -2.293308e+00
-1.170543e+00 1.182389e+01 -5.156773e+00 -5.171961e+00
-2.792837e+00 4.094566e+00 -1.066594e+00 -1.769051e+00
-7.232767e-01 9.563325e+00 -3.590852e+00 -5.608464e+00
-2.639349e+00 4.017044e+00 6.232481e+00 8.050963e+00
-6.504840e-01 2.573337e+00 1.084691e-01 2.888946e+00
-7.007766e+00 5.091051e+00 9.301690e+00 1.121875e+01
1.935989e+00 1.780343e+00 8.729732e+00 4.372204e+00
-3.140876e+00 -5.156855e+00 -7.269048e+00 -1.048230e+01
5.594444e-01 -1.031527e+01 -8.552066e+00 -8.026896e+00
-1.028992e+00 -5.701532e+00 3.529932e-01 -9.900148e+00
-3.560723e+00 -4.908788e+00 -3.366958e+00 -5.147856e+00
6.267827e+00 3.358803e-02 -5.308580e+00 -1.069347e+01
1.901961e+00 -4.082376e+00 -2.190882e+00 -8.188649e+00
-4.665599e+00 -1.099247e+01 -8.048597e+00 -8.229277e+00
-7.078663e+00 -8.556758e+00 -6.175944e+00 -6.108983e+00
2.040134e+00 -2.454303e+00 -3.761051e+00 -1.176374e+01
-2.891883e+00 5.828904e-02 2.989038e-03 -4.210084e+00
2.806601e+00 -1.787790e+00 1.264729e+00 -6.639735e+00
9.282982e-01 2.202166e-02 3.192952e+00 -5.596092e+00
7.983525e+00 -3.842158e+00 -3.816572e+00 -4.312995e+00
1.069351e+01 -5.317238e+00 -3.029973e-01 -5.197026e+00
2.436722e+00 -7.628230e+00 -2.846858e+00 -4.843944e+00
1.962728e+00 -7.933599e+00 -4.461768e+00 -5.511883e+00
4.127937e+00 -4.555016e+00 5.308665e+00 -4.028273e+00
-1.368752e+00 -1.800496e+00 8.336928e+00 -9.588078e+00
-6.602740e-01 -4.557888e+00 -3.208104e+00 -4.391350e+00
-6.688484e-01 2.400853e-01 -4.571427e+00 -6.791329e+00
3.891510e+00 -1.173016e+00 1.941522e+00 -6.116230e+00
4.653998e+00 -1.120082e+00 1.633931e+00 -5.845696e+00
5.169722e+00 -7.381653e+00 -3.604178e+00 -4.033825e+00
4.807928e+00 -8.639593e+00 -4.411417e+00 -2.968899e+00
-4.631433e-01 -2.072083e+00 1.801529e+00 -7.414508e+00
8.039714e+00 -9.212094e-01 -6.184624e+00 -1.450958e+01
-1.885747e+00 -3.833897e+00 1.764074e+00 -2.005085e+00
6.644470e-01 -7.530718e+00 -6.074294e-01 -3.207063e+00
-2.339098e+00 -1.005445e+01 -1.185590e+01 -8.293143e+00
-4.897450e+00 -8.557981e+00 -1.242298e+01 -7.672051e+00
-5.907593e-02 -4.756494e+00 -4.617489e+00 -2.880147e+00
-3.416149e+00 -8.710866e+00 -1.496573e+00 -5.302954e+00
-6.771679e-01 -7.035442e+00 -1.163837e+01 -1.065847e+01
-4.362583e-01 -5.459521e+00 -1.704662e+00 -4.327295e+00
3.672766e-01 -3.965283e+00 -3.282734e+00 -5.736376e+00
7.991219e+00 -4.614923e+00 2.611620e-01 -6.860921e+00
5.463892e+00 4.629699e-01 3.209769e+00 -1.078476e+01
2.351057e+00 1.924413e+00 4.952866e+00 -7.337224e+00
6.635514e+00 -2.423930e-01 -3.847121e-01 7.215552e-01
1.140067e+01 -1.218612e+00 5.866561e-01 -2.263019e-01
-1.360869e+00 -6.532414e+00 -3.655111e+00 -9.577689e+00
-2.578424e+00 -7.751840e+00 -6.016525e+00 -1.123277e+01
-5.755741e-01 -3.273849e+00 -8.278564e+00 -8.990495e+00
3.258531e+00 -3.738515e-01 -7.287361e+00 -1.337048e+01
5.374952e+00 -4.870881e+00 1.882417e+00 -5.600084e+00
9.542300e-01 -3.333354e+00 1.726097e+00 -7.439903e+00
-1.532752e+00 -6.968449e+00 -2.250155e+00 -9.086868e-01
-1.960754e+00 -9.320686e+00 -3.929348e+00 -2.785993e+00
4.619911e+00 -5.241801e+00 4.481377e-01 -5.312103e+00
3.616599e+00 -3.587492e+00 7.264489e-01 -6.091469e+00
-4.613491e+00 -5.946675e+00 -6.656987e+00 -6.007749e+00
-1.718828e+00 -1.042421e+01 -2.696122e+00 -5.896074e+00
-5.344031e+00 -7.968994e+00 -3.590439e+00 -1.862789e+00
-2.452249e+00 -3.279813e+00 -4.743380e-01 -8.676351e+00
6.488681e-01 -1.029520e+01 -5.281181e+00 -9.695193e+00
-1.132225e+01 -1.250449e+00 -1.025921e+00 -2.012546e+00
-7.719286e-01 -3.452960e+00 1.887190e+00 -5.256402e+00
-4.004120e+00 -4.988482e+00 -1.730362e-01 -5.670707e+00
-2.204659e+00 -2.321170e+00 -3.654522e+00 -5.309426e+00
5.483553e-01 4.856649e-01 7.010891e-01 -8.784768e+00
4.028061e+00 2.910721e+00 5.459493e+00 -2.988783e+00
5.158883e+00 7.337875e+00 -1.831953e+00 -8.934434e+00
5.292187e+00 3.940442e+00 1.257987e+00 -8.031558e+00
2.731401e+00 -2.714625e-01 3.099873e-01 -4.871818e+00
3.385843e+00 -1.613621e+00 -2.101035e+00 -7.392664e+00
4.414225e+00 -3.542688e+00 -6.053255e-01 -4.471943e-01
9.039239e+00 1.278654e+00 -1.757537e+00 -4.433544e+00
5.045801e+00 -3.027799e+00 2.942542e+00 -3.230236e+00
8.371561e-01 -2.226462e+00 1.875279e+00 -2.996868e+00
-8.085818e-01 -2.027884e+00 4.902904e+00 -6.425905e+00
4.837138e+00 4.606013e+00 -6.596375e+00 -3.328750e+00
1.627569e+00 -5.723252e-02 -2.647649e+00 -4.197780e+00
7.121569e+00 -3.206806e-01 -2.918817e+00 -8.285357e+00
1.004401e+01 -2.390101e+00 1.112553e+00 -5.853162e+00
6.150776e+00 -2.303760e+00 2.413466e+00 -7.614724e+00
2.483936e+00 5.178455e-01 -3.874144e+00 -5.442171e+00
5.024291e+00 -1.504489e-01 -2.656059e-01 -4.945573e+00
3.964187e+00 -7.374945e-01 -2.404196e+00 -7.245524e+00
2.299978e+00 5.097773e+00 6.313994e-01 -9.800315e-01
1.878751e+00 3.286862e+00 3.987465e+00 -2.089150e+00
8.620855e+00 6.899386e-01 -1.201969e+00 3.620358e+00
3.285487e+00 4.216082e+00 -4.336998e-01 5.694903e-02
6.257482e+00 4.607716e+00 1.375788e+00 -8.071811e+00
6.837444e+00 6.908957e+00 -4.546180e+00 -8.621502e+00
3.071725e+00 2.416784e+00 -5.798371e+00 -3.879266e+00
2.891208e+00 5.858319e+00 -5.841820e+00 -2.996848e+00
7.184398e+00 -3.146691e+00 3.850175e+00 -5.443316e+00
1.010392e+01 -4.457953e+00 3.797013e+00 -4.111081e+00
4.764911e+00 -2.293452e-01 5.370024e-01 -7.305065e+00
6.580240e+00 -9.002533e-01 -3.183036e+00 -6.641598e+00
3.812961e+00 2.196981e+00 1.093660e+00 3.909898e-01
6.308273e+00 -1.306174e+00 -1.197984e-01 4.363484e+00
1.037263e+01 -2.878229e-02 -3.631312e+00 -7.096785e+00
5.510691e+00 2.350202e+00 -4.229658e+00 -7.784754e+00
3.693587e+00 -3.681705e+00 3.962831e+00 1.407431e+00
8.709923e+00 -2.029229e+00 3.369057e+00 -1.279039e+00
2.098848e+00 2.292336e+00 -1.925046e+00 2.123610e+00
6.113762e+00 2.384959e+00 1.479648e+00 -7.090304e-01
6.542865e+00 4.048076e+00 1.669464e+00 -4.321232e-01
4.200583e+00 7.616572e-01 4.258354e+00 -2.522492e+00
3.756625e+00 5.266059e+00 -1.523446e+00 -9.860131e+00
4.229974e+00 4.086275e+00 1.853244e+00 -1.314639e+01
2.811442e+00 6.091866e-01 -2.261642e+00 -5.086660e+00
8.496051e+00 1.119949e+00 -5.956925e+00 -1.093958e+01
1.519590e+00 7.183697e+00 -2.870432e+00 -1.002781e+01
3.705447e+00 7.036715e+00 -5.001423e+00 -9.078462e+00
6.591166e+00 2.752280e+00 8.822079e-01 -7.076843e+00
6.904584e+00 1.167778e+00 4.301982e+00 -9.554451e+00
6.397752e+00 5.750769e+00 -5.849349e+00 -1.046663e+01
4.643673e+00 3.239776e+00 -4.437528e+00 -9.916160e+00
-4.417877e-01 -3.988068e+00 -9.607595e+00 -7.164482e+00
3.105843e+00 2.528757e+00 -1.303842e+01 -4.474073e+00
6.483266e+00 9.358851e+00 -5.593753e+00 -1.089541e+01
4.398706e+00 7.968998e+00 -5.748110e+00 -1.365240e+01
3.872600e+00 4.218445e+00 -2.242742e+00 -2.906519e+00
4.196161e+00 2.932389e+00 3.117785e+00 -5.909161e+00
5.397260e+00 9.714270e+00 2.892309e+00 -5.773089e+00
1.773043e+00 1.127456e+01 2.903436e+00 -9.969637e+00
7.831069e+00 4.605570e+00 -3.242413e-01 -8.207997e+00
5.260952e+00 3.311918e+00 -1.581481e+00 -5.391256e+00
1.663171e+00 -4.467879e+00 -4.046048e+00 -7.879069e+00
3.979053e+00 8.318670e-02 2.160284e+00 -5.120108e+00
-4.276247e+00 2.713589e-02 1.360919e+00 -9.362704e+00
-4.716428e+00 -7.116747e-01 -2.171060e+00 -1.081841e+01
2.374223e+00 -7.489242e+00 -1.489292e+00 -4.135114e+00
1.631108e+00 -5.974777e+00 2.402599e+00 -9.172529e+00
4.549580e-01 -1.053237e+01 1.714517e+00 -2.480498e+00
4.026074e+00 -4.962134e+00 2.656556e+00 -6.192122e+00
1.601998e+00 -3.600148e+00 3.813190e+00 -4.681382e+00
5.787146e+00 2.047552e+00 -6.730032e+00 -8.142708e+00
2.982689e+00 -2.478219e+00 5.788608e+00 -8.005410e+00
-1.236638e+00 -1.058337e+00 -9.000164e+00 -9.638908e+00
4.342170e+00 -3.109895e+00 -3.705167e+00 -7.533756e+00
2.492648e+00 -4.682342e+00 -1.346709e+00 -6.578241e+00
4.750792e+00 -8.014337e+00 1.957645e+00 -3.792919e+00
-5.316839e-01 1.173606e+00 -9.126828e-01 -3.123125e+00
4.812023e+00 -4.427070e+00 3.579520e-01 -6.160394e+00
4.363210e+00 -1.094119e+01 -1.560892e+00 -4.663347e+00
5.789023e-01 -7.460033e+00 3.458301e+00 -5.178537e+00
6.637093e+00 -5.872522e-01 -6.544458e+00 -3.651468e+00
-1.990533e+00 -7.529816e+00 -8.043619e+00 -9.346178e+00
2.016248e+00 -4.292593e+00 -2.616161e+00 -1.975641e+00
2.756906e+00 -2.472584e+00 -8.173176e-01 -8.803056e+00
4.067159e+00 -5.420410e+00 -8.867983e-01 -3.146839e+00
1.670926e+00 -5.899721e+00 1.417299e+00 -2.002333e+00
6.700716e+00 -1.267724e+00 1.082181e+00 -6.491191e+00
2.853569e+00 -7.243311e+00 2.515120e+00 -7.362176e+00
3.873904e+00 -5.758766e-01 -5.512256e+00 -5.940183e+00
4.794518e+00 -5.532500e+00 9.488531e-01 -6.950144e+00
2.107160e+00 3.960910e+00 2.512401e+00 1.687528e+00
2.747743e+00 -1.020025e-01 -1.972926e+00 -4.569648e+00
-1.629087e+00 2.831629e+00 2.190728e+00 -2.647473e+00
3.354015e+00 -2.338517e+00 1.134735e-01 -3.481057e+00
5.102723e+00 7.817003e+00 -1.741530e+00 -4.827656e+00
1.777248e+00 6.125157e+00 -2.155916e+00 -1.145046e+01
7.586361e+00 -1.285942e+00 -2.660767e+00 -4.022922e+00
6.387751e+00 -2.926118e+00 -6.421264e+00 -6.068175e+00
-5.581275e+00 8.225642e+00 -8.779225e-02 -7.751509e+00
4.217754e+00 2.725334e+00 3.389136e-01 -9.818729e+00
1.913860e+00 -5.495243e+00 6.838016e-01 -1.115222e+01
8.229361e+00 2.110267e+00 -4.984721e+00 -5.903530e+00
8.584469e+00 5.122164e+00 -5.811034e+00 -6.174923e+00
8.516472e+00 3.265331e+00 -5.685578e+00 -3.610807e+00
1.853053e+00 2.987616e+00 5.522547e+00 -4.357804e+00
8.915573e+00 4.539332e-01 -3.531054e+00 -6.866154e+00
1.650208e+00 -2.486141e+00 9.574135e-01 -8.808014e+00
2.943206e+00 4.154005e+00 -9.991395e+00 -7.560753e+00
9.003054e+00 6.990668e+00 -8.375802e+00 -9.140069e+00
2.789287e+00 5.998828e-01 -1.618848e+00 -6.627912e+00
3.156826e+00 2.400741e-01 4.449330e+00 -4.520415e+00
2.909588e+00 -7.527644e-01 -3.026439e+00 -5.817806e+00
1.868008e+00 -2.220026e+00 6.482267e+00 -4.769493e+00
1.374295e+01 -1.302627e+00 -2.951286e-01 -1.880837e+00
7.298769e+00 5.863490e+00 -2.786744e+00 -4.816506e+00
-6.213824e-01 1.157243e+00 -1.090644e+00 -7.072268e+00
3.571970e+00 8.592742e+00 -6.350973e-01 -8.456186e+00
5.646016e+00 -3.354712e+00 -1.037750e+01 -5.911323e+00
1.169549e+00 3.807216e+00 -2.149592e+00 -1.050878e+01
6.177820e+00 6.103176e+00 -1.276155e+00 -9.369324e+00
4.461348e+00 1.687815e+00 4.381956e-01 -1.773383e+00
-3.520283e+00 -2.150660e+00 -3.972781e+00 -6.262490e+00
2.544301e+00 -3.265589e+00 2.259762e+00 -6.691555e-01
-9.761737e-01 -7.329550e-01 2.942862e+00 -8.793380e+00
4.842114e-01 -5.417052e+00 -1.741551e+00 -8.138876e+00
1.005298e+00 -6.790565e+00 -1.974115e+00 -6.101297e+00
4.425970e+00 -3.406847e+00 -6.408422e+00 -1.525606e+01
9.326815e-01 -5.549923e+00 9.039964e-01 -4.793858e+00
-2.186275e+00 -2.467969e+00 -4.238791e+00 -1.124085e+01
-1.374586e+00 -6.462883e+00 2.866376e+00 -4.740437e+00
6.243620e+00 -2.259289e+00 3.018092e-01 -6.848477e+00
2.590102e+00 -6.796995e+00 2.274738e+00 -6.097993e+00
-2.162988e+00 -9.159362e+00 -6.660931e+00 -1.477565e+01
2.498764e+00 -6.012645e+00 -3.396896e+00 -4.796929e+00
1.856506e+00 -7.758810e+00 3.826780e-01 -6.288680e+00
1.658913e+00 -3.470913e+00 1.329673e+00 -4.083118e+00
-7.191797e-01 -6.376655e+00 -1.507359e+00 -1.746568e+00
6.822920e+00 -3.988390e+00 -1.228540e+00 -7.955192e-01
2.460591e-01 -8.009861e+00 7.969611e-01 -5.246364e+00
-1.710365e+00 -7.666044e+00 5.017968e+00 -9.062923e+00
4.391767e+00 4.121031e+00 1.155498e+00 -5.558454e+00
-1.018248e+00 -5.279270e+00 -3.568120e+00 -4.925868e+00
-9.943254e-02 -5.407009e+00 -1.949118e+00 -2.614095e-01
2.897191e+00 -4.423510e+00 -3.797283e+00 -5.674449e+00
6.043092e+00 -7.741671e+00 -3.950157e+00 -8.492971e+00
-3.081623e+00 -3.093813e+00 -7.882722e+00 -6.567431e+00
5.366858e+00 3.342931e-01 -3.776651e+00 -5.637032e+00
2.824531e+00 -4.560270e+00 7.828733e-01 -8.448010e+00
-7.084490e-01 -4.121779e+00 2.988330e-02 -6.776260e+00
2.975075e-01 -4.177282e+00 -1.623320e+00 -4.174867e+00
3.140567e+00 -2.846287e+00 6.977911e+00 5.161143e-01
-6.501786e-01 3.191941e+00 -3.344892e+00 -6.225010e+00
-8.594598e-01 9.394627e-02 -1.394280e+00 -4.028664e+00
4.196286e+00 6.444961e-01 1.533996e+00 -2.891221e+00
5.886376e+00 6.105986e+00 -3.360360e-01 -6.633545e-01
5.473511e+00 4.319509e+00 -1.429383e-01 -7.996738e+00
7.134492e+00 -1.986932e+00 -6.160945e+00 -8.372925e+00
4.881988e+00 4.397736e+00 -3.723515e+00 -8.937875e+00
1.369938e+00 5.740059e+00 2.467227e+00 -4.923944e+00
7.845597e+00 1.864446e+00 -2.035059e+00 -8.044251e+00
3.322510e+00 -4.495537e+00 2.974294e+00 -1.103708e+01
6.411799e+00 4.752196e-02 -7.507015e+00 -6.710216e+00
6.641691e+00 -2.752532e+00 -1.404181e+00 -8.864886e+00
8.898534e+00 4.267159e+00 -6.343564e+00 -4.832234e+00
5.846320e+00 4.702140e+00 4.662419e+00 -3.153976e+00
9.734558e+00 1.518248e+00 -1.974154e+00 -6.867012e+00
4.885307e+00 -3.278289e+00 3.597041e+00 -2.598810e+00
3.218167e+00 6.736577e+00 -5.910019e+00 -6.735403e+00
8.623554e+00 8.676290e+00 -1.320450e+01 -1.363831e+01
9.083938e+00 2.191893e+00 -9.252837e+00 -8.235315e+00
7.672658e+00 -5.244921e+00 5.554764e+00 -4.777214e+00
3.104920e+00 -1.508663e-01 1.235633e+00 -5.824111e+00
3.096896e+00 1.709465e+00 4.460994e+00 -7.397567e+00
1.004981e+01 -2.334051e+00 7.611768e-01 -6.743891e+00
9.595841e+00 6.586638e+00 -3.388695e+00 -9.863660e+00
1.421587e+00 9.610700e+00 -5.054914e+00 -8.172652e+00
6.112650e+00 9.861721e+00 -7.453194e+00 -7.071583e+00
7.307626e+00 -1.509742e+00 -2.324174e+00 -6.734149e+00
-2.678181e+00 8.232097e+00 -5.763361e+00 -4.561077e+00
5.072992e+00 1.230593e+01 -5.029276e+00 -1.488193e+01
2.647184e+00 1.333930e+00 3.549140e+00 -1.881385e+00
-2.284589e+00 -4.018754e+00 -3.590155e+00 -1.131237e+01
-2.061959e+00 -8.368747e+00 -1.945046e+00 -7.989398e+00
5.462061e-01 -2.226366e+00 9.976630e-02 -6.970793e+00
1.877357e+00 -2.207897e+00 -9.174240e-01 -7.234622e+00
4.741567e+00 -9.119948e+00 7.196430e-01 -7.861753e+00
-1.325069e+00 -5.862683e+00 2.949011e-01 -8.398232e+00
5.721913e+00 -2.152953e+00 -7.427341e+00 -1.113054e+01
4.416063e+00 -3.216695e+00 1.118020e+00 -7.022396e+00
1.616054e+00 -2.336612e+00 -3.964908e+00 9.109176e-01
2.670991e+00 -4.780638e+00 1.044709e+00 -5.837824e-01
-4.809214e+00 -5.302012e+00 -3.344282e+00 -5.674606e+00
-2.428135e+00 -7.132270e+00 -7.872401e+00 -8.414228e+00
-9.297246e-01 -4.903518e+00 -2.258478e-01 -6.297571e+00
2.278450e+00 -5.954676e+00 -3.799088e-01 -6.144921e+00
6.868238e-02 -3.328102e+00 -2.277962e+00 -2.853635e+00
-2.689844e-01 -7.803728e+00 -4.809161e+00 -1.271107e+00
3.782744e+00 -4.874105e+00 1.248671e+00 -8.432654e+00
4.607248e+00 -7.600800e+00 -7.491621e+00 -7.585087e+00
-1.233095e+00 -2.818397e+00 1.211988e+00 -5.924203e+00
-1.932432e+00 6.212183e-01 1.449091e+00 -5.374433e+00
8.274125e-01 -1.366879e+00 2.719982e+00 -8.661903e+00
-1.106915e+00 -7.633377e-01 2.006553e+00 -1.199416e+01
3.384560e+00 9.947446e-01 -2.376764e-01 -8.352448e+00
7.699297e+00 -1.238639e+00 -1.643393e+00 -5.056039e+00
4.826300e+00 -7.119140e+00 -2.381519e+00 -5.549076e+00
-1.315782e+00 -1.102219e+01 -5.515733e+00 -5.229639e+00
1.912169e+00 -8.121043e+00 -3.888558e+00 -1.792591e+00
-1.865785e+00 -6.029716e+00 1.010248e+00 -5.577220e+00
6.664098e+00 -8.870124e+00 -2.242967e+00 -5.677608e+00
-2.159449e-01 -9.041951e+00 -5.659284e-01 -3.288050e+00
8.123269e+00 5.674147e+00 -5.126421e+00 -1.189282e+01
1.858172e+00 5.269623e+00 -2.380387e+00 -9.323324e+00
9.773698e+00 4.823706e+00 -2.698546e+00 -6.797704e+00
1.061400e+01 2.441086e+00 -2.473607e+00 -8.454835e+00
4.799234e+00 -1.226033e+00 2.188540e+00 -4.455805e+00
5.379778e+00 2.288449e+00 1.898409e-01 -2.686961e+00
2.998482e+00 -5.159436e+00 -7.904175e+00 -4.873394e+00
9.617411e-01 -2.403834e+00 -5.343767e+00 -4.989526e+00
7.767775e+00 5.293600e+00 -7.233418e+00 -6.259638e+00
1.032441e+00 3.719693e+00 -4.118664e+00 -9.222775e+00
6.979532e+00 6.311292e+00 -2.958991e+00 -9.428741e+00
2.860247e+00 2.154229e+00 -8.712386e+00 -9.461029e+00
9.500063e+00 7.372526e-01 -1.587566e+00 -3.851411e+00
8.777187e+00 1.059020e-01 -5.690407e+00 -5.975029e+00
7.825016e+00 3.784469e+00 -6.385375e+00 -6.679800e+00
8.439356e+00 -9.268706e-02 -2.134959e+00 -8.010786e+00
1.225327e+01 -1.616985e+00 8.881317e-01 -6.034310e+00
8.116970e+00 -1.406102e-02 -3.723563e+00 -1.203353e+01
4.033985e+00 -5.783011e+00 -1.054149e+00 -4.471015e+00
9.774255e+00 -6.141608e+00 1.584760e+00 -5.815577e+00
9.022208e+00 6.119834e+00 -5.665692e+00 -5.170627e+00
5.703961e+00 5.524800e+00 -2.260970e+00 -4.774928e+00
1.555232e+00 -4.675055e+00 -4.153413e+00 -3.615687e+00
4.903126e+00 -9.666047e-01 -3.976265e+00 -9.896328e+00
3.952343e+00 8.004183e+00 -1.310573e-01 -8.867461e+00
2.642907e+00 6.375239e+00 -2.321263e+00 -5.006792e+00
1.223394e+01 5.476348e+00 -2.095044e+00 -1.353013e+01
6.830699e+00 5.225621e+00 -4.942690e+00 -1.098331e+01
8.173037e-01 -6.702544e-01 -6.564552e+00 -7.230341e+00
7.220912e+00 1.818002e+00 -7.803097e+00 -6.338617e+00
-8.147351e+00 -5.982022e+00 -5.446630e+00 -1.137719e+00
-2.086374e+00 -5.346385e+00 -2.031802e+00 -9.891472e-01
-5.193117e+00 6.866584e-01 3.345996e+00 -4.892359e+00
-3.747610e+00 1.872248e+00 3.273544e+00 -2.416241e+00
-2.355352e+00 2.382297e-01 3.573020e+00 -7.795672e-01
1.259036e+00 1.593732e+00 4.786117e+00 -5.881013e+00
-5.385127e+00 -4.195527e+00 -3.543724e+00 -3.780653e+00
-1.705084e+00 -2.167431e+00 -2.248611e+00 -1.319976e+00
-2.405017e+00 1.928533e-01 1.873645e+00 -1.640467e+00
-1.561872e+00 1.299640e+00 1.633437e+00 -8.013993e+00
-2.180906e-01 6.051128e+00 1.091299e+00 -1.792700e+00
-7.115233e+00 3.982251e+00 2.852736e+00 -2.346950e+00
-2.527189e+00 4.884053e-01 2.943565e-01 -2.443296e+00
-4.141019e+00 -4.241625e-01 3.085938e+00 1.117038e+00
-2.455892e+00 -2.049057e+00 1.844144e+00 -2.429610e+00
-4.406416e+00 -4.242033e+00 -1.934022e+00 -2.778834e+00
-3.235505e+00 2.922316e+00 6.154527e+00 -1.718987e+00
-1.427456e+00 8.604283e+00 6.437920e+00 -6.403281e+00
-7.212947e-01 2.856609e+00 1.658440e+00 -3.588945e+00
1.893183e+00 8.885141e-01 -4.741715e+00 -7.183419e+00
1.503621e+00 2.106112e+00 7.510096e+00 2.360015e-01
4.953432e+00 2.083868e+00 6.039464e+00 3.431825e-01
-8.819854e-01 -2.640108e+00 4.538594e+00 -2.267812e-01
5.538750e-01 1.652157e+00 7.044968e+00 -1.056732e+00
2.848171e+00 3.040863e+00 4.186363e+00 -5.046164e+00
-3.319617e-04 2.474045e+00 -2.160756e+00 -9.869144e+00
-1.240127e+00 7.904409e-01 2.017776e-02 -2.988129e+00
-6.343509e-01 2.931844e+00 -1.299248e-01 -4.918790e+00
-1.441990e+01 -4.137254e+00 1.072813e+00 -3.969987e+00
-9.095821e-01 -2.344762e+00 -2.539681e+00 -4.513472e+00
-2.177309e+00 2.014434e+00 4.308467e-01 -2.111914e+00
-7.528893e+00 -1.970544e+00 -1.550878e+00 -3.471725e+00
6.710552e-01 4.182623e+00 1.008485e+00 -5.296406e+00
-1.878429e+00 1.962669e+00 -5.839330e+00 -3.375582e+00
-2.647736e+00 1.611274e+00 -7.250034e+00 -4.933107e+00
-3.423240e+00 -4.392478e-01 -7.966267e+00 -8.083853e+00
-1.216195e+00 5.120975e+00 7.241317e+00 -7.898205e+00
1.638601e+00 3.374423e+00 8.121481e+00 9.027059e-01
1.090991e-02 2.520836e+00 7.125322e+00 -2.337451e+00
-1.797479e+00 5.345487e+00 3.473925e+00 -4.038086e+00
-7.293450e-01 -1.767152e-01 4.146487e+00 -1.630478e+00
-4.965419e+00 -2.799539e+00 3.921099e-01 -5.175544e-01
-6.462385e+00 1.659001e+00 -6.018808e+00 -8.686665e+00
-3.807094e+00 -1.315682e+00 -7.734786e+00 -6.000928e+00
4.041096e+00 -6.215682e-01 1.166615e+00 -7.608482e+00
4.177325e+00 -7.948846e-01 5.496403e+00 -1.284674e+00
-2.922288e+00 -4.393838e+00 -1.054341e+00 -6.798848e+00
-2.592660e+00 -3.591536e+00 -2.115611e+00 -2.045573e+00
-1.224509e+00 2.103534e-02 4.007288e+00 -1.272650e+00
5.137031e-01 -1.350586e+00 1.481977e+00 -7.333534e-01
-2.473658e+00 2.758599e+00 3.356809e+00 -3.843718e+00
-4.248768e+00 -6.283411e-01 1.076085e+00 -3.767275e+00
-4.160491e+00 2.276700e+00 2.324116e+00 -6.974242e+00
-2.862876e+00 3.026619e-01 1.347407e-01 -2.344616e+00
-2.983027e+00 -1.846995e+00 -1.367386e+00 -6.321119e+00
-4.223560e+00 -3.357437e+00 -4.291744e+00 -8.709954e+00
-2.122182e+00 2.469083e+00 5.674327e+00 -4.167634e+00
-8.175077e+00 1.777612e+00 7.173156e+00 -1.875442e+00
2.113079e+00 2.341876e+00 -1.146354e+00 -6.829632e+00
3.119331e-01 4.950632e+00 4.838977e+00 -5.527356e+00
1.174564e+00 2.597137e+00 3.690056e+00 -4.324327e+00
3.704618e+00 4.735356e+00 -6.735673e-01 -3.719875e+00
3.960276e+00 3.803404e+00 1.543242e+00 -2.638594e+00
5.796159e+00 4.917898e+00 3.777259e+00 -3.122863e+00
1.653865e+00 -5.409578e+00 6.109175e+00 -1.827696e+00
-1.847200e+00 -5.714023e+00 6.055610e+00 -6.027113e+00
3.799448e+00 6.522130e+00 6.215763e+00 6.021500e+00
5.096870e+00 6.555521e+00 -1.311458e-01 -2.008359e+00
-1.955944e+00 -3.417928e+00 1.922740e+00 1.234563e+00
-2.193043e+00 8.306457e-02 4.200244e+00 -5.151150e+00
-2.443850e+00 7.854027e+00 2.515850e+00 -2.866931e+00
-2.509860e+00 5.279238e+00 7.103018e+00 -3.705530e+00
1.326460e+00 5.534645e-01 4.781904e+00 1.988158e-01
3.283541e+00 3.238592e+00 6.023929e+00 -1.057546e-01
-5.405146e+00 3.266664e+00 3.495258e+00 4.070009e+00
-1.984489e+00 2.447147e+00 5.163307e+00 -8.631603e-01
1.312263e+00 7.516642e-01 9.658618e-03 -5.755663e+00
-1.835953e+00 3.878110e+00 7.762742e-01 -7.328979e+00
1.029803e+00 5.581970e+00 1.047121e+01 8.618867e-02
-1.687725e+00 8.000864e+00 8.629398e+00 1.092681e+00
6.559582e+00 5.652633e+00 3.323862e+00 -1.745720e-01
9.549767e-01 4.507667e+00 4.545291e+00 -6.902221e-01
9.077153e-01 7.984239e+00 2.380111e+00 2.812391e+00
3.281233e+00 1.323198e+01 5.855837e+00 -4.837100e+00
4.980651e-01 7.751651e-01 5.407670e+00 1.299623e+00
-2.922256e+00 -2.241420e+00 -3.876559e+00 -7.568565e+00
1.524388e+00 -2.643690e+00 7.904328e+00 -2.535698e+00
-3.098580e+00 -3.519584e+00 1.188292e+01 -3.441520e+00
-3.660563e+00 -2.582881e+00 -5.516111e-01 -4.571401e+00
-7.076588e-01 -1.389560e+00 5.054144e+00 -2.617169e+00
-2.639240e-01 2.949232e+00 2.736894e+00 -3.985618e+00
2.901672e-01 3.530722e+00 4.614359e+00 -4.889239e-01
3.441075e+00 4.349933e-01 -5.289562e-02 -3.583113e+00
6.862331e+00 2.539470e+00 -4.118771e-01 -3.580998e+00
1.911475e-01 -2.958598e+00 5.964506e+00 -8.381546e-01
2.623654e+00 -7.848599e-01 5.865754e+00 -2.162129e+00
3.517039e-01 -2.065672e+00 3.901986e+00 -2.104320e+00
1.704982e+00 1.021636e-01 4.727944e+00 -2.795397e+00
2.961995e+00 7.959054e+00 7.896502e+00 5.610928e+00
1.132274e+00 2.256434e+00 6.604294e+00 1.465654e+00
2.419521e+00 1.131854e+01 1.442301e+00 -3.801810e+00
4.121472e+00 9.673283e+00 -4.776640e-02 -3.434302e+00
2.451035e+00 7.283102e+00 -7.613570e-01 -3.959010e+00
4.686874e+00 5.824666e+00 -1.456037e+00 -9.191570e+00
7.745397e+00 9.907188e+00 -2.009566e-01 -5.446782e+00
8.642633e+00 8.867422e+00 -1.377048e+00 -2.685333e+00
6.957940e+00 4.018754e+00 4.943952e+00 -7.378493e+00
3.165375e+00 3.453996e+00 4.638574e+00 -7.388302e+00
3.940158e+00 4.562532e+00 4.445049e+00 -2.466933e+00
5.598493e-01 2.928296e+00 6.253657e+00 -4.571639e+00
-2.735551e+00 3.008313e+00 -4.865368e+00 -1.899240e+00
-1.325732e+00 1.207076e+00 -2.149470e+00 3.349814e+00
4.814586e+00 1.013486e+01 3.726299e-01 -5.307559e+00
5.051485e+00 1.020430e+01 1.977181e+00 -1.413309e+00
2.672336e+00 3.062511e+00 5.476086e+00 -4.330326e+00
1.597459e+00 6.431531e+00 4.578924e+00 -2.061054e+00
1.812796e+00 1.311509e+01 4.468968e+00 -8.458186e-02
7.467521e+00 1.159689e+01 7.161186e+00 6.157003e-01
1.206074e-01 -1.399896e+00 7.275494e+00 -1.916413e+00
-1.072736e+00 -1.211568e+00 4.146677e+00 1.212135e-01
-5.326344e+00 -1.612861e+00 5.204041e+00 -1.078107e+00
6.777892e-01 2.358707e-01 4.400500e+00 -3.654333e+00
2.409545e-01 6.489403e-01 1.462957e+00 -3.024151e+00
-9.547330e+00 -6.712431e-01 6.183602e+00 -2.020847e+00
-4.672993e+00 -4.226096e+00 8.640814e-01 -3.816404e+00
6.007441e-01 2.299102e+00 4.669479e-01 -4.947273e+00
-5.812620e-01 -1.979190e+00 -2.364405e-01 -5.575539e+00
1.455727e-01 -3.705179e-01 6.393822e-01 -6.546821e+00
-9.503793e+00 -3.407193e-01 -1.590339e+00 -4.709016e+00
3.674402e+00 7.394733e+00 3.026539e+00 -9.928231e-01
-4.382059e+00 1.410332e+00 5.857631e+00 -2.261508e+00
-9.304794e+00 -3.054482e+00 -3.413560e+00 -1.283895e+01
-1.490997e+00 4.981238e+00 -8.126116e-01 -6.426545e+00
-1.818821e+00 -3.356006e+00 -3.627152e+00 -3.593572e+00
4.022816e-01 2.610006e+00 6.396295e+00 2.045368e-01
-1.799818e-01 7.597677e-02 2.649642e+00 -1.463224e+00
4.314600e+00 -6.792561e-01 2.236270e+00 -1.406415e+00
-2.650550e+00 -2.427474e+00 -3.055578e+00 -3.510030e+00
-5.422175e+00 1.944472e+00 9.806274e-01 -2.871904e+00
1.236052e+00 7.077433e+00 3.656983e+00 -2.445616e+00
-1.511869e+00 1.156214e+00 8.644611e-01 -5.870575e+00
-2.124795e+00 2.294268e+00 3.595611e+00 -5.760548e-01
-7.942125e-01 -1.279310e+00 -1.023369e-01 -9.083968e+00
-4.448822e+00 -1.428481e+00 1.110129e+00 -4.723459e+00
-9.815909e-01 -7.176055e+00 2.826825e+00 -1.865558e+00
-1.478172e+00 2.773257e+00 7.761570e+00 -7.151105e+00
-2.074941e+00 -8.716683e-01 5.609559e+00 -2.719296e+00
-2.830345e+00 1.385593e+00 3.549321e+00 -5.001640e+00
-1.267675e+00 7.625780e-01 8.296657e-01 -4.357136e+00
1.538125e+00 7.728414e-01 9.757129e+00 2.045327e+00
9.017247e-02 -1.979775e+00 -1.190728e+01 -6.763911e+00
-1.454599e+00 1.747138e+00 7.149184e+00 -1.589627e+00
-2.374720e+00 1.408672e+00 8.552338e+00 -1.864907e+00
8.466060e-01 8.625567e+00 8.003277e-01 -5.628155e+00
-1.892749e-01 2.487602e+00 9.822743e+00 -9.615510e+00
3.160333e+00 5.418506e+00 5.063574e-01 -2.385727e+00
1.239118e+00 5.047857e+00 2.417138e+00 -2.859079e+00
-2.733503e+00 1.109348e+01 4.038780e+00 -1.498067e+00
3.337511e+00 8.341729e+00 7.296602e-01 -9.195177e+00
3.367098e-01 -1.692796e+00 8.028487e+00 -3.609096e+00
6.937192e+00 6.886086e+00 3.310696e+00 -4.738144e+00
1.026325e+01 1.052731e+01 5.229347e-01 -1.768407e+00
3.035373e+00 -1.408746e+00 -3.511645e+00 -2.647366e+00
1.594609e+00 2.138153e+00 8.722885e+00 2.436607e+00
6.636741e+00 7.168282e+00 -2.855212e+00 -2.795079e+00
2.678702e+00 -6.226024e-01 2.444986e+00 -3.234998e+00
3.143312e+00 2.458648e+00 -5.289527e+00 -6.125476e+00
6.977664e+00 9.889644e+00 -1.421189e+00 -9.623310e+00
-5.214937e-01 5.918929e+00 1.622921e+00 2.380591e+00
2.965330e+00 2.506645e+00 6.355829e+00 2.245992e+00
5.988802e+00 2.124057e+00 2.503053e+00 -3.780327e+00
3.211259e-01 1.642895e+00 2.201215e+00 -3.090679e+00
4.527087e+00 -3.932199e-01 -6.104309e-01 -7.332216e+00
5.655935e+00 9.889581e+00 -2.171177e-01 -5.891315e+00
1.915435e-01 1.309333e+01 -1.146536e+00 -3.875320e+00
2.029760e+00 1.200302e+01 1.469819e+00 -4.405274e+00
1.186710e+00 -1.440457e+00 3.348952e+00 -1.356465e+00
-4.127655e+00 3.878164e+00 2.972070e-01 -2.278745e+00
6.008160e+00 2.887811e+00 4.995445e-01 -5.500334e+00
3.013207e+00 5.646605e+00 4.047764e+00 -3.280887e+00
-4.619906e+00 -2.101198e+00 4.796493e+00 -2.614982e+00
-5.399221e-01 -1.913767e-01 -5.710572e-01 -5.053489e+00
-2.528531e+00 2.028348e+00 -1.226191e+00 -2.449120e-01
-4.845174e+00 -1.887526e+00 4.597646e-01 -1.419353e+00
-6.102546e+00 -4.246955e+00 2.626488e+00 -5.288942e+00
2.116936e+00 3.869236e+00 4.162058e+00 -1.763168e+00
-7.543964e-01 3.080876e-01 -1.174836e+00 -4.638251e+00
-2.103510e+00 5.770975e-01 3.864275e+00 -5.331601e+00
-3.617725e+00 1.311901e+00 3.605976e+00 -4.418655e+00
8.661753e+00 5.126106e+00 4.082679e+00 -3.009780e+00
-4.975811e+00 -1.193873e+00 2.741421e+00 -3.411842e+00
-1.832498e+00 2.375680e+00 -2.117252e+00 -4.624159e+00
4.676487e-01 3.838475e+00 2.823697e+00 -5.505344e+00
-1.438473e+00 -2.097079e+00 6.222633e-01 -4.810667e+00
-3.555544e+00 3.473748e-01 4.785852e+00 -1.560337e+00
-6.187382e+00 -4.616212e+00 2.110435e+00 -8.800136e+00
-2.496513e+00 -2.807232e+00 5.851970e+00 -5.186141e+00
-1.066411e+00 5.003051e-01 -3.813906e+00 -2.086569e+00
-4.808332e+00 3.480060e-01 2.661413e+00 -7.344149e-01
8.441888e+00 4.750993e+00 -3.004362e+00 -1.227791e+00
9.162351e-01 2.478484e-01 1.018631e+00 7.024887e-01
-2.526003e+00 -2.219837e+00 -4.616662e-01 1.263393e-01
1.351478e+00 3.026033e+00 5.305699e+00 -3.049953e+00
2.415029e+00 -3.357759e+00 1.672966e+00 -4.344900e+00
3.827655e+00 -2.119708e+00 -6.552148e-01 -1.902105e+00
-1.246295e+00 9.187998e-02 2.439402e+00 -7.046749e+00
1.362241e+00 -3.880103e+00 4.552950e+00 -5.852979e+00
-1.253407e+00 2.304100e+00 5.172009e+00 -8.650205e+00
1.064471e+00 9.414632e-01 2.701779e+00 -2.674198e+00
-2.099515e+00 4.714435e+00 9.805393e+00 8.902036e-01
-9.250194e-01 -3.658504e-01 -4.297770e+00 -4.875662e+00
-3.333438e+00 5.059302e+00 5.991134e+00 4.093850e+00
-2.971357e+00 5.430929e-01 1.083798e+01 4.305955e+00
6.161184e+00 6.144020e+00 -2.099088e-01 -2.593686e+00
-2.611306e+00 2.154720e+00 4.915382e-01 -5.617507e+00
5.096080e+00 7.512091e+00 -1.321274e+00 -4.884995e+00
1.757052e+00 8.613671e+00 5.719391e-01 -3.368245e+00
3.065970e+00 6.036125e+00 7.231679e+00 -6.445161e+00
5.361311e+00 1.447311e+01 -3.271220e+00 -4.353303e+00
-1.957593e+00 9.331137e-02 1.049578e+01 -2.902901e+00
2.768994e+00 8.926393e+00 4.005488e+00 -3.076824e+00
4.897573e+00 3.813753e+00 3.697430e-01 -3.987104e+00
2.577302e+00 5.441924e+00 -3.003746e+00 -4.648615e+00
5.869851e+00 4.776942e+00 1.097166e+01 1.058711e+00
5.173646e+00 2.616815e+00 1.105672e+00 1.354793e+00
1.378068e+00 -2.815811e+00 3.243322e+00 -6.825591e-01
2.664096e+00 2.639110e+00 8.316542e+00 -5.816923e+00
8.981759e+00 6.428051e+00 -5.193774e+00 -8.604946e+00
1.369681e-01 3.600172e+00 1.410019e+00 -1.276304e+00
4.133756e+00 6.728750e+00 2.328753e+00 -6.480362e-01
5.608847e+00 -1.909297e-01 2.771927e+00 -6.081883e+00
4.243376e+00 2.197782e+00 6.740447e+00 -4.548102e+00
6.788084e+00 2.902086e+00 1.105282e+00 -1.201238e-01
1.010281e+01 1.006218e+01 -2.292453e+00 -7.603638e+00
2.372339e+00 1.496765e+01 6.248076e-01 -6.325415e+00
2.427411e+00 1.096399e+01 -2.404308e+00 -2.414365e+00
-1.683771e+00 -1.457635e-01 2.448760e+00 3.667695e+00
1.745301e+00 1.123082e+00 1.054372e+00 -8.580850e+00
3.267162e-01 5.163284e+00 -2.219768e+00 2.940168e+00
1.351298e+00 4.667425e+00 4.350853e+00 -2.347810e+00
-5.157091e+00 -1.939549e+00 -2.828693e+00 -8.354826e+00
-8.366445e+00 1.362392e-01 -2.220570e-01 -9.386132e+00
4.743175e-01 2.540427e+00 5.366866e+00 -1.190692e+00
2.540118e+00 5.357813e-01 2.378590e+00 -3.398142e+00
8.446306e-01 -1.843258e-01 3.745855e+00 -1.868850e+00
-3.352226e-01 -1.003314e+00 5.076799e+00 -9.222195e-01
2.982997e+00 4.801476e+00 6.033494e+00 -1.139084e+01
4.518973e+00 2.472861e+00 3.972675e+00 -8.903260e+00
-5.505512e+00 -4.057840e+00 -2.293320e+00 -8.561537e+00
-1.185007e+00 2.793432e+00 3.030346e+00 -3.473612e+00
1.001286e+00 2.225386e-01 5.619582e-01 -8.871042e+00
-3.829300e+00 -3.554099e+00 -3.755845e+00 -4.592017e+00
-2.830939e+00 -5.298553e-01 3.843449e+00 -8.360577e+00
-3.516081e+00 -2.483064e+00 -4.815563e+00 -7.490011e+00
-3.981253e+00 1.218101e+00 1.163784e+00 -4.900198e+00
-3.645480e+00 -1.718050e+00 -2.815169e+00 -1.277016e+00
5.237800e-01 1.812402e-01 2.540869e+00 -2.504626e+00
1.286832e+00 -4.304321e+00 -2.080735e+00 -6.518961e+00
-6.239712e+00 -4.507171e-01 6.289916e+00 1.529780e+00
-5.565430e+00 6.795014e+00 4.438357e+00 -4.860738e+00
-2.455163e-01 3.803310e+00 7.660912e+00 -6.107912e+00
-4.428042e+00 1.469300e+00 7.991261e+00 -5.360030e+00
4.291579e+00 3.859868e+00 4.994148e+00 -2.484241e+00
-3.581757e+00 -9.142377e-01 4.815368e+00 -1.104423e+00
-8.708293e-01 2.563004e-01 -8.644205e-01 -2.124321e+00
-1.158156e+00 6.622839e+00 -1.487493e+00 1.539376e-02
-4.412259e+00 -1.568499e+00 2.576009e-01 -7.863379e-01
-6.516834e+00 -3.486277e+00 5.415907e-01 3.694447e+00
4.052643e-01 3.616768e-01 3.662595e+00 -3.036324e+00
2.974124e-01 -2.675623e-01 1.160763e+00 -6.010773e+00
4.090890e+00 -4.100085e-01 -6.183250e-01 -7.096311e+00
3.404544e+00 3.918289e+00 2.024613e+00 -2.171723e+00
6.611122e+00 4.723087e+00 4.505626e+00 -5.298578e+00
7.697565e+00 1.904019e+00 2.964396e+00 -6.730079e-01
-2.668515e+00 -4.350912e+00 4.524387e+00 -2.567342e+00
4.439025e+00 -1.990053e+00 1.173194e+00 -1.055820e+00
4.948739e+00 -1.742872e-01 4.047692e+00 -3.909540e+00
2.991224e+00 -2.120706e-01 2.707998e-01 -1.042176e+00
2.246608e+00 8.159309e+00 -5.804063e-01 -3.432832e+00
3.526618e+00 1.962767e+00 -1.506439e+00 -6.114711e+00
-5.621695e+00 9.277157e+00 -6.354131e+00 -2.786057e+00
-2.368188e+00 1.611256e+01 -7.865691e+00 -2.648270e+00
4.591898e+00 1.808795e+00 3.157087e+00 -1.145184e+00
3.933416e+00 -3.121624e+00 6.437737e+00 -2.270952e+00
3.615306e+00 4.349367e+00 -9.879696e-01 -9.301909e+00
2.779900e+00 3.008093e+00 1.350075e+00 -5.380729e+00
7.495752e+00 6.069407e-01 1.795739e+00 -6.328179e+00
4.807766e+00 9.116306e-01 4.917702e-01 -5.721686e+00
-2.155139e+00 1.538833e+00 5.024479e+00 -7.647194e+00
-7.591645e-01 -7.768785e-01 4.365044e+00 -5.163406e+00
8.764367e+00 -2.722409e-01 1.757788e+00 -1.734086e+00
-6.241769e-01 1.899029e+00 3.644936e+00 -5.388842e+00
-2.111305e+00 -3.850739e+00 4.899858e+00 -1.927905e+00
-1.690332e+00 -3.709032e+00 3.266322e+00 -4.143414e+00
1.772370e+00 1.113270e+01 6.790096e+00 -3.733553e+00
7.490749e-01 1.223676e+01 2.696233e+00 -5.961763e+00
5.553743e+00 5.762166e+00 6.169865e+00 -1.823548e+00
2.466617e+00 7.155454e+00 1.539605e+00 1.355634e+00
3.405530e+00 1.322251e+00 6.013469e+00 -2.433169e+00
2.024059e+00 -1.652722e+00 -1.387742e+00 -2.205012e+00
-1.057311e+01 -1.341231e+00 2.320722e+00 -7.903963e+00
-3.370265e+00 -4.292771e+00 1.452039e+00 -2.424453e+00
-1.076102e+01 -3.562585e-01 4.164752e+00 1.999317e+00
-2.921441e+00 2.713317e+00 5.469916e+00 -4.782010e+00
-3.698477e+00 2.178856e-01 5.865519e+00 8.262323e-01
-2.013290e+00 -4.374336e+00 5.821199e+00 -2.205604e+00
-6.016785e+00 -2.323234e+00 2.252262e-01 -1.343134e+00
-5.346524e+00 -3.971295e+00 -8.272714e-01 5.245434e+00
-3.405418e+00 -5.600885e+00 6.675659e+00 3.498361e+00
-1.489247e+00 -6.194628e-01 4.403827e-01 -3.965206e+00
-4.646883e+00 3.730582e+00 1.098062e+00 -3.582351e+00
-5.973182e+00 8.698348e-01 3.935327e+00 8.836506e-03
-5.266638e+00 -4.588947e+00 3.447617e+00 -3.141258e+00
-6.859791e+00 -6.968819e+00 5.289552e+00 9.467774e-01
-2.750441e+00 -2.746834e+00 3.922656e+00 -2.513293e+00
-1.196382e+00 -6.684090e+00 5.725174e-01 6.679110e-02
-9.622134e+00 9.879430e-01 7.151502e+00 -8.828913e-01
-6.599844e+00 2.622661e+00 9.200937e+00 4.183997e+00
-4.402652e-01 6.169700e-01 -4.864735e+00 -9.387307e+00
-3.073533e+00 -2.169352e+00 -1.021250e+00 -6.615441e+00
-1.613501e+00 -3.542884e-03 1.110778e+01 -5.223070e+00
-6.820271e+00 -3.001883e+00 6.064653e+00 -8.333221e-01
3.137958e+00 -2.086653e+00 2.816129e+00 -2.568708e+00
-2.832908e+00 -1.830728e+00 7.170988e+00 -4.389476e+00
1.119730e-01 -3.941222e+00 8.718264e-01 -9.136142e+00
-2.262257e+00 -3.188488e+00 7.090975e+00 -7.619563e+00
-6.700978e+00 3.390672e+00 -2.162949e+00 3.276193e+00
-9.132361e+00 -8.279418e-01 2.011392e+00 2.682188e+00
-1.146862e+01 -4.249460e+00 -2.762946e+00 -1.602187e+00
-4.751283e+00 -8.867940e-01 -4.869386e-02 -2.063736e-01
-4.410578e+00 -3.622282e+00 5.567040e+00 2.744316e+00
-7.338885e+00 -4.120396e+00 6.197648e+00 -5.071147e+00
-5.031187e+00 -1.770498e+00 2.039305e+00 3.169520e+00
-4.537488e+00 -5.082333e+00 1.730720e-01 -6.572609e+00
3.220495e+00 1.832749e-01 -1.924759e+00 -7.481047e+00
5.561896e-01 -1.021720e+00 5.299149e+00 -1.950656e+00
-4.199028e+00 -1.561875e-01 1.368067e+01 -3.264673e+00
-2.542437e+00 2.790025e-01 1.292909e+01 -2.908526e+00
-4.640889e+00 6.232962e-01 6.725855e+00 -4.449990e+00
-1.332942e+00 -1.791646e+00 8.214591e+00 -6.309506e+00
-1.624885e+01 -4.960492e+00 2.239452e+00 3.833609e+00
-1.101712e+01 -6.368716e-01 1.839321e+00 -6.762267e-01
-5.920926e+00 3.855299e+00 9.879169e-01 8.623285e+00
-5.036604e+00 3.008700e+00 -1.883826e+00 -1.821454e+00
-4.516072e+00 -6.934696e+00 8.775049e+00 -1.560063e+00
-6.303954e+00 -3.600372e+00 9.665870e+00 -1.511582e+00
-4.066823e+00 -7.824704e-02 5.575041e-01 2.756489e+00
-4.651237e+00 -3.103090e+00 -5.439027e-02 -4.903236e+00
-2.316517e+00 -1.169691e+00 1.931099e+00 -1.426226e+00
3.458636e-01 7.346064e-01 3.285202e+00 -1.687141e+00
-6.127160e+00 5.689504e-01 6.156979e+00 5.797659e-01
-5.785119e+00 -4.837769e+00 3.447366e+00 -2.606207e+00
-7.984221e+00 4.114267e+00 5.417141e+00 2.273529e+00
-1.290887e+01 1.632252e+00 6.814172e+00 -2.099160e+00
-5.025824e+00 6.551474e-01 1.512477e+00 1.688155e+00
-7.435194e+00 -1.995270e+00 7.650645e+00 -4.324364e+00
-6.629060e+00 -3.903302e+00 7.290836e+00 -4.122207e+00
-9.604798e+00 5.968452e-01 6.786049e+00 1.944076e-01
-2.119399e+00 9.408798e-01 5.939995e+00 -6.140329e+00
-3.093069e+00 1.804707e+00 3.251964e+00 1.197689e+00
2.423363e+00 4.370884e+00 5.194920e+00 -4.009851e+00
4.145908e-01 1.188531e-01 3.386373e+00 -3.317487e+00
-5.547555e+00 2.869371e+00 5.966713e+00 3.954390e-01
-7.322641e+00 -8.140450e-01 3.571235e+00 3.768415e+00
1.195133e+00 -3.264201e+00 3.958619e+00 -4.910052e+00
-3.341081e+00 -3.966152e+00 7.884141e+00 1.400275e+00
2.198565e+00 4.072533e+00 1.476068e+00 -1.789457e+00
-3.990397e+00 5.161426e-01 6.116604e+00 1.217737e+00
-3.647980e+00 -2.659280e+00 7.848419e+00 -3.823626e+00
-4.943291e+00 -7.807119e+00 7.943130e+00 -5.294997e+00
-8.872912e+00 -8.074280e-01 3.800560e+00 -6.266715e+00
-3.553828e+00 -2.219862e+00 7.066519e+00 5.486969e-01
3.127283e+00 -3.183887e+00 7.450480e+00 2.295322e+00
-2.823599e+00 -2.755481e+00 1.381053e+00 7.113876e-01
-7.359714e+00 -1.934106e+00 5.455729e+00 5.738386e+00
-4.427176e+00 -2.372499e+00 6.555349e+00 1.985518e+00
-1.049126e+00 -8.571235e-01 2.396357e+00 -1.791075e+00
-3.963400e+00 -3.091732e+00 -1.581469e+00 -7.180313e+00
-3.973528e-01 1.476203e+00 1.088164e+01 -1.322632e+00
1.076825e+00 -3.398446e+00 1.043048e+01 4.373440e+00
-1.589413e+00 3.620352e+00 1.637372e+00 -2.113005e+00
-8.605395e-01 3.632651e+00 1.002543e+00 -3.291790e+00
-5.189134e+00 -2.720896e+00 5.817241e+00 -1.985543e+00
-2.381136e+00 2.369288e+00 2.323727e+00 -2.709538e+00
-4.230884e+00 -2.052179e+00 1.969316e+00 2.158153e+00
-8.082478e+00 -3.877212e+00 -9.064500e-02 -1.834733e+00
-4.028795e+00 -5.500857e+00 6.329255e+00 -2.108362e+00
-8.391570e+00 -6.950953e+00 1.233560e+01 -2.271652e+00
-9.736170e+00 -4.434667e+00 1.325616e+00 -2.178136e+00
-7.342732e+00 -1.571066e+00 1.845074e+00 1.488279e+00
-9.875827e+00 -3.485646e+00 6.499254e+00 6.895901e-01
-5.941807e+00 -3.939054e+00 5.379080e+00 3.046247e-02
-1.200264e+00 -3.941405e+00 4.916796e+00 3.235159e+00
5.663126e-01 -1.674578e+00 2.247899e+00 -4.476954e+00
-3.024197e-01 -4.964582e+00 3.209730e+00 -3.030217e+00
-1.191301e+00 -2.241899e+00 5.565889e+00 -5.487762e+00
-8.959306e+00 -5.812939e+00 3.275678e+00 2.008629e+00
-5.984106e+00 -2.378867e-01 1.982797e+00 -3.429971e+00
-3.864846e+00 -7.680134e+00 9.174313e+00 3.361173e+00
-3.261338e+00 -9.243796e+00 9.609596e+00 4.354002e+00
-5.702726e-02 5.730414e+00 8.057681e-01 -2.791406e+00
-4.084010e+00 2.891242e+00 1.946185e+00 5.465461e+00
5.952784e-01 1.999207e+00 5.433042e+00 2.315158e+00
-5.511652e+00 1.905636e+00 4.280524e+00 2.834954e+00
-4.416292e+00 5.136073e-02 2.973672e+00 -2.886039e+00
-2.063321e+00 -7.569220e-01 3.122219e-01 -3.478285e+00
-4.138844e+00 9.698473e-01 5.320502e+00 -9.028316e+00
-2.199542e+00 -7.943994e-01 6.481079e+00 -4.039685e+00
2.032287e+00 4.924534e-01 2.798454e+00 -1.513509e+00
-7.491314e+00 -1.695031e+00 4.275230e+00 -5.811730e+00
-6.765133e+00 -5.980973e+00 -5.946052e-02 1.250293e+00
-2.759681e+00 -5.707717e+00 4.116206e-01 -4.335131e-01
-1.020905e+00 3.177250e+00 3.119100e+00 -2.314068e+00
2.150568e+00 5.594460e+00 5.181871e+00 -8.048657e+00
2.487245e+00 4.632530e+00 -3.259449e+00 -3.619123e+00
-3.596364e+00 2.462972e+00 4.337129e+00 -3.804387e+00
3.305570e+00 3.387068e+00 3.114039e+00 2.665390e+00
-5.599474e-01 5.954941e+00 5.690050e+00 3.444655e-03
5.038217e+00 7.617672e-01 2.619859e+00 -1.703495e+00
-4.572229e+00 1.565161e+00 4.467585e+00 1.327296e-01
-4.421052e+00 -2.392371e+00 3.516050e+00 -3.498455e+00
-4.320468e+00 -9.991404e-01 4.741332e+00 -2.061817e+00
-7.160034e+00 1.242888e-02 6.863625e+00 -1.016045e+00
-1.286501e+01 -4.708168e+00 6.049971e+00 -3.078435e+00
-4.228817e+00 -1.314687e+00 -4.794551e+00 -5.232364e-02
-2.535331e+00 4.809252e+00 -2.683166e+00 -6.578817e+00
-9.037422e+00 -3.688479e+00 1.807264e+00 -7.495799e+00
-3.529182e-01 -2.230863e+00 4.042185e+00 8.446236e-01
-8.605924e+00 1.579679e+00 3.752424e+00 1.114638e+00
-3.158837e+00 -2.541745e+00 5.947522e+00 -2.065945e+00
-6.625801e+00 1.698607e+00 5.071950e+00 -7.041380e+00
-2.143730e+00 -8.692789e-01 -3.297421e+00 -8.934499e-01
-2.077598e+00 4.317947e-01 -1.061088e+00 -9.271793e+00
-2.085728e+00 -1.478375e+00 6.859681e+00 2.193390e+00
-7.031182e+00 1.409675e+00 8.824588e+00 -4.162410e-01
-1.165936e+00 7.977852e-01 4.128610e+00 -1.123584e+00
-9.077423e-01 9.538456e-01 1.663843e+00 -1.305706e+00
-4.018579e+00 6.045950e-01 4.842981e+00 -1.039316e+00
-1.044827e+01 -2.562364e+00 7.893922e+00 3.207989e+00
3.818468e+00 -2.401844e-02 5.435459e+00 -2.788979e+00
-1.549768e+00 -1.896920e+00 4.311008e+00 -1.057713e+00
-3.408364e+00 -1.243326e+00 2.098008e+00 7.654297e-01
-5.282253e+00 6.817445e-01 6.200227e+00 -2.506422e+00
-4.007595e+00 -3.491598e+00 8.255168e+00 -5.193929e+00
-2.596102e+00 -5.134345e+00 2.668524e-01 6.532250e+00
-6.590609e+00 -1.875665e+00 7.610545e+00 -6.093902e+00
-3.002882e+00 -4.498709e+00 7.600550e+00 -2.430526e+00
-4.494092e+00 -1.152915e+00 4.487263e+00 -4.980168e+00
-7.692237e+00 -2.321853e+00 4.945591e+00 9.889144e-01
-3.904001e-01 -2.610482e+00 1.143262e+01 2.720479e+00
2.366134e-01 -9.570226e+00 -4.396803e+00 -7.542446e+00
-2.151895e+00 -8.625710e-01 4.040262e+00 1.410242e+00
-6.111893e+00 -5.908464e+00 5.789493e+00 1.240823e+00
-7.319436e+00 -4.462126e+00 8.236995e-01 5.828218e+00
-3.577588e+00 -3.587126e+00 4.165867e+00 -2.072728e+00
-3.414917e+00 -6.999011e+00 2.226201e+00 -1.260045e+00
-2.922477e-01 -4.219764e+00 1.604915e-02 -6.376674e+00
-6.686555e+00 -1.494189e+00 7.588365e+00 3.835199e+00
-3.272923e+00 -8.475465e-01 1.529909e+00 -1.101394e+00
-5.295389e+00 -6.040458e+00 1.051808e+01 -1.483822e+00
2.676657e+00 3.004389e+00 4.360329e+00 -3.856126e+00
-3.263546e+00 8.559471e-01 -9.539386e-01 4.466002e+00
-1.333758e+00 4.332854e+00 5.925376e-01 -2.105490e+00
-4.764658e+00 -5.122872e+00 1.195589e+01 3.534375e+00
2.250206e+00 -2.961751e+00 6.881666e+00 1.310655e+00
-8.511675e+00 -5.296349e+00 3.935744e-01 -5.750777e+00
-2.202588e+00 2.403256e-01 1.753094e+00 -1.231363e+00
-2.424069e-01 1.529974e+00 2.951801e+00 -1.070765e+00
-3.841683e+00 9.581349e-01 1.508260e+00 4.956535e+00
-3.222199e-01 -6.521503e+00 3.605417e+00 -5.385142e+00
-6.497088e+00 -7.918150e+00 -1.580172e+00 -4.245363e+00
-2.573770e-01 6.629952e-01 1.532373e+00 -7.492863e+00
-3.787705e+00 -3.329830e+00 7.045722e+00 3.099475e-01
5.892902e-01 2.143099e+00 3.593533e+00 3.013155e-01
-1.689833e+00 6.021161e+00 2.501822e+00 -2.999624e+00
-6.370956e+00 7.632413e+00 8.278344e+00 2.745345e+00
-2.486799e+00 -6.695976e+00 6.487874e+00 -5.801083e-01
2.609475e+00 6.283725e+00 1.778410e+00 -5.757206e+00
2.518649e+00 -4.047088e+00 1.706486e-01 -8.093993e+00
-5.860161e+00 -5.249551e-01 -4.196718e-01 2.865752e+00
-4.197281e+00 -1.426673e+00 5.828559e+00 -4.600637e+00
-9.392645e+00 -2.845758e+00 5.526917e+00 1.989178e+00
-7.894640e+00 -9.103932e-01 3.920139e+00 5.037024e+00
-1.074142e+01 -2.294669e+00 4.429854e+00 2.511212e+00
-4.985709e+00 -4.114389e+00 3.108869e+00 9.310349e-01
3.083823e+00 2.827444e+00 -1.542130e+00 -4.087764e-01
-7.193524e+00 -4.613478e+00 3.826797e+00 -5.427639e+00
-6.268386e+00 1.533530e+00 4.922691e-01 -4.593485e+00
-7.561208e+00 4.473306e+00 5.850884e+00 5.474643e+00
-2.851719e+00 -1.918956e+00 6.005027e+00 -2.601759e+00
-3.183372e+00 -8.709571e-01 5.476021e+00 -1.607737e+00
-8.762166e+00 -3.174951e+00 -1.165032e-01 -6.478878e+00
4.075323e-01 5.054059e+00 -1.769326e+00 -4.690917e+00
-9.239950e+00 -2.750708e+00 3.836473e+00 4.977582e-01
-5.789433e+00 1.231006e+00 8.638264e+00 2.374660e-01
5.960694e+00 3.220923e+00 -4.136220e+00 -7.179386e+00
-9.151472e-01 -3.141103e+00 1.519818e+00 -4.959136e+00
-1.339011e+00 -2.105998e+00 3.405660e+00 2.860572e-01
-1.166790e+01 1.149504e+00 7.923103e+00 1.253499e+00
-5.521813e+00 -7.121305e-01 2.838166e+00 -6.975815e+00
-2.379197e+00 -3.403340e+00 5.668674e+00 -7.569852e+00
-1.220501e+00 -1.512717e+00 3.439263e+00 8.998589e-01
-6.416763e-01 -5.838412e+00 3.536882e+00 -7.018020e+00
-5.438417e+00 -3.895748e+00 1.104868e+01 -1.982909e+00
-3.741999e+00 -5.880224e+00 5.327499e+00 5.394866e+00
2.887283e-01 -4.124052e+00 6.979952e+00 -4.918533e+00
-4.181650e+00 -6.699618e+00 6.882987e+00 -2.015805e+00
-7.996479e+00 1.742929e+00 3.120811e+00 -4.761981e+00
-2.942763e+00 -3.794346e+00 3.737695e+00 1.092487e+00
-2.618394e+00 -8.949400e-01 1.189523e+01 1.843865e+00
-5.992865e-01 -6.376358e+00 -1.543258e+00 -3.962573e+00
-1.909231e+00 -1.640486e-01 6.677986e+00 1.737014e+00
-7.555584e+00 -3.061230e+00 5.101527e+00 4.930392e+00
-1.625250e+00 5.748806e-01 -1.274466e+00 3.968316e+00
-6.439268e+00 -3.698732e-02 5.035108e+00 -4.115047e+00
-2.681860e+00 -2.667930e+00 3.615497e+00 -1.629649e-02
3.535334e+00 -2.306177e+00 -3.924476e+00 -4.497622e+00
-5.679748e+00 -1.473118e+00 1.040400e+01 1.957268e+00
-3.514326e+00 1.133090e+00 3.886801e-01 1.209027e-01
-1.582922e+00 -5.156762e+00 5.018131e+00 -4.660874e+00
-2.106458e+00 -5.340156e-02 4.306345e+00 -3.162475e+00
4.361086e-01 -1.493266e+00 2.543373e+00 4.166847e-01
-7.314971e+00 -1.671854e+00 3.180692e+00 -2.380846e+00
-3.406433e+00 -4.820011e+00 7.282771e+00 5.163567e+00
-2.689212e+00 -4.869975e+00 5.121606e+00 9.685643e-01
-5.432591e+00 -2.637776e+00 5.710469e+00 7.424028e-01
-1.080180e+00 1.173598e+00 7.868040e+00 -7.820963e-01
2.277585e+00 -3.108193e-01 -1.791407e+00 -6.025529e+00
-2.875611e+00 7.183212e-01 -5.864794e-01 1.381861e+00
1.358132e+00 -3.915840e+00 5.383719e+00 -4.625270e+00
-1.823731e+00 -5.388461e+00 -6.746398e-02 -1.299636e+00
-1.327723e+00 -4.712944e+00 -2.908626e-01 -6.497346e+00
-9.070991e-01 -6.324453e+00 2.954875e+00 -3.185613e+00
-1.828312e+00 3.921916e+00 4.691486e+00 2.448187e+00
-8.110324e+00 3.322149e+00 2.003126e+00 1.609475e+00
-2.305175e+00 8.584849e+00 -1.632176e+00 -3.447981e-01
-5.426442e+00 -6.059642e+00 5.254132e+00 5.816952e-01
-3.786623e+00 1.101729e+00 4.079166e+00 -6.219989e+00
-1.150989e+00 -9.207489e-01 1.227581e+00 -9.266413e+00
2.101950e+00 -2.902810e+00 4.797831e+00 5.316123e+00
-8.714093e+00 5.745124e+00 2.624150e+00 3.277803e+00
-7.392665e+00 -7.819289e-01 6.651342e+00 -8.697834e-01
-8.432753e+00 1.210302e+00 6.426948e+00 -2.081454e+00
-4.311455e+00 1.544544e+00 5.222098e+00 1.946614e+00
-6.616104e+00 -5.686751e+00 6.369518e+00 7.836545e-01
-6.561703e+00 -4.575619e+00 1.918869e+00 3.177451e+00
-2.253191e+00 7.427505e-01 4.197513e+00 -2.412606e+00
8.066895e-01 -2.630015e+00 5.605775e+00 -4.915043e+00
-7.142081e+00 -2.660394e+00 2.117673e+00 -7.955174e+00
-8.733033e+00 -3.467363e-01 -3.282613e+00 -1.233383e+01
-6.561551e+00 -3.437845e+00 4.138840e+00 2.720548e+00
-8.181699e+00 -7.785475e-01 4.347871e+00 2.104921e+00
-1.041927e+00 6.017757e-01 2.364377e+00 -8.633990e+00
-7.000809e+00 -9.664812e-01 -1.579647e+00 -5.998796e+00
-3.702147e+00 -4.521292e+00 -2.234163e+00 3.481122e+00
-4.701670e+00 -5.214238e+00 -2.716091e+00 7.459302e-01
-3.753588e+00 2.650456e+00 7.170756e+00 -4.965143e-01
-3.588793e+00 -7.293737e-01 1.750555e-01 -9.422659e-01
-6.326734e+00 -3.483823e+00 6.459939e+00 6.919132e-01
-1.742107e+00 -2.132641e+00 6.618905e+00 -3.158360e+00
-4.289411e+00 1.634670e+00 6.502868e+00 -3.462476e+00
-7.769427e+00 -1.611810e+00 3.638653e+00 2.895109e+00
-5.229553e+00 -4.831947e+00 1.329120e+00 -7.368818e+00
-9.664141e+00 -5.066737e+00 8.905063e+00 -1.850170e+00
-1.013570e+01 -2.868723e+00 2.063168e+00 6.074979e-01
-8.930510e+00 2.818947e+00 5.262318e+00 2.767983e+00
-9.079434e+00 -4.949241e+00 7.792654e-01 -2.423628e+00
-4.493554e+00 -2.210837e+00 -2.582481e+00 -1.475434e+00
-8.720713e+00 -4.558171e+00 8.952101e+00 -2.548166e+00
-6.838367e+00 -2.789291e+00 8.619939e+00 -3.634901e+00
-2.618330e+00 -4.623245e+00 2.390709e+00 5.193090e-01
-3.803264e+00 -2.010236e+00 3.094213e+00 -1.170341e+00
3.903991e+00 4.993615e-01 2.704299e+00 1.356021e-01
3.418956e+00 -1.538524e+00 1.286976e+00 -5.811720e+00
-2.313604e+00 -4.977123e+00 8.613244e+00 1.668994e+00
2.396822e+00 -6.082325e+00 5.644823e+00 4.088633e+00
-5.366556e+00 -7.557274e+00 -3.632167e+00 -9.247450e+00
-7.116360e+00 -3.894202e+00 -1.723574e+00 -1.002066e+01
6.224187e+00 1.975260e+00 9.408596e-01 -4.469199e-01
1.615378e+00 2.178784e+00 2.607342e-01 4.869221e-01
-7.424342e+00 3.417155e-01 1.806972e+00 -7.556840e-02
-8.867514e+00 -1.099640e+00 2.595716e+00 1.033481e-01
4.156762e-02 -7.270982e+00 4.444863e+00 1.583329e+00
-1.117370e+00 -5.252323e+00 3.241416e+00 -1.306054e+00
-7.503934e+00 1.001415e+00 3.486585e+00 -5.088979e-01
-4.451081e+00 -5.443704e+00 -9.133992e-01 2.704255e-01
-3.830679e-01 -2.584163e+00 9.480046e-01 -8.816548e+00
2.816297e+00 -2.928281e-01 1.622609e+00 -9.409334e+00
-3.466387e+00 -7.855806e-01 4.063917e-01 -3.027642e+00
-5.143848e+00 -5.829552e+00 -7.656112e-01 -6.503372e+00
-2.999878e+00 -7.280213e+00 8.586913e+00 5.458762e+00
-4.262401e+00 -4.912308e+00 1.423060e+00 1.293914e+00
-4.149711e+00 -7.370200e-01 4.522855e+00 -1.067757e+00
-1.037725e+00 -2.078307e+00 4.545582e+00 -6.303732e+00
-2.026212e+00 3.622295e+00 5.778053e+00 7.842073e-01
-7.078539e+00 3.308204e+00 7.404141e+00 1.415448e+00
4.223439e+00 6.731088e+00 2.021086e+00 -2.351091e+00
-2.592295e-01 -1.897148e+00 5.211948e+00 2.270467e+00
2.363581e+00 -3.629228e+00 -1.309597e+00 -3.440451e+00
-2.467268e+00 -7.859414e+00 1.831372e+00 5.128732e+00
