-3.598834e+01 4.621015e+01
-1.691082e+01 4.215179e+01
-4.221307e+01 5.368908e+01
-3.382989e+01 4.320708e+01
-3.555899e+01 3.782229e+01
-3.240971e+01 3.963241e+01
-2.721329e+01 3.244262e+01
-3.633761e+01 5.386948e+01
-3.570927e+01 4.441272e+01
-2.994818e+01 4.609802e+01
-7.311170e+01 4.250378e+01
-3.211982e+01 -4.608549e-01
-4.064595e+01 2.120038e+01
-3.269346e+01 2.221474e+01
-4.047712e+01 2.923433e+01
-5.692037e+01 3.341912e+01
-8.197023e+01 3.225322e+01
-4.837781e+01 2.208890e+01
-4.151498e+01 3.570059e+01
-4.363050e+01 3.200423e+01
-3.953008e+01 1.480328e+01
-5.459396e+01 1.981987e+01
-4.144245e+01 3.251111e+01
-4.355784e+01 2.096706e+01
-3.630318e+01 8.565243e+00
-4.832179e+01 3.125216e+01
-6.403530e+01 1.577919e+01
-5.586378e+01 2.072110e+01
-5.456962e+01 3.677533e+01
-2.891216e+01 1.005144e+01
-3.940059e+01 2.570050e+01
-6.143685e+01 3.777986e+01
-6.327666e+01 1.985315e+01
-6.113374e+01 2.492727e+01
-4.254808e+01 4.955676e+00
-4.832016e+01 2.736010e+01
-6.331380e+01 2.314397e+01
-5.465290e+01 4.954929e+01
-4.646316e+01 4.391806e+01
-5.327307e+01 1.317713e+01
-4.898032e+01 4.550196e+01
-1.965613e+01 3.389399e+01
-5.813970e+01 5.072933e+01
-4.323062e+01 4.801966e+01
-4.603796e+01 4.899946e+01
-4.586570e+01 3.818028e+01
-6.601382e+01 3.861924e+00
-5.671342e+01 3.888379e+00
-6.591428e+01 3.216602e+00
-5.194967e+01 1.844683e+01
-6.406368e+01 1.758940e+00
-4.245908e+01 1.705292e+01
-6.074907e+01 8.981844e+00
-6.036559e+01 2.332778e+01
-5.084871e+01 3.702029e+00
-5.781348e+01 -4.402478e+00
-4.746508e+01 1.027684e+01
-6.140941e+01 -3.544496e+00
-4.878579e+01 6.976616e+00
-5.699713e+01 2.127600e+01
-6.990487e+01 2.111935e+01
-3.431473e+01 -1.939209e+00
-5.872135e+01 6.256453e+00
-4.802268e+01 1.087274e+01
-6.474733e+01 1.070154e+01
-5.146342e+01 3.662415e+01
-5.368517e+01 4.867867e+00
-3.995383e+01 6.863267e+00
-4.954616e+01 3.739652e+01
-3.747649e+01 2.432839e+01
-5.881822e+01 2.288937e+01
-4.483822e+01 2.179409e+01
-6.064102e+01 3.000731e+01
-5.850838e+01 2.763808e+01
-6.730964e+01 8.892950e+00
-3.480099e+01 2.448865e+01
-7.713457e+01 2.564666e+01
-3.912481e+01 3.302770e+01
-7.583890e+01 2.129772e+01
-7.098596e+01 3.307041e+01
-6.250945e+01 2.299726e+01
-4.912561e+01 2.192766e+01
-7.022832e+01 1.470119e+01
-5.489614e+01 2.207620e+01
-6.503918e+01 2.483652e+01
-4.736672e+01 1.057901e+01
-3.183828e+01 3.666384e+01
-3.584856e+01 -1.255125e+00
-6.794223e+01 7.638758e+00
-7.333918e+01 2.198531e+01
-4.230343e+01 3.477855e+01
-4.217342e+01 3.882111e+01
-4.257302e+01 3.395180e+01
-7.045575e+01 4.743898e+01
-4.650470e+01 5.010525e+01
-5.035177e+01 4.581926e+01
-5.055241e+01 2.499334e+00
-4.843736e+01 1.501023e+01
-6.235320e+01 8.150864e-02
-5.054850e+01 4.728477e+01
-4.300239e+01 2.428132e+01
-4.620297e+01 2.596975e+01
-4.250288e+01 2.280454e+01
-5.806186e+01 9.307508e+00
-5.682895e+01 1.426873e+01
-5.251109e+01 3.215254e+01
-5.341415e+01 1.747812e+00
-2.831982e+01 1.912791e+01
-5.731627e+01 1.492384e+01
-6.546537e+01 2.321483e+01
-5.266246e+01 1.382068e+01
-5.269940e+01 1.178610e+01
-5.509005e+01 9.479914e+00
-5.454863e+01 1.457738e+01
-4.824461e+01 2.035453e+01
-5.940522e+01 2.266086e+01
-4.631502e+01 2.539336e+01
-6.029309e+01 3.129593e+01
-8.295651e+01 4.080428e+01
-7.130745e+01 4.249694e+01
-5.194865e+01 9.324681e+00
-6.364275e+01 2.180569e+01
-4.983554e+01 1.837160e+01
-4.371605e+01 9.038367e+00
-5.017944e+01 1.814320e+01
-7.373347e+01 3.744154e+01
-4.418534e+01 4.632942e+01
-4.474530e+01 2.602865e+01
-6.225666e+01 2.079198e+01
-4.309586e+01 1.798554e+01
-5.019088e+01 1.336109e+01
-5.036326e+01 7.302851e+00
-4.249777e+01 4.239632e+01
-4.200608e+01 2.779057e+01
-5.157394e+01 3.372515e+01
-5.185538e+01 3.440829e+01
-7.861946e+01 2.854710e+01
-4.527750e+01 3.141577e+01
-3.792094e+01 3.710868e+01
-3.775332e+01 4.081435e+01
-7.505097e+01 3.684030e+01
-2.474478e+01 1.951298e+01
-4.228389e+01 4.090158e+01
-5.171852e+01 2.267151e+01
-5.492476e+01 3.178878e+01
-4.399388e+01 3.171754e+01
-4.099196e+01 2.127725e+01
-4.137275e+01 3.466897e+01
-5.807716e+01 2.456048e+01
-3.856793e+01 1.778859e+01
-3.652305e+01 2.598726e+01
-4.247535e+01 2.150201e+01
-3.691802e+01 3.027071e+01
-4.289239e+01 3.066718e+01
-5.575720e+01 2.850683e+01
-5.667234e+01 3.390812e+01
-5.543844e+01 2.236598e+01
-4.820016e+01 1.168143e+01
-5.106924e+01 -1.239555e+00
-5.193240e+01 6.647915e+00
-4.655386e+01 8.824216e+00
-5.646275e+01 2.230617e+01
-4.501148e+01 -1.377409e-01
-5.054468e+01 9.884809e+00
-6.544413e+01 1.688687e+01
-3.599702e+01 2.255856e+01
-5.059331e+01 1.110546e+01
-5.672822e+01 3.084726e+01
-5.995002e+01 1.697525e+01
-3.353954e+01 7.372820e+00
-5.659443e+01 1.587439e+01
-5.128534e+01 -5.999735e+00
-6.611465e+01 3.120504e+01
-6.348495e+01 2.897582e+01
-4.609046e+01 3.322095e+01
-2.993470e+01 4.829899e+00
-6.045253e+01 2.480252e+01
-3.960276e+01 1.360768e+01
-3.179330e+01 4.120422e+01
-1.929887e+01 2.993576e+01
-3.700755e+01 3.318772e+01
-3.956960e+01 9.981690e+00
-3.519972e+01 3.169363e+01
-3.781497e+01 2.748118e+01
-4.656206e+01 3.940005e+01
-4.709996e+01 1.150950e+01
-6.222100e+01 3.889983e+01
-5.130916e+01 1.258047e+01
-4.874552e+01 4.319799e+00
-7.387818e+01 -9.341564e-01
-5.564362e+01 3.484935e+01
-4.188117e+01 2.959644e+01
-3.545666e+01 1.955479e+01
-6.061921e+01 2.444958e+01
-4.545563e+01 7.151155e+00
-6.428402e+01 3.178295e+01
-5.743095e+01 2.898356e+01
-4.536194e+01 2.722878e+01
-6.026264e+01 2.888954e+01
-2.760556e+01 3.931151e+01
-6.018512e+01 8.553537e+00
-4.353549e+01 2.766607e+01
-4.425393e+01 1.739196e+01
-5.659401e+01 2.341168e+01
-3.643170e+01 2.807412e+01
-4.050219e+01 8.384179e+00
-3.753457e+01 1.555713e+01
-5.320746e+01 2.335021e+01
-5.407471e+01 1.289900e+01
-6.464695e+01 1.611374e+01
-4.958330e+01 8.520823e+00
-4.912648e+01 3.458586e+01
-5.003360e+01 1.979852e+01
-5.136121e+01 6.761207e+00
-5.231241e+01 3.123067e+01
-5.630146e+01 2.083236e+01
-4.721916e+01 1.772757e+01
-5.059518e+01 2.537461e+01
-6.056987e+01 4.127927e+01
-4.169394e+01 2.296241e+01
-2.666487e+01 5.968624e+01
-5.345016e+01 2.078221e+01
-4.018499e+01 4.509202e+01
-4.495510e+01 4.082791e+01
-4.581558e+01 4.577360e+01
-6.003207e+01 4.123044e+01
-7.849508e+01 -2.686408e+00
-6.111198e+01 1.114189e+01
-5.696118e+01 -1.402187e+00
-3.935467e+01 1.522103e+01
-5.982719e+01 -1.044921e+00
-6.322280e+01 1.167648e+00
-5.498380e+01 1.230696e+01
-6.588521e+01 7.585991e+00
-3.593675e+01 1.705037e+01
-4.272345e+01 1.625900e+01
-4.710497e+01 2.249612e+01
-4.663602e+01 4.142303e+01
-5.852641e+01 4.745179e+01
-5.180183e+01 5.615345e+00
-7.682744e+01 2.813162e+01
-6.657025e+01 1.557515e+01
-6.621157e+01 -7.272776e+00
-8.424637e+01 2.237671e+01
-5.092722e+01 2.468337e+01
-4.149420e+01 1.045850e+01
-4.976300e+01 3.074142e+01
-5.390976e+01 5.770325e+01
-5.407578e+01 1.874673e+00
-4.919807e+01 3.677136e+01
-5.782018e+01 4.655867e+01
-6.348195e+01 3.938426e+01
-7.463117e+01 3.504545e+01
-4.850989e+01 3.102310e+01
-4.050654e+01 2.021702e+01
-4.955561e+01 4.459676e+01
-6.522026e+01 3.736041e+01
-7.042408e+01 3.528906e+00
-3.714071e+01 2.369776e+01
-5.497153e+01 1.125729e+01
-5.948210e+01 1.800873e+01
-4.537906e+01 7.842029e+00
-3.958483e+01 1.899907e+01
-5.508247e+01 2.045960e+01
-5.716226e+01 9.450953e+00
-6.213157e+01 3.112483e+01
-4.424141e+01 2.468863e+00
-5.000810e+01 1.813938e+01
-5.788823e+01 2.659592e+01
-5.518241e+01 3.813526e+01
-3.915436e+01 2.738657e+01
-4.176526e+01 1.854994e+01
-6.683540e+01 2.327567e+01
-5.384948e+01 2.118164e+01
-4.659590e+01 3.529481e+01
-4.071814e+01 -1.953735e+00
-6.810725e+01 1.538233e+01
-4.065307e+01 -6.164091e+00
-4.070923e+01 4.523872e+00
-2.915018e+01 1.109943e+01
-4.413898e+01 -3.537743e+00
-7.870096e+01 5.436168e+01
-4.620588e+01 2.065046e+01
-1.589302e+01 4.948523e+01
-5.319924e+01 1.880578e+01
-6.916127e+01 1.927983e+01
-5.381968e+01 4.057217e+01
-4.591050e+01 2.951575e+01
-5.730517e+01 2.765817e+01
-7.637809e+01 3.794873e+01
-6.131179e+01 1.300252e+01
-3.761657e+01 2.806493e+01
-6.044631e+01 1.635738e+01
-7.795189e+01 2.389678e+01
-3.980412e+01 6.736679e+00
-4.139562e+01 1.589710e+01
-5.797043e+01 1.873809e+01
-4.819091e+01 2.057996e+01
-4.011521e+01 2.442803e+01
-5.978438e+01 3.219805e+01
-5.334091e+01 3.047560e+01
-5.792846e+01 2.534910e+01
-3.547308e+01 3.181769e+01
-5.578265e+01 3.673022e+01
-3.236208e+01 3.197038e+01
-3.906272e+01 3.547247e+01
-5.330598e+01 4.235118e+01
-7.526155e+01 1.704006e+01
-5.849141e+01 1.461443e+01
-4.890357e+01 2.386739e+01
-5.630185e+01 2.472156e+01
-4.889881e+01 1.565461e+01
-6.929832e+01 2.982994e+01
-4.843094e+01 2.628524e+01
-5.574979e+01 3.165107e+01
-5.130979e+01 4.837661e+01
-4.534288e+01 5.915854e+01
-3.614816e+01 3.977081e+01
-7.117549e+01 -5.439734e+00
-6.352802e+01 1.490334e+01
-5.354571e+01 1.283866e+01
-4.916965e+01 9.659661e+00
-6.019699e+01 2.005757e+00
-5.338742e+01 -3.406472e+00
-5.424960e+01 1.685921e+01
-5.597336e+01 1.823610e+01
-5.347933e+01 1.859323e+01
-3.384730e+01 2.978257e+01
-4.767730e+01 1.911206e+01
-5.069968e+01 2.974097e+01
-6.439721e+01 3.726280e+01
-6.275466e+01 2.895638e+01
-6.731232e+01 1.334566e+01
-2.639026e+01 2.738177e+00
-6.521806e+01 3.783844e+01
-3.600358e+01 3.061745e+01
-3.487653e+01 7.343244e+00
-4.968747e+01 2.319156e+01
-7.079811e+01 2.917013e+01
-3.569299e+01 1.842402e+00
-5.383911e+01 7.898972e+00
-5.662930e+01 1.674981e+01
-5.444099e+01 2.341081e+01
-5.284179e+01 3.200229e+01
-3.321396e+01 2.057132e+01
-4.692398e+01 2.821635e+01
-5.672583e+01 2.214220e+01
-4.502129e+01 1.526304e+01
-5.327038e+01 2.619949e+01
-5.041652e+01 3.624521e+01
-6.986138e+01 2.094112e+01
-4.342229e+01 1.090396e+01
-5.603064e+01 1.233808e+01
-5.844959e+01 3.707400e+01
-5.335738e+01 2.827388e+01
-4.554139e+01 3.839115e+01
-5.080984e+01 2.707023e+01
-4.350736e+01 3.632831e+01
-7.027344e+01 3.476002e+01
-5.801312e+01 2.850140e+01
-6.135902e+01 2.101358e+01
-6.255647e+01 4.099871e+01
-3.956302e+01 2.980899e+01
-6.123200e+01 3.252500e+01
-3.899800e+01 1.572444e+01
-5.945477e+01 3.876537e+01
-5.031331e+01 3.355133e+01
-2.034408e+01 2.821339e+01
-3.373541e+01 2.523106e+01
-3.431911e+01 3.831483e+01
-2.997266e+01 2.327416e+01
-4.318856e+01 4.183504e+01
-4.303147e+01 2.049033e+01
-5.987475e+01 1.132489e+01
-6.796225e+01 2.040498e+01
-5.501405e+01 2.806045e+01
-4.572154e+01 3.437417e+01
-4.953978e+01 3.529309e+01
-4.137794e+01 2.320997e+01
-4.482423e+01 1.427680e+01
-3.382167e+01 1.218787e+01
-4.734412e+01 1.867506e+01
-2.624066e+01 -7.539884e-01
-5.128730e+01 1.471367e+01
-4.908193e+01 -6.397136e-01
-1.822145e+01 -4.973966e+00
-6.259369e+01 3.274301e+01
-4.949871e+01 5.710105e+00
-5.264370e+01 2.329022e+01
-5.784470e+01 2.148709e+01
-2.894343e+01 4.098654e+01
-1.693557e+01 6.064241e+00
-2.467312e+01 3.491980e+01
-4.034407e+01 2.812585e+01
-4.152583e+01 5.750470e+01
-4.230454e+01 7.925007e+00
-4.610934e+01 3.688218e+01
-4.363174e+01 1.429492e+01
-4.649549e+01 1.868585e+01
-5.096607e+01 5.526636e+00
-5.386101e+01 3.342270e+01
-4.540086e+01 2.088411e+01
-4.279460e+01 3.171862e+01
-4.584795e+01 1.977133e+01
-4.072321e+01 2.715630e+01
-5.049970e+01 3.882521e+01
-5.338410e+01 3.323289e+01
-3.830833e+01 3.127697e+01
-5.574726e+01 2.927983e+01
-4.047090e+01 2.775287e+01
-4.992965e+01 3.753332e+01
-2.035222e+01 3.390628e+01
-1.921975e+01 3.976391e+01
-4.241672e+01 3.758339e+01
-4.303166e+01 3.351815e+01
-4.088066e+01 3.476934e+01
-4.895437e+01 2.761882e+01
-3.297541e+01 1.318404e+01
-4.376107e+01 2.448213e+01
-4.077381e+01 2.737001e+01
-4.772390e+01 2.985825e+01
-3.531350e+01 3.706491e+01
-4.099732e+01 2.912795e+01
-4.423996e+01 3.559645e+01
-3.772205e+01 3.284010e+01
-4.803678e+01 1.286483e+01
-7.217972e+01 2.465667e+01
-3.874788e+01 1.986290e+01
-7.672029e+01 3.029995e+01
-5.777922e+01 1.672738e+01
-6.336059e+01 2.872539e+01
-5.077396e+01 1.596871e+01
-5.801367e+01 1.352845e+01
-6.658176e+01 2.561892e+01
-5.942705e+01 3.269491e+01
-5.509987e+01 -6.387881e-01
-5.700173e+01 6.551211e+00
-4.929564e+01 2.027171e+01
-6.150589e+01 1.837681e+01
-5.503660e+01 7.063895e+00
-6.428125e+01 1.474294e+01
-4.732139e+01 3.050277e+01
-5.787483e+01 2.608863e+01
-7.138222e+01 4.263593e+01
-4.809191e+01 -1.095370e+00
-6.060566e+01 1.901293e+01
-5.621937e+01 1.325369e+00
-5.259150e+01 5.866970e+00
-7.426515e+01 -2.270566e+00
-6.891495e+01 1.344263e+01
-5.815888e+01 2.875672e-01
-4.300045e+01 1.357477e+01
-5.221551e+01 4.572405e+01
-5.795543e+01 4.170145e+01
-2.800138e+01 3.235749e+01
-4.436298e+01 4.822106e+01
-8.140920e+00 5.349445e+01
-5.438531e+01 2.535289e+01
-6.403640e+01 6.557049e+01
-3.049902e+01 5.234567e+01
-1.458948e+01 5.960004e+01
-7.540882e+01 3.697697e+01
-3.172004e+01 4.018888e+01
-3.977335e+01 5.357649e+01
-5.829179e+01 4.787043e+01
-7.133466e+01 4.017200e+01
-4.294443e+01 4.236652e+01
-6.026923e+01 4.884171e+01
-5.582875e+01 4.846236e+01
-5.497477e+01 3.118161e+01
-6.347182e+01 4.724397e+01
-4.880524e+01 3.438047e+01
-6.738906e+01 1.792342e+01
-5.431840e+01 5.719183e+01
-4.135177e+01 4.724569e+01
-5.542650e+01 1.617420e+01
-6.198686e+01 1.042477e+01
-5.370203e+01 3.323788e+01
-5.754061e+01 4.991611e+00
-5.044353e+01 1.106475e+01
-4.502264e+01 2.443670e+01
-5.465134e+01 2.426725e+01
-4.643298e+01 1.410075e+01
-5.855132e+01 3.061988e+01
-3.983175e+01 3.059741e+01
-6.090760e+01 2.824004e+01
-5.309327e+01 2.929585e+01
-4.406298e+01 3.738385e+00
-5.489681e+01 5.596674e+00
-5.591897e+01 4.078873e+00
-7.585302e+01 2.028640e+01
-3.391735e+01 2.048726e+01
-2.260077e+01 2.561870e+00
-4.477201e+01 -7.106398e+00
-3.500073e+01 1.409087e+01
-3.795251e+01 9.181603e+00
-3.635763e+01 2.102531e+01
-3.337250e+01 3.198590e+01
-4.830345e+01 1.206157e+01
-7.157546e+01 4.906529e+01
-3.612677e+01 2.715024e+01
-4.591285e+01 4.245643e+01
-4.729085e+01 2.373456e+01
-3.976667e+01 1.976645e+01
-4.096290e+01 3.644268e+01
-2.998361e+01 4.421356e+01
-5.190092e+01 4.679158e+01
-4.080129e+01 4.850785e+01
-4.237826e+01 5.697610e+01
-4.478625e+01 4.201596e+01
-4.796016e+01 3.582821e+01
-5.669810e+01 4.233034e+01
-2.765305e+01 3.465493e+01
-2.279623e+01 2.594203e+01
-5.406364e+01 4.081796e+01
-3.140601e+01 4.102929e+01
-5.199236e+01 4.707430e+01
-5.202381e+01 3.140657e+01
-5.766319e+01 3.814915e+01
-3.821744e+01 3.237543e+01
-1.028893e+01 3.163306e+01
-3.694648e+01 2.162656e+01
-4.712410e+01 2.716396e+01
-5.697654e+01 2.784355e+01
-4.901083e+01 4.165763e+01
-5.141465e+01 2.909065e+01
-5.931614e+01 2.728027e+01
-4.798445e+01 3.215884e+01
-4.730936e+01 2.590190e+01
-4.353330e+01 2.808612e+01
-4.710201e+01 2.511552e+01
-4.602934e+01 2.341990e+01
-4.273924e+01 9.431103e+00
-6.353190e+01 4.055547e+01
-6.988715e+01 1.559511e+01
-5.863050e+01 2.217506e+01
-5.613832e+01 5.810132e+01
-5.355665e+01 4.412957e+01
-6.536260e+01 2.392943e+01
-4.794742e+01 1.755227e+01
-5.392014e+01 8.056095e+00
-6.013174e+01 4.217383e+01
-5.117470e+01 4.105240e+01
-5.785379e+01 1.157160e+01
-6.282709e+01 1.536021e+01
-4.587471e+01 9.329679e+00
-6.494715e+01 1.324796e+01
-6.501591e+01 8.054233e+00
-5.380577e+01 9.401912e+00
-5.707453e+01 8.478691e+00
-4.661776e+01 1.437221e+01
-4.096233e+01 4.778426e+00
-5.683765e+01 1.882845e+01
-7.465189e+01 1.802141e+01
-6.676696e+01 1.742115e+01
-4.885908e+01 -3.551943e+00
-5.571879e+01 2.593743e+01
-4.253261e+01 4.385263e+01
-5.148871e+01 3.787685e+01
-3.778942e+01 3.260927e+01
-3.601345e+01 3.498153e+01
-2.262979e+01 3.480698e+01
-4.047124e+01 3.032383e+01
-3.460349e+01 2.289401e+01
-5.618924e+01 3.979208e+01
-4.961888e+01 2.591878e+01
-6.914743e+01 4.887429e+01
-7.052328e+01 1.886310e+01
-5.313251e+01 2.688790e+01
-6.508054e+01 9.324025e+00
-4.660650e+01 2.108980e+01
-5.019872e+01 3.850867e+01
-7.463491e+00 3.994000e+01
-5.484182e+01 4.619212e+01
-2.525209e+01 5.200531e+01
-4.584899e+01 1.401780e+01
-3.248787e+01 4.655966e+01
-3.406511e+01 4.302519e+01
-3.472222e+01 3.844124e+01
-5.787932e+01 2.410320e+01
-6.807226e+01 2.769160e+01
-5.136264e+01 1.865555e+01
1.042214e+00 5.164870e+01
-8.848095e+00 3.303139e+01
-2.760380e+01 5.436739e+01
-2.075655e+01 3.586487e+01
-6.825060e+00 3.891499e+01
-3.373567e+01 1.768377e+01
4.945674e-01 2.136676e+01
-8.284413e+00 3.669787e+01
-8.740226e+00 4.184152e+01
-2.911578e+01 4.740818e+01
-3.582636e+01 5.613069e+01
-2.984051e+01 4.630356e+01
-4.366544e+01 3.933072e+01
-4.031000e+01 6.358190e+01
-3.123838e+01 5.015343e+01
-3.305265e+01 2.520783e+01
-3.716243e+01 1.572872e+01
-4.536316e+01 3.070167e+01
-4.858523e+01 3.423353e+01
-3.831649e+01 6.268535e+00
-4.048678e+01 4.544138e+01
-2.614291e+01 4.576724e+01
-3.994564e+01 5.076279e+01
-1.805047e+01 2.220823e+01
-2.606372e+01 3.500548e+01
-2.831140e+01 2.597458e+01
-2.740606e+01 3.125952e+01
-2.765624e+01 3.703924e+01
-3.357501e+01 4.724514e+01
1.758858e+01 3.480361e+01
-4.892022e+01 2.726377e+01
-2.135170e+01 3.252585e+01
-5.170157e+00 3.256469e+01
-1.131358e+01 3.740854e+01
-5.571712e+01 6.068434e+01
-4.909605e+01 3.622284e+01
-5.590464e+01 3.953855e+01
-6.603795e+01 5.235869e+01
-5.061025e+01 2.452017e+01
-5.819776e+01 1.834184e+01
-5.916989e+01 1.915569e+01
-4.913336e+01 4.055219e+01
-3.963359e+01 4.082652e+01
-4.265821e+01 1.740072e+01
-3.551396e+01 2.334502e+01
-4.918373e+01 2.472705e+01
-4.351987e+01 2.621248e+01
-2.820017e+01 1.925387e+01
-7.204735e+01 2.808576e+01
-3.070526e+01 4.148119e+01
-4.177588e+01 4.069839e+01
-4.958469e+01 4.090945e+01
-6.296755e+01 2.180198e+01
-5.520192e+01 2.987085e+01
-5.434205e+01 2.503778e+01
-6.293194e+01 2.630381e+01
-2.339187e+01 2.965751e+01
-4.911846e+01 2.805051e+01
-5.648341e+01 2.360171e+01
-4.157617e+01 2.887936e+01
-5.017493e+01 2.540066e+01
-4.503164e+01 2.408821e+01
-4.886995e+01 3.141285e+01
-3.056863e+01 1.885104e+01
-3.016031e+01 1.844793e+01
-2.743757e+01 2.822059e+01
-4.340773e+01 2.198770e+01
-5.329020e+01 1.906851e+01
-4.283308e+01 2.489838e+01
-3.969700e+01 3.332562e+01
-5.487198e+01 2.291183e+01
-4.043857e+01 1.640254e+01
-7.045862e+01 1.146026e+01
-4.504334e+01 2.452796e+01
-3.592206e+01 1.880972e+01
-4.828879e+01 1.618988e+01
-2.442936e+01 3.134195e+01
-4.704673e+01 7.180961e+00
-5.399770e+01 3.129476e+01
-2.847320e+01 3.293070e+01
-6.186063e+01 2.792232e+01
-5.314578e+01 2.120686e+01
-5.953383e+01 3.293826e+01
-5.218540e+01 2.650092e+01
-2.270814e+01 1.498593e+01
-3.161020e+01 4.307850e+01
-3.483886e+01 1.987107e+01
-5.738616e+01 2.731730e+01
-2.841582e+01 2.788291e+01
-7.024432e+01 1.823174e+01
-2.426750e+01 5.043032e+01
-4.172260e+01 7.534488e+00
-1.543066e+01 2.368911e+01
-6.106890e+01 3.184273e+01
-5.966630e+01 3.876758e+01
-3.807996e+01 3.656800e+01
-1.350545e+00 2.329819e+01
-2.352825e+01 4.896500e+01
-3.985215e+01 2.306984e+01
-5.211728e+01 3.862026e+01
-5.974632e+01 1.100504e+01
-2.295775e+01 2.612384e+01
-4.046616e+01 2.311242e+01
-4.617423e+01 2.867957e+01
-4.608382e+01 9.105297e+00
-4.643874e+01 2.472222e+01
-2.893882e+01 1.566781e+01
-5.080100e+01 1.530022e+01
-5.040909e+01 2.968148e+01
-6.554870e+01 8.049246e+00
-4.290425e+01 2.948241e+01
-2.540227e+01 2.186826e+01
-3.224056e+01 2.840941e+01
-3.941236e+01 4.151339e+01
-6.740503e+01 2.716720e+01
-3.121904e+01 2.752148e+01
-8.973318e+01 1.847784e+01
-5.462706e+01 2.423901e+01
-6.049846e+01 2.210648e+01
-3.674598e+01 3.716986e+01
-2.369401e+01 2.670105e+01
-2.635723e+01 2.919128e+01
-3.541812e+01 4.066615e+01
-5.180063e+01 1.235936e+01
-3.151527e+01 1.954049e+01
-3.575242e+01 2.799044e+01
-2.856407e+01 1.396200e+01
-3.438123e+01 2.207979e+01
-5.750773e+01 2.873022e+01
-3.517157e+01 2.942743e+01
-5.115039e+01 4.553295e+01
-5.815932e+01 5.292143e+01
-3.486408e+01 5.912232e+01
-2.372821e+00 2.239938e+01
-7.940806e+00 5.133344e+01
-4.918079e+00 3.331586e+01
-1.943497e+01 2.547572e+01
-6.645845e+00 2.333828e+01
-2.243148e+01 4.117824e+01
-2.119192e+01 4.713477e+01
-4.266074e+01 3.873882e+01
-3.064286e+01 3.322949e+01
-1.960916e+01 4.578698e+01
-3.268561e+01 4.133607e+01
-4.489963e+01 4.837478e+01
-2.730509e+01 5.700161e+01
-3.046441e+01 3.794155e+01
-1.536036e+01 3.166275e+01
-3.850217e+01 6.582219e+01
-3.831095e+01 5.198009e+01
-8.615102e+00 4.824795e+01
-1.599229e+01 4.308130e+01
-2.388485e+01 4.860628e+01
-5.426947e+01 5.461711e+01
-1.990965e+01 2.856109e+01
-3.458738e+01 3.346590e+01
-5.718208e+01 3.957004e+01
-4.016400e+01 2.373371e+01
-2.953095e+01 2.670656e+01
-1.649642e+01 1.346998e+01
-3.067547e+01 3.009902e+01
-3.389891e+01 2.911508e+01
-3.355797e+01 3.625968e+01
-1.121863e+01 1.741236e+01
-2.500130e+01 4.439255e+01
-1.702803e+01 2.118250e+01
-1.546665e+01 3.822002e+01
-1.642354e+01 1.950251e+01
-1.906972e+01 4.931111e+01
-2.800275e+01 5.639566e+01
-2.715908e+01 3.809124e+01
-1.448945e+01 4.070192e+01
-1.970702e+01 4.171985e+01
-2.685286e+01 4.583388e+01
-3.051949e+01 3.011605e+01
-8.734228e+00 3.590333e+01
-3.533983e+01 3.207484e+01
-4.026975e+01 2.028996e+01
-2.355086e+01 2.943412e+01
-3.855194e+01 2.801094e+01
-5.127282e+01 1.625342e+01
-1.570086e+01 2.898035e+01
-5.095932e+01 3.431662e+01
-4.323748e+01 3.676122e+01
-6.364134e+01 1.732711e+01
-4.127429e+01 1.933906e+01
-4.294557e+01 2.906877e+01
-6.772359e+01 1.674982e+01
-5.663730e+01 3.220213e+01
-7.657230e+01 2.928147e+01
-5.472602e+01 2.463000e+01
-3.197709e+01 4.510272e+01
-5.456499e+01 5.864392e+01
-2.713996e+01 4.912740e+01
-3.019196e+01 5.130165e+01
-2.289218e+01 5.229363e+01
-2.929455e+01 5.258780e+01
-4.650499e+01 3.754356e+01
-3.953695e+01 1.045905e+01
-8.570433e+00 2.729868e+01
-4.391053e+01 3.931242e+01
-5.842438e+01 2.490920e+01
-2.243624e+01 3.580465e+01
-4.303917e+01 2.988324e+01
-1.888792e+01 4.461056e+01
-1.484925e+01 5.275114e+01
-4.638608e+00 2.597779e+01
-3.730600e+01 3.617696e+01
-3.163856e+01 5.366322e+01
-3.900758e+01 4.376954e+01
-3.193781e+01 3.851065e+01
-1.619869e+01 2.218104e+01
-3.522522e+01 2.322922e+01
-2.657671e+01 3.355668e+01
-3.400604e+01 5.204656e+01
-3.199094e+01 1.975225e+01
-3.709825e+01 4.935997e+01
-4.603198e+01 4.479038e+01
-5.014659e+01 2.182976e+01
-2.249350e+01 5.274809e+01
-5.780517e+01 3.520697e+01
-5.194769e+01 1.796077e+01
9.914090e-03 1.372588e+01
-3.745232e+01 3.765016e+01
-3.193324e+01 2.708271e+01
-5.336753e+01 3.477678e+01
-4.833181e+01 1.528928e+01
-2.357523e+01 2.303563e+01
-5.057469e+01 2.670385e+01
-4.181798e+01 3.173079e+01
-7.318250e+01 2.009186e+01
-3.334645e+01 3.324951e+01
-2.224944e+01 2.961531e+01
-6.559684e+01 1.504795e+01
-6.116083e+01 2.578210e+01
-4.187072e+01 2.898654e+01
-1.979964e+01 1.703244e+01
-5.974230e+01 2.648736e+01
-4.478219e+01 3.212766e+01
-4.010262e+01 2.271403e+01
-4.125372e+01 3.245230e+01
-2.178434e+01 1.826481e+01
-3.795437e+01 2.175283e+01
-3.571037e+01 4.749882e+01
-4.479735e+01 1.998502e+01
-4.689321e+01 3.656620e+01
-3.313914e+01 2.986732e+01
-8.082346e+00 2.790665e+01
-3.381479e+01 2.741631e+01
-5.040484e+01 5.773545e+01
-6.461648e+01 1.356413e+01
-4.143170e+01 2.970120e+01
-4.618011e+01 1.991220e+01
-5.146045e+01 4.449981e+01
-4.384874e+01 2.233709e+01
-2.451158e+01 3.295780e+01
-3.763370e+01 1.448164e+01
-2.994861e+01 2.189173e+01
-5.692845e+01 2.493323e+01
-3.695779e+01 3.613925e+01
-4.553289e+01 3.509406e+01
-4.677338e+01 4.283939e+01
-5.097627e+01 4.058670e+01
-6.041420e+01 5.372836e+01
-2.120374e+01 3.931938e+01
-2.099870e+01 2.090190e+01
-1.545887e+01 2.167884e+01
-3.736613e+01 2.233378e+01
-2.968232e+01 4.802306e+01
-1.704770e+01 3.707120e+01
-3.539434e+01 5.049395e+01
-2.450986e+01 5.285030e+01
-3.098869e+01 3.806734e+01
-4.343467e+01 4.133957e+01
-5.983391e+01 8.215786e+00
-2.981890e+01 3.078092e+01
-1.869758e+01 2.020235e+01
-5.056039e+01 2.204871e+01
-2.854108e+01 3.389671e+01
-2.332512e+01 3.105576e+01
-8.715852e+00 2.849651e+01
-1.403095e+01 5.761711e+01
-5.503510e+01 3.759748e+01
-4.648816e+01 2.567972e+01
-5.119995e+01 2.479928e+01
-5.654942e+01 3.807348e+01
-6.648254e+01 2.665614e+01
-3.666552e+01 4.063504e+01
-2.740748e+01 5.472134e+01
-1.061206e+01 3.332772e+01
-3.337844e+01 3.175641e+01
-4.546030e+01 3.885356e+01
-2.402821e+01 3.415734e+01
-2.855871e+01 3.615164e+01
-7.218283e+01 1.447571e+01
-2.922913e+01 4.467531e+01
-2.972658e+01 4.876411e+01
-3.241243e+01 1.256598e+01
-5.984570e+01 2.499310e+01
-5.274952e+01 2.940081e+01
-3.086907e+01 2.083816e+01
-1.926382e+01 2.381639e+01
-2.364204e+01 4.353121e+01
-1.452241e+01 4.470973e+01
-1.853025e+01 3.546607e+01
-6.237554e+01 4.581834e+01
-5.519809e+01 1.369383e+01
-5.223803e+01 2.284737e+01
-4.756922e+01 3.134001e+01
-4.059833e+01 3.189760e+01
-5.681171e+01 2.244680e+01
-5.544424e+01 3.137517e+01
-4.320381e+01 3.264072e+01
-6.488051e+01 3.205555e+01
-6.005023e+01 1.875179e+01
-3.845405e+01 3.182070e+01
-3.084639e+01 4.801099e+01
-5.526665e+01 2.173787e+01
-4.452670e+01 2.981748e+01
-3.473630e+01 2.977548e+01
-4.849090e+01 3.687771e+01
-5.378973e+01 2.908439e+01
-4.220576e+01 1.611409e+01
-2.837372e+01 3.596621e+01
-3.238158e+01 2.736475e+01
-5.162444e+01 1.573930e+01
-3.077289e+01 3.786781e+01
-6.423952e+01 3.051848e+01
-4.364228e+01 1.735421e+01
-5.615526e+01 3.369533e+01
-1.276781e+01 3.639025e+01
-5.245021e+01 2.902505e+01
-4.230659e+01 3.395937e+01
-2.670794e+01 1.602028e+01
-2.374981e+01 4.847786e+01
-5.038664e+01 5.707366e+01
-3.656101e+01 4.295444e+01
-2.637554e+01 3.803689e+01
-6.898289e+01 2.168090e+01
-4.762468e+01 2.634296e+01
-4.132079e+01 1.996600e+01
-4.522294e+01 2.446055e+01
-6.211197e+01 1.022182e+01
-4.650610e+01 3.212684e+01
-4.141297e+01 2.428543e+01
-5.264269e+01 1.587605e+01
-4.659175e+01 2.634246e+01
-6.856128e+01 4.440233e+01
-5.810871e+01 2.997270e+01
-7.078568e+01 1.455451e+01
-7.152950e+01 1.470437e+01
-5.258654e+01 3.600246e+01
-4.073390e+01 4.316485e+01
-4.473182e+01 3.701783e+01
-3.480403e+01 4.623398e+01
-6.308530e+01 2.890028e+01
-3.924668e+01 2.004014e+01
-3.770608e+01 4.130935e+01
-2.138231e+01 5.397421e+01
-4.745745e+01 4.565273e+01
-3.781637e+01 5.325317e+01
-3.150235e+01 4.202819e+01
-1.464959e-01 5.157946e+01
-2.767799e+01 3.628130e+01
-3.533360e+01 2.489494e+01
-2.532427e+01 3.765857e+01
-5.327633e+01 4.454155e+01
-2.577795e+00 2.967844e+01
-2.414828e+00 4.001190e+01
-4.853584e+01 4.019738e+01
-7.298492e+01 3.108289e+01
-6.105511e+01 3.007067e+01
-6.673942e+01 2.623851e+01
-5.158994e+01 1.352213e+01
-5.650330e+01 1.699139e+01
-2.428435e+01 3.687843e+01
-2.464369e+01 4.198080e+01
-4.338314e+01 1.555109e+01
-2.825653e+01 2.416577e+01
-3.022926e+01 2.783278e+01
-3.050903e+01 1.573355e+01
-3.962172e+01 2.205450e+01
-6.056248e+01 4.596106e+01
-3.623031e+01 1.194602e+01
-4.357331e+01 1.984156e+01
-3.000819e+01 3.601506e+01
-4.905240e+01 1.654397e+01
-5.291873e+01 2.436978e+01
-3.421228e+01 5.790782e+01
-5.452096e+01 1.764925e+01
-8.590613e+01 2.009589e+01
-4.558044e+01 1.650651e+01
-3.788220e+01 1.907063e+01
-5.323818e+01 1.097095e+01
-5.710516e+01 3.148333e+01
-4.515831e+01 1.774269e+01
-5.085881e+01 2.938616e+01
-4.647544e+01 1.427681e+01
-4.773686e+01 7.486461e+00
-5.268744e+01 1.949054e+01
-3.494265e+01 1.945495e+01
-5.276255e+01 1.927710e+01
-4.780565e+01 2.829825e+01
-3.320217e+01 3.339356e+01
-5.780546e+01 1.731365e+01
-6.586013e+01 2.988680e+01
-5.017830e+01 2.755675e+01
-2.393406e+01 4.180996e+01
-3.296047e+01 5.544548e+01
-5.104283e+01 1.498811e-01
-4.013203e+01 2.162850e+01
-5.148424e+01 1.369865e+01
-1.641395e+01 2.144311e+01
-1.169416e+01 4.409219e+01
-2.871698e+01 4.629928e+01
-2.436402e+01 3.952973e+01
-2.320798e+01 4.858734e+01
-2.688407e+00 3.341082e+01
-3.527237e+00 2.505210e+01
-2.432723e+01 3.822276e+01
-5.907942e+01 1.997046e+01
-6.154273e+01 1.983790e+01
-5.909272e+01 2.295515e+01
-7.771605e+01 2.398738e+01
-6.904763e+01 2.965870e+01
-3.096618e+01 2.532967e+01
-2.071968e+01 2.169090e+01
-6.006962e+01 3.034278e+01
-4.465806e+01 2.347486e+01
-6.108783e+01 3.968952e+01
-2.147444e+01 2.783883e+01
-5.869052e+01 3.240551e+01
-4.542001e+01 2.747710e+01
-5.137651e+01 4.102185e+01
-5.792435e+01 2.714834e+01
-2.470391e+01 3.811192e+01
-2.365668e+01 4.848862e+01
-3.584097e+01 2.716268e+01
-5.209857e+01 4.896688e+01
-2.110501e+01 2.511569e+01
-2.598894e+01 1.764307e+01
-6.343736e+01 3.526215e+01
-5.201668e+01 3.523756e+01
-3.923844e+01 3.293509e+01
-3.192752e+01 2.028553e+01
-4.015784e+01 3.849904e+01
-9.700717e+00 3.317943e+01
-2.108224e+01 2.693537e+01
-9.309719e+00 2.105676e+01
-3.807630e+01 2.938481e+01
-2.557900e+01 4.280046e+01
-1.613276e+01 1.944867e+01
-1.624320e+01 2.678153e+01
-2.712544e+01 3.651246e+01
-1.253307e+01 3.029337e+01
-1.216315e+01 3.539482e+01
-7.361238e+00 2.745542e+01
-1.862254e+01 3.923425e+01
-1.439797e+01 4.408597e+01
-1.837425e+01 2.782746e+01
-3.338184e+01 3.185288e+01
-3.715851e+01 4.198320e+01
-4.225819e+01 2.601013e+01
-3.889243e+00 3.011105e+01
-4.199980e+01 2.812274e+01
-4.042181e+01 4.623167e+01
-3.710406e+01 2.426208e+01
-3.843362e+01 2.531229e+01
-4.878992e+01 1.864308e+01
-5.936111e+01 3.654227e+01
-6.217085e+01 2.615893e+01
-4.733839e+01 2.984311e+01
-2.887832e+01 2.454974e+01
-2.102681e+01 2.693854e+01
-1.195346e+01 3.604342e+01
-4.558535e+01 2.272778e+01
-6.351278e+01 2.057662e+01
-3.753952e+01 1.654449e+01
-3.583406e+01 3.449482e+01
-3.699165e+01 2.163505e+01
-5.176763e+01 1.563372e+01
-1.507088e+01 2.032125e+01
-4.716846e+01 1.201649e+01
-3.518866e+00 5.489967e+01
-2.701227e+01 2.257006e+01
-2.115221e+01 1.925537e+01
-6.256916e+01 1.535067e+01
-2.662577e+01 4.451034e+00
-7.098416e+01 1.906854e+01
-4.920814e+01 2.640109e+01
-7.353931e+01 1.982523e+01
-5.262172e+01 4.078617e+01
-1.317217e+01 2.899716e+01
-3.153171e+01 3.093682e+01
-8.018558e+01 1.978717e+01
-3.109634e+01 2.445332e+01
-5.805991e+01 2.738195e+01
-5.939393e+01 4.990257e+00
-5.169069e+01 3.842485e+01
-4.363722e+01 3.525324e+01
-6.731664e+01 3.413059e+01
-2.781050e+01 2.237675e+01
-4.256146e+01 1.862943e+01
-1.925833e+01 1.917883e+01
-6.457131e+01 1.824898e+01
-6.341055e+01 2.466883e+01
-1.859543e+01 1.668790e+01
-3.378299e+01 2.067894e+01
-4.699688e+01 3.388612e+01
-4.989847e+01 1.397868e+01
-4.293311e+01 6.944860e+00
-1.905361e+01 3.467121e+01
4.842831e-01 2.381610e+01
8.289454e-01 2.354094e+01
-1.268958e+01 2.729503e+01
-3.490859e+01 1.725375e+01
-2.647325e+01 1.966835e+01
-4.532106e+01 1.804986e+01
-3.805283e+01 2.550161e+01
-3.814184e+01 2.324783e+01
-2.182405e+01 2.466422e+01
-1.688447e+01 2.994896e+01
-2.082128e+01 2.010724e+01
-3.865340e+01 3.830062e+01
-6.771770e+01 2.839240e+01
-2.529675e+01 2.387481e+01
-3.359757e+01 1.691786e+01
-6.030323e+01 2.071362e+01
-5.331098e+01 1.890454e+01
-3.965193e+01 1.908866e+01
-3.189007e+01 2.086455e+01
-4.758756e+01 2.493423e+01
-2.484077e+01 2.472513e+01
-2.934584e+01 2.485407e+01
-5.927611e+01 3.283010e+01
-5.561880e+01 2.780221e+01
-1.063027e+01 2.562399e+01
-1.445891e+01 5.466001e+01
-2.301761e+01 4.072910e+01
-1.105875e+01 4.915403e+01
-1.172461e+01 3.498523e+01
-3.149904e+01 6.680796e+01
-9.233721e+00 3.135138e+01
-4.209943e+01 1.437287e+01
-3.154206e+01 5.914500e+01
-4.858004e+01 2.295528e+01
-7.847670e+01 2.503550e+01
-2.255002e+01 5.737971e+01
-3.190487e+01 4.402049e+01
-2.910782e+01 3.995995e+01
-3.656827e+01 2.735358e+01
-4.182613e+01 1.015492e+01
-5.111170e+01 1.341967e+01
-5.573736e+01 3.284152e+01
-5.084522e+01 2.998044e+01
-4.202393e+01 2.725845e+01
-3.773687e+01 1.602492e+01
-3.588890e+01 3.528479e+01
-4.204003e+01 2.487769e+01
-6.886464e+01 4.327470e+01
-6.011180e+01 3.126397e+01
-7.268267e+01 2.691900e+01
