2.873801e+01 1.321745e+01
3.302393e+01 1.835303e+01
4.291123e+01 5.166117e+00
4.648437e+01 3.889313e+01
2.176329e+01 1.868451e+01
2.163350e+01 1.194077e+01
2.847733e+01 3.067475e+01
2.367660e+01 4.181342e+00
2.732292e+01 9.442532e+00
2.189469e+01 1.732816e+00
3.685874e+01 4.744146e+01
-1.409164e+01 6.137317e+01
7.778321e+00 6.175427e+01
1.474554e+01 6.394630e+01
2.618351e+01 4.826136e+01
3.409938e+01 3.057654e+01
4.500736e+01 3.271178e+01
1.798453e+01 4.472773e+01
2.749152e+01 4.254096e+01
3.103340e+01 6.903795e+01
-1.120582e+00 6.886412e+01
6.031559e+00 4.849656e+01
2.224590e+01 4.681402e+01
3.045717e+01 4.512666e+01
2.688068e+01 5.347923e+01
3.241922e+01 4.254248e+01
2.995271e+01 3.195745e+01
3.266439e+01 4.376866e+01
2.445552e+01 4.217759e+01
6.196908e+00 6.762321e+01
2.185910e+01 6.929146e+01
9.214794e+00 5.205999e+01
1.636298e+01 6.817710e+01
2.333797e+01 4.116334e+01
1.367338e+01 6.933465e+01
2.626069e+01 4.475519e+01
2.810747e+01 3.003112e+01
4.318602e+01 1.478097e+01
2.879839e+01 4.369409e+01
1.351654e+01 6.099641e+01
3.121543e+01 8.685827e+01
5.276976e+01 5.794681e+01
3.053146e+01 8.378367e+01
2.416731e+01 7.628020e+01
2.525719e+01 9.078842e+01
4.008194e+01 7.465299e+01
1.289345e+01 4.183712e+01
2.766219e+00 6.943366e+01
1.854862e+01 5.293252e+01
1.059019e+01 6.200326e+01
2.171608e+01 6.122175e+01
1.966409e+01 6.909887e+01
3.038957e+01 4.206462e+01
1.210814e+01 7.815629e+01
1.895694e+01 6.723098e+01
2.347541e+01 6.470470e+01
7.618821e+00 9.315835e+01
2.191604e+00 8.073508e+01
1.833494e+01 5.812185e+01
1.004435e+01 5.293939e+01
1.520182e+01 3.042724e+01
3.344859e+00 5.627086e+01
2.219962e+01 5.200764e+01
1.306675e+01 6.763414e+01
9.305562e+00 5.632474e+01
1.559843e+01 8.692301e+01
1.829709e+01 5.745700e+01
1.587179e+01 5.286465e+01
2.383635e+00 5.597445e+01
1.093717e+01 5.674183e+01
3.201356e+00 7.669554e+01
1.145739e+01 5.620648e+01
2.900202e+01 5.288607e+01
1.070826e+01 5.281308e+01
2.686618e+01 3.628161e+01
7.080960e+00 5.395800e+01
3.409728e+01 4.093671e+01
2.506876e+01 2.856603e+01
2.867759e+01 3.998987e+01
3.035107e+01 3.684163e+01
3.045742e+01 4.162362e+01
2.197705e+01 3.399187e+01
3.183552e+01 1.761011e+01
1.409449e+01 7.095267e+01
1.336674e+01 5.754330e+01
1.105998e+01 8.125533e+01
8.100519e+00 6.674286e+01
2.891346e-01 7.689364e+01
2.897431e+01 4.959756e+01
2.674035e+01 3.943749e+01
4.609755e+00 5.531909e+01
2.236501e+01 4.880107e+01
1.714895e+01 6.586915e+01
5.229140e+01 5.153424e+01
1.861581e+01 3.347257e+01
2.589826e+01 8.727252e+01
1.757815e+01 5.532026e+01
1.461652e+01 5.264207e+01
-4.416588e+00 6.196100e+01
3.598256e+01 5.335512e+01
2.250500e+01 5.300656e+01
2.093046e+01 3.669481e+01
2.026932e+01 5.418856e+01
2.766209e+01 4.326993e+01
3.023627e+01 1.612499e+01
1.511518e+01 7.117905e+01
3.027591e+01 2.680274e+01
2.640508e+01 3.527189e+01
2.132361e+01 6.244945e+01
2.386752e+01 3.865235e+01
2.863095e+01 6.213491e+01
2.336115e+01 7.067954e+01
3.768671e+01 5.537023e+01
1.841461e+01 7.062409e+01
1.690423e+01 4.835670e+01
2.036076e+01 5.897301e+01
1.663068e+01 6.312376e+01
2.003720e+01 4.009271e+01
2.723497e+01 4.694627e+01
2.714695e+01 4.477724e+01
2.235712e+01 7.025539e+01
1.396652e+01 6.913814e+01
3.572596e+00 6.049654e+01
2.022221e+01 6.067283e+01
9.598671e+00 6.795152e+01
3.099418e+00 5.597788e+01
1.580260e+01 5.362718e+01
-4.006904e+00 7.050345e+01
2.993144e+01 6.556239e+01
1.881819e+01 6.575286e+01
2.200298e+01 6.037752e+01
1.826632e+01 3.811722e+01
9.027289e+00 6.336350e+01
1.519634e+01 6.003577e+01
1.181462e+01 6.299642e+01
9.971289e-01 5.855568e+01
2.662803e+01 6.436611e+01
5.723702e+01 5.869685e+01
5.298121e+01 3.930737e+01
4.510566e+01 6.140932e+01
1.762439e+01 7.498273e+01
5.646924e+01 5.463713e+01
1.090647e+01 7.351932e+01
1.436107e+01 7.352077e+01
2.458094e+01 5.898160e+01
1.897745e+01 5.713394e+01
1.862705e+01 5.633592e+01
1.187900e+01 6.709859e+01
2.835355e+01 3.072306e+01
2.112574e+01 2.914815e+01
2.202885e+01 6.343464e+01
2.034216e+01 6.461944e+01
1.663696e+01 7.113096e+01
1.674825e+01 1.011143e+02
1.875393e+01 5.976533e+01
1.903492e+01 6.527397e+01
2.559741e+01 7.346340e+01
1.999694e+01 6.151042e+01
2.725063e+01 5.114108e+01
-8.182238e+00 8.123883e+01
1.167502e+01 6.447933e+01
1.198443e+01 5.510175e+01
-7.263787e+00 6.911343e+01
9.323649e+00 8.378405e+01
2.840720e+01 5.143681e+01
1.228922e+01 7.511950e+01
2.290136e+01 5.688098e+01
2.558904e+01 4.750458e+01
2.189850e+01 5.822379e+01
1.333868e+01 6.654706e+01
2.002103e+01 4.027429e+01
2.208036e+00 4.956421e+01
2.935986e+01 6.145894e+01
1.516034e+01 4.953738e+01
1.098416e+01 5.124510e+01
1.565858e+01 6.422011e+01
1.720199e+01 4.601318e+01
1.786665e+01 9.777492e+01
3.553256e+01 6.694997e+01
9.248488e+00 7.683805e+01
1.758883e+01 7.967185e+01
1.570000e+01 4.401189e+01
1.529447e+01 7.511353e+01
1.384782e+01 1.074721e+02
3.399530e+01 5.272298e+01
1.790293e+01 6.002023e+01
2.014629e+01 3.817465e+01
1.152022e+01 6.566588e+01
2.303761e+01 6.515974e+01
1.994178e+01 5.547190e+01
1.602698e+01 5.285863e+01
2.571503e+01 4.957296e+01
3.012768e+01 6.054134e+01
1.941443e+01 7.898089e+01
2.899286e+00 7.084001e+01
3.882646e+01 6.065794e+01
3.722201e+01 4.668850e+01
3.422772e+01 6.286379e+01
3.278012e+01 7.076288e+01
3.772045e+01 5.452956e+01
3.843601e+01 3.545036e+01
2.819044e+01 9.077000e+01
2.213903e+01 7.490783e+01
3.749160e+01 6.387733e+01
8.990577e+00 4.693383e+01
7.748742e+00 8.969733e+01
1.942994e+01 7.505093e+01
4.663720e+00 7.409655e+01
1.631464e+01 6.581546e+01
3.295248e+01 3.565640e+01
2.057123e+01 4.343105e+01
2.821321e+01 2.969223e+01
1.856098e+01 5.810885e+01
2.836242e+01 6.449129e+01
2.248628e+01 4.414792e+01
2.018971e+01 4.456597e+01
2.264572e+01 7.158684e+01
2.038443e+01 3.527544e+01
1.363644e+01 6.260778e+01
4.017099e+01 8.422499e+01
2.928744e+01 2.201149e+01
1.734122e+01 4.554110e+01
4.504109e+01 8.046670e+01
2.581097e+01 7.692845e+01
3.974046e+01 5.456881e+01
1.214234e+01 6.843615e+01
2.907588e+01 6.435637e+01
2.660488e+01 4.901418e+01
5.262750e+00 6.091387e+01
1.590273e+01 7.839010e+01
1.258966e+01 4.992871e+01
2.749479e+01 5.986739e+01
1.831589e+01 8.081601e+01
2.623532e+01 2.559952e+01
8.753211e+00 4.772142e+01
1.511340e+01 3.370255e+01
1.780693e+01 5.263187e+01
2.656908e+01 6.181143e+01
2.771911e+01 3.173307e+01
2.370652e+01 4.300275e+01
1.027736e+01 4.682877e+01
1.264393e+01 5.122264e+01
1.187429e+01 7.407013e+01
3.500324e+01 2.564934e+01
2.385430e+01 3.083761e+01
1.205607e+01 4.138931e+01
2.404478e+01 6.788289e+01
8.467238e+00 6.188960e+01
1.419684e+01 6.130844e+01
7.030966e+00 7.930174e+01
2.493238e+01 4.473505e+01
5.150807e+01 2.333356e+01
2.819511e+01 5.304758e+01
6.882444e+00 4.479479e+01
2.542373e+01 3.859141e+01
2.562145e+01 1.687539e+01
3.058942e+01 6.894789e+01
1.192715e+01 6.287250e+01
1.361504e+01 2.749456e+01
3.161127e+01 1.816181e+01
4.769877e+01 4.208867e+01
2.584297e+00 6.831510e+01
1.043144e+00 7.780494e+01
2.878914e+01 4.389437e+01
1.792136e+01 6.319656e+01
2.569357e+01 4.663585e+01
5.853325e+00 4.519685e+01
1.191955e+01 6.047530e+01
8.706895e+00 7.120477e+01
-1.866225e+00 5.206414e+01
5.509536e+01 5.059556e+01
2.089283e+01 5.468230e+01
2.636371e+01 5.478000e+01
2.720037e+01 4.714033e+01
1.972321e+01 7.295090e+01
6.763257e-01 8.377010e+01
3.988152e+01 3.946385e+01
8.479068e+00 8.183815e+01
-2.412030e-02 7.856539e+01
8.641396e+00 6.607823e+01
5.274653e+00 8.775689e+01
2.383701e+01 5.225680e+01
2.626469e+01 6.407077e+01
5.329447e+01 6.628514e+01
2.923354e+01 3.387503e+01
3.370696e+01 7.259695e+01
1.570826e+01 5.677902e+01
4.434219e+01 4.307151e+01
8.119991e+00 1.003075e+02
2.193159e+01 7.134035e+01
2.926208e+01 7.104533e+01
1.577084e+01 7.429182e+01
1.540774e+01 6.932512e+01
3.230653e+01 4.538993e+01
6.405295e+00 6.144305e+01
2.948361e+01 4.958832e+01
3.472625e+01 4.588775e+01
3.908064e+00 7.199167e+01
1.607556e+01 7.179854e+01
2.417469e+01 4.194835e+01
2.750224e+01 6.208085e+01
2.001324e+01 3.932670e+01
1.085930e+01 6.690045e+01
3.739696e+01 4.933508e+01
3.584819e+01 4.644754e+01
1.676661e+01 5.499666e+01
2.731294e+01 3.872247e+01
2.856607e+01 4.332733e+01
2.621179e+01 2.757884e+01
7.817792e+00 6.082992e+01
1.402369e+01 4.609202e+01
5.467901e+00 8.126232e+01
3.806609e+01 2.406208e+01
3.557230e+01 2.751826e+01
4.716680e+01 1.778984e+01
1.650299e+01 3.961900e+01
9.777376e+00 6.281140e+01
3.283765e+01 7.278559e+01
1.185933e+01 7.061605e+01
9.619396e+00 6.542015e+01
2.951447e+01 6.627418e+01
2.764910e+01 5.899900e+01
1.639471e+01 7.474414e+01
1.841885e+01 6.660192e+01
2.881330e+01 7.309592e+01
2.322755e+01 4.262359e+01
1.016151e+01 2.616239e+01
2.059873e+01 4.186306e+01
1.260999e+01 6.385586e+01
2.359017e+01 6.483181e+01
1.295636e+01 4.138595e+01
2.594898e+01 6.028257e+01
2.658500e+01 3.416692e+01
2.074544e+00 5.731041e+01
2.267239e+01 5.368836e+01
2.461105e+01 4.343542e+01
3.652380e+00 6.521800e+01
2.593402e+01 3.164717e+01
3.362469e+01 3.086962e+01
1.038801e+01 7.319662e+01
1.649836e+00 7.055073e+01
1.147506e+01 6.635213e+01
1.597949e+01 5.631553e+01
1.124946e+01 6.074863e+01
2.659981e+00 6.955812e+01
9.208319e+00 8.738017e+01
-1.010850e+01 6.648755e+01
-1.147435e+01 6.164615e+01
2.247041e+01 3.797274e+01
4.975397e+01 3.154408e+01
4.238007e+01 1.703854e+01
1.320418e+01 7.205153e+01
2.084765e+01 5.990171e+01
1.180446e+01 4.146906e+01
9.169667e+00 4.998454e+01
1.429276e+01 4.717284e+01
1.784604e+01 6.669300e+01
3.119784e+00 5.536240e+01
2.972681e+01 4.207175e+01
8.161046e+00 5.604303e+01
6.293760e+00 6.983513e+01
2.914171e+01 2.550317e+01
1.553446e+00 8.190005e+01
1.970204e+01 4.971284e+01
9.558435e+00 7.159079e+01
1.475327e+01 5.465950e+01
4.131215e+01 6.292096e+01
3.598569e+01 5.344741e+01
4.050673e+01 6.234261e+01
3.826468e+01 8.000508e+01
5.270100e+01 2.320901e+01
3.012189e+01 6.737090e+01
3.820979e+01 3.981270e+01
3.142142e+01 4.272867e+01
3.282172e+01 4.452361e+01
3.140006e+01 5.439676e+01
1.662614e+01 9.616715e+01
1.890937e+01 9.103632e+01
1.609655e+01 5.845349e+01
5.336058e+00 7.107092e+01
1.573968e+01 8.045316e+01
1.447020e+01 6.066153e+01
-5.236523e-01 7.934425e+01
2.046912e+01 5.881201e+01
5.427383e-01 8.394101e+01
-6.193315e+00 7.980664e+01
4.560905e+01 2.407995e+01
2.175912e+01 5.092347e+01
1.788914e+01 4.152838e+01
2.284218e+01 5.245342e+01
3.419662e+01 7.235461e+01
-4.606459e+00 7.385068e+01
4.208792e+01 5.678060e+01
1.524908e+01 6.945626e+01
4.313204e+01 3.695910e+01
1.989320e+01 6.306658e+01
2.004966e+01 6.260342e+01
1.382044e+01 6.480523e+01
2.766179e+00 8.725673e+01
1.060625e+01 6.780816e+01
2.600098e+01 6.222859e+01
2.298697e+01 6.204536e+01
2.035142e+01 8.513373e+01
2.152967e+01 7.119156e+01
1.029984e+01 7.732404e+01
2.831024e+01 8.605465e+01
2.818990e+01 7.605851e+01
2.305452e+01 8.339039e+01
1.571500e+01 9.457874e+01
4.509709e+01 9.708872e+01
3.689271e+01 8.254417e+01
4.697262e+01 7.325333e+01
3.256567e+01 7.760615e+01
2.015530e+01 9.339965e+01
2.656308e+01 6.341550e+01
2.761804e+01 6.440195e+01
1.390360e+01 9.031653e+01
5.464621e+00 9.460184e+01
2.321508e+01 6.746334e+01
1.242122e+01 8.168413e+01
1.376076e+01 7.626484e+01
2.759144e+01 8.467500e+01
3.120861e+01 8.043341e+01
3.142728e+01 7.752324e+01
4.471092e+01 5.083370e+01
1.368280e+01 6.879220e+01
1.820942e+01 7.780577e+01
1.484035e+01 7.286226e+01
2.292667e+01 5.975167e+01
3.281137e+01 7.504043e+01
1.746728e+01 7.175697e+01
1.476570e+01 8.389042e+01
2.483766e+01 7.084941e+01
1.972953e+01 6.758160e+01
3.043363e+01 5.595901e+01
3.252732e+01 5.157791e+01
2.561993e+01 4.703042e+01
2.228449e+01 4.325022e+01
2.106628e+01 4.030897e+01
2.139481e+01 4.999015e+01
1.690053e+01 8.047117e+01
1.058583e+01 6.522655e+01
8.221585e+00 5.206524e+01
1.191650e+01 3.885920e+01
5.917855e+00 4.896832e+01
9.436732e+00 5.044577e+01
-8.124494e+00 6.665903e+01
1.916719e+01 5.131337e+01
5.308172e+00 6.071665e+01
2.001427e+01 5.622720e+01
1.053005e+01 5.526142e+01
-4.362902e-01 8.150453e+01
8.413323e+00 4.222757e+01
-2.292927e+00 3.406347e+01
1.171189e+01 2.099608e+01
2.204311e+01 4.403255e+01
1.039235e+01 5.037204e+01
2.297245e+01 9.636443e+00
1.258991e+01 3.557433e+01
1.174295e+01 2.601938e+01
1.601445e+01 4.960684e+01
2.502845e+01 1.300097e+01
-9.718159e-01 1.136377e+01
8.771478e+00 5.361283e+01
1.702258e+01 3.077100e+01
2.157172e+01 6.242978e+01
-7.947736e+00 7.641230e+01
3.494303e+01 5.112342e+01
1.090112e+01 3.407916e+01
6.490193e+00 7.687314e+01
2.667103e+01 6.798212e+01
1.030457e+01 7.079193e+01
2.786590e+01 6.516534e+01
1.832356e+01 7.267975e+01
1.921658e+01 6.434802e+01
2.278166e+01 4.263338e+01
2.429527e+01 4.745845e+01
4.259357e+01 5.915469e+01
2.511306e+01 5.135291e+01
3.381373e+01 5.874652e+01
3.313383e+01 5.408490e+01
2.481096e+01 2.256995e+01
2.041928e+01 2.488238e+01
3.711514e+01 3.979576e+01
3.272416e+01 4.719305e+01
5.131007e+01 3.178823e+01
2.197311e+01 4.966439e+01
1.572439e+01 6.196415e+01
7.425574e+00 7.224606e+01
2.264607e+01 3.747847e+01
1.822235e+01 3.474203e+01
2.056261e+01 4.285559e+01
-7.857174e-01 6.978810e+01
-3.897823e+00 8.837438e+01
-5.652782e+00 7.348249e+01
1.211008e+01 4.591629e+01
1.237924e+01 6.262515e+01
2.815616e+01 4.799776e+01
1.348912e+01 7.474025e+01
3.484041e+01 5.178604e+01
2.044402e+01 3.882950e+01
1.896123e+01 5.652950e+01
1.382118e+01 2.461172e+01
1.175092e+01 7.928379e+01
1.689878e+01 5.585849e+01
1.817945e+01 6.110876e+01
1.761681e+01 5.533614e+01
1.812072e+01 5.663932e+01
1.174752e+01 7.725906e+01
2.633483e+01 6.890784e+01
1.966300e+01 8.941644e+01
2.025235e+01 6.328113e+01
1.657754e+01 7.384559e+01
1.217404e+01 8.472664e+01
5.836998e+01 2.868582e+01
3.881868e+00 5.666482e+01
1.145491e+01 8.531859e+01
1.676561e+01 7.769197e+01
2.847316e+01 6.092601e+01
3.092565e+01 6.106224e+01
6.622889e+01 6.205238e+01
2.159347e+01 6.807040e+01
2.676049e+01 5.388844e+01
3.697624e+01 3.003242e+01
3.522420e+01 6.659642e+01
3.946799e+01 7.047677e+01
2.112160e+01 6.393101e+01
3.885621e+01 5.606895e+01
2.051703e+01 6.678831e+01
4.280328e+01 7.410878e+01
2.433242e+01 5.801901e+01
1.523203e+01 6.749834e+01
1.354908e+01 7.365202e+01
2.498240e+01 4.711281e+01
2.547595e+01 3.993326e+01
6.990018e+00 7.808048e+01
1.303706e+01 5.857636e+01
1.359271e+01 5.858343e+01
2.060458e+01 4.819346e+01
3.283273e+01 6.060295e+01
3.504201e+01 5.063784e+01
6.418677e+00 7.565118e+01
3.442876e+01 4.662084e+01
1.025042e+01 5.624618e+01
1.021723e+01 6.499054e+01
1.664957e+01 5.354348e+01
3.588665e+01 2.442680e+01
2.233371e+01 7.340594e+01
2.268782e+01 4.524094e+01
1.621065e+01 8.146201e+01
1.182147e+01 6.137128e+01
1.666217e+01 6.194573e+01
2.290439e+01 6.306685e+01
3.698876e+01 2.900578e+01
3.071649e+01 4.351306e+01
2.386453e+01 5.346132e+01
2.268643e+01 5.763606e+01
4.433604e+01 5.527224e+01
1.724156e+01 7.191370e+01
5.264385e+01 8.461684e+01
5.716902e+01 8.082771e+01
5.038009e+01 6.292977e+01
5.031236e+01 7.016103e+01
6.044235e+01 4.034029e+01
3.520232e+01 8.949287e+01
1.421956e+01 7.466521e+01
2.739985e+01 8.534737e+01
2.252730e+01 6.488511e+01
2.017843e+01 6.593232e+01
3.174718e+01 5.373630e+01
3.187199e+01 6.497487e+01
1.308766e+01 7.682947e+01
4.863859e+01 3.314543e+01
4.154256e+01 3.724747e+01
5.487864e+01 3.026222e+01
7.619667e+00 6.194673e+01
3.645732e+01 3.975675e+01
5.335119e+01 3.994949e+01
3.087654e+01 4.383378e+01
2.764853e+01 5.132841e+01
3.078836e+01 5.156105e+01
1.690556e+01 7.943940e+01
3.344988e+01 1.633696e+01
-1.560153e+00 4.355387e+01
5.192250e+01 -6.110918e-01
4.521723e+01 4.242780e+01
4.342802e+01 2.204230e+01
1.759031e+01 2.218835e+01
1.653239e+01 1.658456e+01
2.279442e+01 -4.557069e+00
4.183957e+01 3.870542e+01
2.182425e+01 5.209888e+01
3.890137e+01 4.332099e+01
3.136278e+01 4.818395e+01
4.540070e+01 2.376883e+01
4.972004e+01 3.946804e+01
4.035303e+01 3.074236e+01
-1.456741e+01 3.484950e+01
-1.535127e+01 4.207799e+01
-4.364336e+00 8.712251e+01
-3.321409e+00 5.212695e+01
-4.928404e+00 6.906517e+01
3.607390e+01 5.916124e+00
4.870183e+01 8.816886e+00
4.334996e+01 2.213177e+01
1.026437e+01 5.575982e+01
-8.485782e+00 -1.999153e+00
1.289855e+01 8.785024e+00
1.586126e+01 -2.028003e+01
4.498148e+01 3.653178e+01
5.369999e+01 5.014833e+01
2.641145e+01 3.011895e+01
-1.998324e+00 6.394296e+01
6.569635e+01 4.747779e+01
2.746061e+01 1.777416e+01
2.705663e+01 4.637240e+01
5.768665e+01 6.606583e+01
2.270493e+01 9.049776e+01
1.846677e+01 1.023994e+02
4.192801e+01 9.936661e+01
8.617499e+00 1.026276e+02
5.214758e+00 8.546797e+01
1.433621e+01 1.020027e+02
3.310435e+01 8.508527e+01
2.116634e+01 8.676787e+01
-9.232032e+00 6.061564e+01
-8.165426e+00 6.836618e+01
4.536266e+00 3.587552e+01
-4.663248e-01 6.966800e+01
8.931362e+00 5.640471e+01
5.754802e+00 4.387173e+01
1.634650e+01 2.300945e+01
8.985014e+00 2.153607e+01
-8.289250e+00 3.892754e+01
1.523710e+01 1.500143e+01
6.112332e+00 1.674659e+01
1.612005e+01 2.352117e+01
1.716567e+01 3.870312e+01
-1.445378e+00 5.622309e+01
1.734362e+01 2.808471e+01
2.111668e+01 1.092605e+01
-9.880044e+00 4.622705e+01
1.476130e+01 2.842390e+01
4.669858e+00 1.915165e+01
2.272783e+01 2.283937e+01
-9.251077e+00 7.240510e+01
-1.912268e+01 4.823609e+01
1.429192e+01 6.429290e+01
-1.577323e+00 5.635968e+01
-8.504845e+00 5.778147e+01
1.999257e+01 8.101077e+01
1.530272e+01 7.043547e+01
1.778028e+01 5.795050e+01
-6.512997e-01 4.692196e+01
-6.631439e+00 3.889255e+01
-8.835682e+00 5.384187e+01
8.708011e-01 3.442975e+01
-1.040725e+00 5.797912e+01
1.146395e+01 6.954279e+01
-1.508624e+01 6.346867e+01
-5.731550e+00 5.361444e+01
-1.007482e+01 5.426724e+01
-1.894309e+00 6.050131e+01
1.469329e+01 2.608870e+01
3.180767e+01 1.753322e+01
1.780770e+01 4.057546e+01
1.063645e+01 5.810079e+01
4.429643e+00 3.488473e+01
3.321969e+00 5.501210e+01
1.659801e+01 6.935958e+01
-7.758362e+00 7.343058e+01
3.212779e+01 7.039573e+01
4.730168e+01 6.088024e+01
4.625054e+00 6.392913e+01
2.292047e+00 5.288966e+01
2.444928e+01 7.921849e+01
3.578873e+00 5.554787e+01
4.618847e+01 6.065092e+01
3.475894e+01 4.183704e+01
6.551010e+01 4.276662e+01
6.453117e-01 3.096856e+01
2.978576e+01 4.487186e+01
4.873445e+00 3.975634e+01
5.041537e+00 6.040843e+01
8.110566e-01 6.992908e+01
2.516775e+01 4.438702e+01
8.615592e-01 4.528910e+00
4.382124e+00 4.097338e+01
-1.219233e+01 8.209477e+01
3.586212e+00 5.379987e+01
6.657713e+00 6.360599e+01
9.171937e+00 7.086367e+01
1.049489e+01 4.998264e+01
6.710672e+00 3.523369e+01
-4.694968e+00 8.131514e+01
2.079334e+01 3.798127e+01
1.058566e+01 3.885343e+01
4.028102e+00 2.194171e+01
2.493088e+01 3.839046e+01
6.304669e+00 5.536759e+01
8.767451e+00 3.728998e+01
1.249407e+01 5.336218e+01
9.409178e+00 3.766696e+01
-9.784213e-01 5.133560e+01
-1.307225e+01 6.694562e+01
5.217868e+00 6.595521e+01
-1.575525e+01 8.015429e+01
1.227911e+01 4.470920e+01
2.522951e+00 3.265083e+01
-1.689795e+01 6.306873e+01
2.468668e+01 4.218201e+01
1.012796e+01 7.239193e+01
3.038522e+01 3.933169e+01
1.610369e+01 4.055508e+01
4.482498e+01 3.616489e+01
-1.847572e+00 6.468156e+01
1.726128e+01 8.187719e+01
6.631892e-01 5.445577e+01
9.472012e+00 2.958184e+01
-9.145715e+00 5.557470e+01
2.963428e+01 3.180581e+01
3.570255e+01 3.754056e+01
5.005419e+01 2.355822e+01
4.892033e+01 2.176594e+00
4.836665e+01 3.031523e+01
6.055659e+01 1.093365e+01
5.983297e+01 4.067429e+01
2.921993e+01 6.241425e+01
4.060224e+01 4.163070e+01
-1.217993e+01 2.115222e+01
3.924186e+01 6.524106e+01
3.933209e+01 5.076126e+01
3.160790e+01 3.794530e+01
2.624747e+01 6.359472e+01
1.111297e+01 3.733878e+01
2.899423e+01 8.988086e+01
1.266734e+00 6.192105e+01
1.096926e+01 4.457235e+01
1.984685e+01 9.884360e+00
1.986499e+01 3.803464e+00
-4.986238e+00 5.427979e+01
3.732337e+00 4.628865e+01
-1.210001e+01 4.339212e+01
1.748387e+01 5.228793e+01
2.489935e+00 5.455291e+01
1.503022e+01 6.476902e+01
3.076304e+01 5.201305e+01
-7.691430e+00 6.176545e+01
-9.006580e+00 4.366851e+01
-1.227038e+00 5.185684e+01
3.610785e+01 4.080457e+01
5.931987e+01 5.732822e+01
8.322344e-01 4.141561e+01
3.000578e+01 5.513027e+01
2.142690e+01 6.867630e+01
4.831735e+01 5.407385e+01
1.702800e+01 2.245195e+01
2.066241e+01 3.633971e+01
6.962208e+00 6.886635e+01
-2.166556e+00 6.099959e+01
1.395659e+01 3.477695e+01
2.850833e+01 6.749827e+01
9.086240e-01 7.692459e+01
1.943502e+01 4.189001e+01
1.428940e+01 5.475035e+01
4.365747e+01 8.522699e+01
2.844294e+00 6.002831e+01
-6.144571e+00 3.681816e+01
-2.814733e+00 3.679759e+01
7.655534e+00 4.741548e+01
1.590551e+01 3.996503e+01
1.832547e+00 7.638704e+01
1.620026e+01 6.887204e+01
7.731839e+01 5.179547e+01
5.214394e+01 8.673431e+01
6.671833e+01 5.282278e+01
6.844426e+01 6.321402e+01
5.640212e+01 3.526299e+01
8.136034e+01 5.568552e+01
3.203028e+01 8.709221e+01
-1.272934e+01 7.200559e+01
1.379309e+01 3.302096e+01
2.900754e+01 4.893906e+01
6.524570e+00 2.609614e+01
9.705145e-01 3.928353e+01
3.318577e+01 1.022544e+01
2.574071e+01 2.780835e+01
4.834078e+01 5.596580e+00
2.331532e+01 -5.903580e+00
4.373989e+01 1.856622e+01
5.183482e+01 3.796543e+01
3.399659e+01 4.217589e+01
3.066901e+01 6.642686e+01
5.200338e+00 6.542974e+01
-4.062745e+00 6.376571e+01
3.645251e+01 4.310744e+01
2.501497e+01 1.522110e+01
1.356624e+01 2.217602e+01
2.776492e+01 8.983834e+01
7.458107e+01 6.671900e+01
3.839764e+01 9.249242e+01
1.513205e+01 8.728940e+01
3.563300e+01 1.020611e+02
1.300123e+01 8.926226e+01
-1.868094e+01 5.835535e+00
4.944286e+00 5.149134e+00
-9.962245e+00 4.075728e+01
6.282468e+00 6.250668e+01
-5.099961e+00 4.465519e+01
-1.330213e+01 7.347019e+01
-2.723946e+00 6.522379e+01
8.375883e+00 4.265468e+01
9.571452e+00 3.289155e+01
-1.893961e+01 5.815794e+01
-3.848792e+00 2.425488e+01
-9.745719e+00 5.688374e+01
2.500885e+00 4.608258e+01
2.466625e+01 4.805590e+01
1.191808e+01 3.821634e+01
9.299324e+00 1.712797e+01
2.292640e+01 2.577756e+01
2.476040e+01 3.867321e+01
1.871877e+00 3.993754e+01
1.189135e+01 3.306218e+01
3.010669e+00 5.922348e+01
3.027400e+01 6.543111e+01
1.406574e+01 7.664858e+01
1.583009e+01 7.189950e+01
4.078011e+01 4.596302e+01
5.091764e+01 5.718880e+01
-2.026804e+01 4.391868e+01
4.376766e+01 8.248816e+01
6.173591e+00 2.781978e+01
1.080776e+01 3.413732e+01
7.240012e+00 4.807045e+01
3.410180e+01 1.586751e+01
-3.111601e+00 4.718978e+01
1.879638e+01 3.957513e+01
7.186436e-01 3.418920e+01
1.809725e+00 5.594194e+01
6.889031e+00 6.916441e+01
-3.356976e+00 6.361468e+01
1.928885e+01 3.625350e+01
1.586432e+01 5.304040e+01
1.261075e+01 3.917408e+01
2.844458e+01 4.515870e+01
1.364781e+01 2.714517e+01
1.032826e+01 7.406092e+01
-1.711114e+00 6.416186e+01
-1.121645e+01 2.885720e+01
3.690162e+01 3.320141e+01
2.040986e+01 3.764468e+01
2.899014e+01 2.919025e+01
2.088264e+01 7.013446e+01
2.344531e+01 5.537582e+01
2.055441e+01 5.355184e+01
9.056381e+00 6.261699e+01
-1.421621e+00 5.662049e+01
-1.068507e+01 5.831887e+01
-5.339023e-01 9.991799e+01
2.446114e+01 7.161436e+01
1.697533e+01 2.539902e+01
1.472298e+01 3.121864e+01
2.971514e+01 4.959460e+01
4.740263e+01 1.038457e+02
2.631867e+01 5.026187e+01
2.224945e+01 8.054998e+01
-7.626279e+00 7.370576e+01
2.857297e+01 7.130230e+01
5.322298e+01 4.196974e+01
4.913906e+01 4.459746e+01
1.031711e+01 1.035075e+01
2.182261e+00 6.615551e+01
-7.199329e-01 9.204406e+01
2.920446e+00 4.763205e+01
5.096315e+01 -1.181698e+01
2.992677e+01 1.588317e+01
3.578656e+01 4.030224e+01
3.263671e+01 5.645666e+01
-7.240678e+00 7.581076e+01
2.879687e-01 8.217278e+01
1.115931e+01 7.088244e+01
-1.598444e+01 7.782849e+01
-2.453001e+01 3.971751e+01
1.806020e+01 6.216437e+01
3.011548e+01 4.384537e+01
2.411636e+01 5.596859e+01
2.735006e+01 1.036025e+02
1.767800e+01 3.263282e+01
7.041296e+00 6.517026e+01
-4.957909e-01 6.119499e+01
-5.099478e+00 3.700462e+01
-1.162309e+01 5.863270e+01
8.696907e+00 3.775049e+01
6.708479e+00 5.859125e+01
1.750268e+01 1.568969e+01
9.332749e+00 2.730413e+01
1.473102e+01 4.775367e+01
1.381120e+01 3.344346e+01
6.149917e+00 4.707102e+01
2.027707e+01 4.200227e+01
1.511807e+00 3.471610e+01
1.271996e+01 2.111368e+01
2.179466e+01 1.483460e+01
8.816795e+00 2.669887e+01
6.730301e+00 7.828374e+01
3.157662e+00 4.872306e+01
-7.263326e+00 3.438203e+01
-8.257971e+00 4.112854e+01
3.249779e+00 4.631766e+01
-6.882760e+00 7.261507e+01
8.021709e+00 5.387884e+01
-1.533397e+01 4.721870e+01
1.997962e+01 3.813065e+01
-9.610776e+00 5.026859e+01
1.607344e+01 4.901882e+01
4.731267e+01 7.061388e+01
5.755950e+01 6.811837e+01
5.547808e+01 6.330796e+01
5.660981e+01 4.476941e+01
2.122817e+01 2.026914e+01
1.591607e+01 5.065698e+01
1.211069e+00 3.700349e+01
1.471468e+01 1.563230e+01
4.202105e+00 1.623163e+01
5.035629e+01 2.880920e+01
5.463182e+00 4.790971e+01
-3.099320e+00 6.700649e+01
3.008446e+00 6.321892e+01
2.270340e+01 3.920081e+01
1.243577e+01 3.061471e+01
8.023213e+00 5.664388e+01
7.959584e+00 5.673518e+01
-1.376587e+00 5.773936e+01
6.528938e-01 5.645325e+01
7.551619e+00 5.390058e+01
-1.231773e+01 6.925424e+01
1.286361e+01 7.599031e+01
-8.917923e+00 6.226855e+01
2.753115e+01 4.485332e+01
5.139525e+01 3.883814e+01
4.488921e+01 4.772229e+01
4.157564e+01 3.653322e+01
2.148692e+01 4.072795e+01
3.201253e+01 3.855002e+01
-1.284345e+01 4.583804e+01
-3.827658e+00 5.472651e+01
1.982133e+01 5.625683e+01
2.865677e+01 5.827061e+01
2.266516e+01 7.102558e+00
2.889608e+01 2.114883e+01
1.918184e+01 6.725722e+01
4.362269e+00 4.719328e+01
1.118933e+00 5.696540e+01
1.780845e+01 4.637188e+01
-2.999080e-02 3.446895e+01
-9.636620e+00 6.710867e+01
4.480146e+01 3.637214e+01
4.707397e+01 3.532578e+01
-1.466467e+01 7.321298e+01
-4.586663e+00 9.241597e+01
8.217601e+00 4.907728e+01
-8.280614e-01 6.368974e+01
2.065771e+01 3.379324e+01
3.451209e+01 4.957811e+01
1.428259e+00 9.811568e+01
-2.100204e+01 9.823800e+01
1.335662e+01 9.339579e+01
-1.381275e+01 8.253080e+01
9.847572e-01 7.214237e+01
2.884423e+01 5.472364e+01
-1.156748e+01 1.010823e+02
2.749912e+01 5.999733e+01
1.337018e+00 6.361849e+01
-1.066895e+01 6.262501e+01
1.609147e+01 7.315658e+01
-1.033721e+01 4.024553e+01
-7.897772e+00 5.496316e+01
3.438832e-01 7.845758e+01
-1.169373e+01 6.380030e+01
6.489106e+00 7.178460e+01
1.280134e+01 3.672884e+01
-9.004730e+00 7.488859e+01
-9.387628e+00 6.605980e+01
6.580060e+00 8.758891e+01
9.564260e+00 7.140678e+01
5.190058e+00 7.927368e+01
2.539535e+01 3.364579e+01
9.308014e+00 3.227630e+01
3.126784e+01 6.329181e+01
3.463752e+01 3.481128e+01
6.567979e+00 4.399265e+01
1.175594e+00 3.895451e+01
9.000382e+00 4.394120e+01
3.520460e-02 1.473520e+01
1.184485e+01 4.922938e+01
6.429537e+00 5.033616e+01
2.618015e+01 3.896690e+01
6.186304e+00 5.982204e+01
2.322786e+01 2.347276e+01
1.339655e+01 -6.079516e+00
2.697689e+01 3.498641e+01
3.185955e-01 5.649707e+01
6.935106e+00 4.159793e+01
1.490584e+01 3.546264e+01
3.980739e+01 2.342345e+01
1.943384e+01 5.206641e+01
8.527691e-01 5.311951e+01
3.014599e+00 4.566334e+01
2.358955e+01 2.992063e+01
-7.174766e+00 5.166213e+01
1.993663e+01 3.043163e+01
1.201140e+01 2.579958e+01
2.633271e+01 3.396569e+01
6.568271e+00 3.874240e+01
3.069090e+01 6.831400e+00
1.467181e+01 -1.498523e+00
2.071724e+01 3.778568e+01
3.338124e+01 2.755322e+01
-2.791228e+00 4.045749e+01
1.915975e+01 3.385776e+01
1.116647e+01 -7.504693e+00
1.224244e+00 3.390102e+01
2.963054e+01 1.423015e+00
1.796756e+01 1.277394e+01
-2.020824e+00 5.605551e+01
4.988769e+00 5.662265e+00
3.763759e+00 3.443491e+01
3.054742e+01 1.012905e+01
1.610877e+01 -2.850578e+00
-4.139114e+00 6.568057e+00
3.007279e+01 1.752059e+00
2.172846e+01 3.656193e+01
1.432196e+01 7.210095e+00
2.057722e+01 2.169716e+01
5.657689e+00 2.496922e+01
2.132172e+01 1.908937e+01
2.898326e+01 1.377777e+00
2.451929e+01 8.023843e+00
2.751985e+01 1.506685e+00
4.503366e+01 3.994219e+01
-1.255165e+01 5.815597e+01
-9.976632e+00 1.035814e+01
1.353466e+01 3.359049e+01
-1.912140e+01 3.521375e+01
-1.775467e+00 3.706797e+01
-1.336793e+01 3.059204e+01
1.104923e-01 3.384674e+01
2.071384e+01 2.968782e+01
1.244188e+00 4.884462e+01
-2.901904e+00 2.667447e+01
8.309777e+00 2.167310e+01
1.074962e+01 2.523338e+01
9.632175e+00 3.532836e+01
-1.354395e-01 6.364725e+01
2.168702e+00 4.283744e+01
6.512834e+00 6.781070e+01
-8.948040e+00 5.221761e+01
1.401615e+01 2.299788e+01
-1.766953e+00 6.207460e+01
-6.921912e+00 5.425719e+01
-2.886262e+00 6.737269e+01
1.701152e-01 3.283565e+01
-4.815156e+00 7.773650e+01
-2.115551e+00 3.458007e+01
3.133706e+00 4.999499e+01
8.097515e+00 4.890671e+01
2.795323e+00 7.749731e+01
9.733881e+00 4.899611e+01
7.618561e+00 4.369992e+01
9.384621e+00 4.856622e+01
1.707578e+01 6.571445e+01
-1.295732e+01 5.078395e+01
7.352437e+00 3.717002e+01
2.335784e+01 3.535614e+01
2.944359e+01 4.507423e+01
-3.416841e+00 7.084356e+01
-4.996457e+00 6.465331e+01
2.342142e+01 5.406827e+01
-6.037516e+00 5.511865e+01
8.429051e+00 3.867602e+01
1.001019e+01 5.830778e+01
2.544522e+01 2.720250e+01
5.558706e+00 2.879725e+01
6.544257e+00 2.120937e+01
-1.935126e+00 3.418565e+01
7.087847e+00 5.159015e+01
1.575808e+01 4.409444e+01
6.153671e-01 3.907988e+01
-1.976441e+00 6.275836e+01
1.551930e+01 5.212186e+01
-2.363522e+00 5.004423e+01
1.171234e+01 4.407464e+01
2.607019e+01 3.326549e+01
-2.229781e+00 6.250644e+01
-1.017241e+01 3.774818e+01
1.473529e+01 1.721380e+01
7.959018e+00 2.866012e+01
1.438391e+01 1.305109e+01
6.064980e+00 3.295500e+01
2.312916e+00 4.883446e+01
8.106165e+00 3.272728e+01
1.716181e+01 3.488887e+01
1.133360e+01 1.154053e+01
3.285118e+01 1.473587e+01
1.519044e+01 5.384646e+01
1.995654e+01 6.303727e+01
-2.656753e+00 5.924285e+01
-1.740935e+01 7.977283e+01
1.007928e+01 4.977925e+01
6.367965e+00 7.347441e+01
1.152746e+01 7.307283e+01
1.346015e+01 4.817916e+01
8.730350e+00 3.945678e+01
9.203113e+00 7.587023e+01
1.148332e+01 4.230303e+01
4.861280e+01 5.865476e+01
3.324393e+01 3.208610e+01
8.802320e+00 2.220220e+01
5.593792e+01 4.044413e+01
3.079661e+01 5.130698e+01
5.492496e+01 4.761397e+01
3.879107e+01 4.198159e+00
4.541706e+01 5.909522e+01
2.187021e+01 3.275420e+01
-1.266782e+01 6.041024e+01
4.048810e+01 4.473090e+01
1.199337e+01 6.912357e+01
3.812899e+01 6.855155e+01
4.369233e+01 5.530114e+01
3.582700e+01 2.485666e+01
2.882917e+00 5.509935e+01
-4.379245e+00 6.058847e+01
-1.928872e+01 6.247790e+01
-1.096523e+01 6.027474e+01
1.582033e+01 6.910489e+01
8.404800e+00 6.768630e+01
4.467995e+00 4.392679e+01
-9.357797e+00 6.851243e+01
7.568467e+00 4.082980e+01
6.253266e+00 5.574847e+01
1.363003e+01 8.101826e+01
-1.326466e+00 3.983076e+01
1.950344e+01 2.641617e+01
