-8.716134e+00 -3.890304e+01 -2.149692e+01 -1.548213e+00
-1.461198e+01 -4.378768e+01 -2.083039e+01 1.555458e+00
-1.863035e+01 -5.659061e+01 -3.549530e+01 1.821990e+01
-4.105969e+00 -3.839559e+01 -2.563714e+01 6.166008e+00
-1.136854e+00 -3.718168e+01 -1.283522e+01 5.495694e+00
-1.630994e+01 -3.623756e+01 -1.373857e+01 5.736662e+00
-1.371009e+00 -3.071317e+01 -1.858984e+01 3.502754e+00
-1.673735e+01 -4.759429e+01 -2.839882e+01 2.589510e+00
-7.884310e+00 -3.883339e+01 -1.261689e+01 -4.071271e+00
-5.215295e+00 -5.057782e+01 -9.826428e+00 -4.779003e+00
-3.230624e+01 -4.360403e+01 6.152280e-01 -3.183444e+01
7.228619e+00 -2.909024e+01 -2.781660e+00 2.518788e+01
-3.577869e+00 -4.426385e+01 6.126151e+00 2.225072e+01
3.939436e+00 -3.244637e+01 -5.772130e+00 2.422445e+01
-1.771735e+01 -4.383817e+01 -1.702900e+01 7.119211e+00
-1.977347e+01 -5.336894e+01 8.746857e+00 -1.704413e+01
-9.324346e+00 -3.646937e+01 -1.156090e+01 -1.624024e+01
-2.397411e+00 -3.952472e+01 3.721389e+00 2.554578e+00
-1.121625e+01 -3.609630e+01 -1.403121e+01 4.576060e+00
-1.879183e+01 -4.241084e+01 -1.284466e+01 6.434181e+00
2.863072e+00 -2.574097e+01 -6.092025e+00 1.475740e+01
-1.009334e+01 -3.324706e+01 -1.381427e+00 3.615435e+00
-1.374709e+01 -2.846369e+01 -3.407372e+01 5.362024e+00
-1.869061e+01 -7.370597e+01 7.806509e+00 -1.428963e+01
-2.747910e+01 -7.740751e+01 -3.133797e+00 -1.159108e+01
-2.166369e+01 -3.987870e+01 -1.340738e+01 -1.503806e+00
-1.822971e+01 -5.356549e+01 -1.649915e-01 -3.711733e+00
-2.099615e+01 -5.321122e+01 -4.333121e-01 -4.071413e+00
-2.346536e+01 -4.707691e+01 7.753797e-01 -1.754355e+01
-1.097176e+01 -5.127250e+01 -7.299729e+00 1.031370e+01
-2.298837e+01 -5.888030e+01 -7.181770e+00 8.135446e+00
-2.237285e+01 -4.707795e+01 1.247596e+01 -2.503577e+00
-1.406113e+01 -5.664332e+01 5.444311e+00 9.312254e+00
-2.084694e+01 -5.837148e+01 1.037607e+01 2.016124e+00
-8.502003e+00 -4.491341e+01 1.026654e+00 1.949653e+01
-5.116542e-01 -3.655255e+01 -1.317339e+01 9.600199e+00
-1.877497e+01 -5.853402e+01 1.028946e+00 2.799844e+00
-2.098991e+01 -5.438104e+01 -2.022195e+01 -6.502100e+00
-1.249169e+01 -3.826308e+01 9.818551e+00 -1.253369e-01
-1.532545e+01 -6.392435e+01 -1.872935e-01 1.425651e+01
-2.401536e+01 -4.788684e+01 -4.095569e+00 -4.100511e-01
-3.127039e+01 -4.971686e+01 -1.842068e+01 1.538987e+01
-1.734339e+01 -6.350696e+01 6.840426e+00 1.696400e-01
-2.580538e+01 -4.845962e+01 -1.797803e+00 2.132944e-02
-2.943982e+01 -4.187102e+01 -9.540473e+00 4.791671e-01
-3.063038e+01 -6.197416e+01 7.828040e+00 1.191966e+00
-2.084922e+01 -4.619837e+01 1.802992e+01 -6.176874e+00
-1.477195e+01 -5.037869e+01 1.140203e+01 5.311592e+00
-2.932149e+01 -5.144780e+01 1.713225e+01 -1.476737e+01
-9.239135e+00 -3.218999e+01 9.944142e-01 8.589887e+00
-1.998772e+01 -4.738838e+01 1.857530e+01 1.210952e+01
-2.993956e+01 -6.401255e+01 -1.167829e+01 -9.293136e+00
-1.801923e+01 -7.551194e+01 1.936729e+01 -6.371933e+00
-1.796555e+01 -4.887671e+01 1.583401e+01 -2.294970e+00
-2.859376e+01 -6.857031e+01 1.217261e+00 7.303397e-01
-2.721676e+01 -6.896930e+01 -5.419053e+00 -6.940093e+00
-1.905583e+01 -6.007064e+01 7.465186e+00 -5.331332e+00
-1.177571e+01 -4.997469e+01 -1.517006e+00 1.875829e+01
-9.026312e+00 -3.035058e+01 5.935473e+00 -2.761441e+00
-1.547917e+01 -4.866016e+01 1.021899e+01 -6.229400e+00
-6.168116e+00 -3.670903e+01 6.003169e+00 2.908877e+00
7.434652e-01 -3.468354e+01 3.364640e+00 1.637125e+01
-2.607070e+00 -4.022045e+01 7.405505e-01 7.093321e+00
-5.299209e+00 -4.804954e+01 -3.901403e-01 4.624470e+00
-4.015999e+00 -4.613723e+01 2.484617e+00 1.013583e+01
-2.468225e+01 -4.816611e+01 1.989417e+00 -7.811357e+00
-2.142941e+01 -5.943138e+01 1.807672e+01 -6.218108e+00
-7.525432e+00 -3.669537e+01 1.411326e+01 -2.922204e+00
-2.791563e+01 -3.899032e+01 1.101560e+01 -8.317001e+00
-5.993047e+00 -3.717233e+01 1.141308e+01 6.327761e+00
-3.024515e+01 -5.319680e+01 1.835321e+01 -9.544255e+00
-1.436233e+01 -4.001931e+01 1.537457e+01 3.503268e+00
-1.564722e+01 -4.898182e+01 6.398491e+00 -2.074387e+00
-5.224094e+00 -3.192407e+01 -1.339333e+01 7.974346e-01
-4.796124e+00 -4.320863e+01 -4.400337e+00 9.718655e-01
-1.952931e-01 -3.124346e+01 -3.148725e-01 8.023879e+00
-1.069356e+01 -4.977504e+01 2.087980e+01 9.302105e-01
-3.135986e-01 -5.440772e+01 5.164958e+00 -1.435386e+00
-2.067551e+00 -5.795277e+01 1.617331e+00 5.593951e+00
-1.378675e+01 -6.367575e+01 -2.221574e+01 -2.611643e+01
1.391216e+00 -5.681361e+01 8.280566e+00 1.387191e+00
-1.370513e+01 -5.209407e+01 6.119880e+00 -1.706452e+01
1.730143e+01 -4.229304e+01 -1.514978e+01 4.601514e-02
-9.957928e+00 -6.307849e+01 6.018082e+00 8.672509e+00
-7.531818e+00 -4.298127e+01 4.213659e+00 1.104717e+01
-4.287354e+00 -4.812152e+01 6.184986e+00 1.871204e+01
-2.621840e+01 -6.384365e+01 1.190850e+01 -2.729057e+00
1.383722e+01 -3.236901e+01 5.994115e+00 2.313006e+01
-1.183156e+01 -4.623988e+01 1.488249e+01 8.059437e-01
-1.383366e+01 -4.992285e+01 3.667915e+00 4.027204e+00
-1.458245e+00 -2.981030e+01 -5.577772e+00 1.363953e+01
-2.597512e+01 -5.574870e+01 8.091195e+00 -1.522957e+01
-3.135109e+01 -5.371409e+01 5.983199e+00 -7.783026e+00
-3.549436e+01 -8.910362e+01 8.828470e+00 -3.009404e+00
-2.052925e+01 -4.273864e+01 -5.036165e+00 -1.395349e+01
-2.571030e+01 -4.854133e+01 -6.404121e+00 4.158791e+00
-2.416476e+01 -5.899181e+01 1.275561e+01 -8.042410e+00
-2.553020e+01 -6.487519e+01 1.182754e+01 -1.106919e+01
-1.737010e+01 -7.105269e+01 8.011995e+00 1.295224e+01
-2.362429e+01 -4.768047e+01 -1.429749e+01 5.061350e+00
-2.176090e+01 -5.584701e+01 -1.190080e+01 -1.233767e+01
-1.070548e+01 -4.913403e+01 -1.962251e+01 1.022190e+01
-1.037253e+01 -4.935711e+01 -1.171537e+01 3.686908e+00
-2.195686e+01 -6.431395e+01 -3.779882e+00 4.578081e+00
5.689391e-01 -5.520725e+01 1.832146e+01 -3.628532e-01
-1.227989e+01 -4.485430e+01 -4.656801e+00 5.904974e+00
8.662455e+00 -4.957986e+01 -2.594862e+01 2.583328e+01
-1.737692e+00 -5.951721e+01 -1.154299e+01 1.763804e+01
-8.502183e+00 -3.985212e+01 1.713251e+00 1.685564e+00
-1.311074e+01 -4.930910e+01 -2.677318e+00 8.495280e+00
-1.641725e+01 -5.358648e+01 1.981396e+01 -1.148804e+00
-1.595495e+01 -4.542618e+01 5.612996e+00 7.025495e-02
-2.428738e+01 -5.592535e+01 1.075317e+01 -7.767078e+00
-1.972114e+01 -5.209338e+01 2.562665e+00 1.571783e+00
-2.567515e+00 -4.271274e+01 -5.359465e+00 -2.468462e+00
-1.794496e+01 -5.738682e+01 -4.377003e+00 1.010453e+01
-9.030795e+00 -4.321518e+01 8.144496e-01 -5.336601e-01
-1.608401e+01 -5.831843e+01 1.701989e+01 -2.016237e+01
-2.369096e+01 -6.026811e+01 8.090054e+00 -7.802161e+00
-1.628854e+01 -5.640180e+01 7.962120e-01 -9.178536e+00
-1.145490e+00 -4.829744e+01 1.785988e+01 8.100673e+00
-1.823258e+01 -5.233210e+01 6.832029e+00 4.638955e+00
-2.209604e+01 -5.291682e+01 2.269350e+00 7.929227e+00
-1.824195e+01 -5.154450e+01 8.655255e+00 -6.566646e+00
-9.789328e+00 -4.474753e+01 7.516443e+00 -1.026592e+00
-9.042388e+00 -4.615423e+01 -1.020941e+01 6.998101e-01
-2.214592e+01 -5.481080e+01 5.311168e+00 -9.431626e+00
-6.501572e+00 -3.893550e+01 4.533095e+00 1.769387e+01
-1.396680e+01 -3.805366e+01 -1.710157e+01 -2.611118e+00
-4.492696e+00 -2.993436e+01 2.029283e-01 9.215253e+00
-1.359896e+01 -3.762492e+01 6.389644e+00 2.119080e+00
-1.232546e+00 -3.571554e+01 6.904158e+00 1.206430e+01
-1.631309e+01 -4.381390e+01 9.967559e+00 -4.556501e+00
-2.995430e-01 -2.992278e+01 -1.120300e+01 9.580321e+00
-1.502100e+01 -2.826823e+01 8.983186e-01 9.533262e-01
-6.564301e+00 -3.540696e+01 1.395294e+01 5.335417e+00
-2.361797e+01 -6.532721e+01 1.612459e+01 -6.866224e+00
-1.326252e+01 -3.355557e+01 -3.183035e+01 9.741842e+00
-2.236419e+01 -3.438677e+01 -1.580745e+01 7.873812e+00
-1.539157e+01 -3.693076e+01 -2.421123e+01 6.140309e+00
-2.620826e+01 -5.529792e+01 6.212399e+00 -7.277356e+00
-1.796579e+01 -4.613634e+01 -7.381713e+00 1.141723e+01
-4.613610e+00 -5.441476e+01 4.650526e+00 -1.936057e+00
-5.076784e+00 -5.056988e+01 1.834985e-01 6.413313e+00
1.096620e-02 -4.595087e+01 -1.272289e+01 1.359734e+00
-1.662602e+01 -5.820556e+01 -4.309682e+00 2.578582e+00
-1.792432e+01 -4.955545e+01 7.370562e+00 -4.678824e+00
1.137884e+01 -4.337829e+01 -8.383362e+00 7.225895e+00
7.445087e+00 -4.261882e+01 -1.446037e+01 6.532766e+00
-1.831627e+01 -4.766703e+01 -1.147152e+01 -3.370734e+00
-2.273438e+01 -5.087289e+01 -3.564145e+00 1.537645e+00
-1.804237e+01 -5.539521e+01 -9.350483e-02 3.419220e+00
-1.789752e+01 -3.464697e+01 -2.386971e+01 2.811059e+00
-2.235509e+01 -4.538332e+01 -8.281944e+00 3.739377e+00
-1.270563e+01 -6.930635e+01 1.780785e+01 -9.603925e+00
-5.982576e+00 -4.745053e+01 -1.577694e+01 -2.597034e+00
-3.034151e+01 -7.610199e+01 -5.578581e+00 3.555665e+00
-1.762414e+01 -3.270283e+01 -1.089516e+00 7.391200e+00
-1.323552e+01 -4.617533e+01 9.155077e+00 2.866021e+00
-2.863128e+00 -3.913926e+01 1.767268e+00 1.608259e+01
-1.567480e+01 -4.843808e+01 7.595696e+00 2.972245e+00
-9.991427e+00 -3.657174e+01 4.290608e+00 4.934617e+00
2.676214e+00 -3.277425e+01 1.121525e+01 2.033740e+01
-1.177846e+01 -5.461287e+01 7.733771e+00 2.097523e+00
-6.547512e+00 -5.010100e+01 -1.032481e+01 5.177340e+00
-7.323382e+00 -4.388033e+01 -1.573599e+01 2.413489e+01
-1.524337e+01 -3.060843e+01 -3.211372e+00 5.571451e+00
-2.434852e+01 -4.341852e+01 -3.083189e+00 -1.207113e+01
-1.579310e+01 -3.209622e+01 -1.169950e+01 -5.326092e-02
-9.467858e+00 -3.953077e+01 -1.775553e+01 1.525972e+01
-6.812892e+00 -4.281848e+01 1.002429e+01 1.015291e+01
-1.093917e-01 -3.903907e+01 1.446510e+01 1.450200e+01
-2.867322e+01 -5.871048e+01 -1.206455e-01 -1.124325e+01
-8.875867e+00 -4.431697e+01 4.554879e+00 6.926679e+00
-1.061148e+01 -3.946004e+01 9.963440e+00 3.451211e+00
-5.754195e+00 -3.443832e+01 9.983201e+00 8.695651e+00
-2.957918e+00 -1.964316e+01 -2.345018e+00 -2.179756e-01
-3.043332e+00 -4.606736e+01 -3.288070e+01 8.029281e+00
-1.729168e+01 -4.235413e+01 -5.116359e+01 1.644024e+01
1.238058e+01 -2.891678e+01 -2.208392e+01 2.818534e-01
-2.203469e+01 -3.273711e+01 -1.581699e+01 -1.317765e+00
-1.328136e+01 -6.005141e+01 1.372498e+01 -1.595653e+01
-1.688071e+01 -3.477617e+01 -9.329724e+00 5.973864e+00
-1.314625e+01 -4.977453e+01 -1.838151e+01 1.731850e+01
-1.889967e+01 -4.269777e+01 2.588663e+00 -5.692974e+00
-1.334171e+01 -4.233717e+01 -2.767972e+00 5.015404e+00
-1.921114e+01 -4.003305e+01 -6.103420e+00 5.348029e+00
-7.197713e+00 -4.565274e+01 1.606384e+01 6.018318e+00
-2.944811e+01 -6.005703e+01 2.537124e+00 -2.231596e+00
-9.846583e+00 -6.391231e+01 1.754880e+01 5.480066e+00
-8.345003e+00 -4.828838e+01 2.711377e+00 6.018807e+00
-9.720219e+00 -4.439767e+01 -5.713486e+00 1.399143e+01
-1.865940e+01 -5.239668e+01 4.887532e+00 1.462744e+00
-1.778238e+01 -4.266269e+01 6.677276e+00 -9.799312e+00
-9.847028e+00 -3.848258e+01 4.836376e+00 1.008734e+01
-2.649069e+01 -6.018114e+01 -1.144415e+00 2.282706e+00
-1.841106e+01 -5.889298e+01 5.912025e-01 8.334326e-01
-1.806606e+01 -5.628744e+01 -8.244231e-01 8.574868e-01
-2.683763e+01 -4.979188e+01 -1.300598e+01 2.562129e-01
-1.086833e+01 -2.837482e+01 -4.955009e+01 1.074323e+01
-1.171682e+01 -3.685935e+01 6.191595e+00 -6.185711e+00
-5.840271e+00 -5.360626e+01 -9.734573e+00 1.964322e+01
-1.804496e+01 -4.511512e+01 -3.195445e+00 4.323892e+00
-3.385980e+01 -7.278081e+01 -1.657622e+01 2.665721e+00
-6.216185e+00 -2.938931e+01 -4.004811e+00 1.369449e+01
-4.073550e+00 -4.904447e+01 3.042834e+00 1.147427e+01
-1.592432e+01 -6.092970e+01 1.275985e+01 -9.476937e+00
-9.774265e+00 -5.853832e+01 5.551641e+00 9.900168e+00
-8.874017e+00 -5.408947e+01 7.172692e+00 5.898911e+00
-1.152930e+01 -5.367166e+01 1.442135e+01 1.990243e+00
4.979919e+00 -4.630836e+01 6.342959e+00 9.761506e+00
-1.585777e+01 -4.148164e+01 1.419631e+01 -1.275378e+01
-4.203495e+00 -4.274660e+01 -1.244928e+00 1.398369e+01
-3.074189e+01 -6.019346e+01 -7.146162e+00 -5.049297e+00
-2.021530e+01 -3.832097e+01 -3.214271e+00 -2.121529e+00
-1.587083e+01 -3.612762e+01 -1.287358e+00 -5.772348e+00
-1.365047e+01 -4.823818e+01 6.334250e+00 4.927761e+00
-2.351194e+01 -4.466715e+01 1.001326e+01 -1.609020e+01
-1.435698e+01 -4.610007e+01 8.745960e+00 1.150576e+01
-1.838770e+01 -4.346421e+01 -1.592071e+01 7.278129e-01
4.925627e+00 -2.732134e+01 -3.953603e+01 4.650336e+00
-5.990518e+00 -4.544136e+01 -2.611098e+01 1.609053e+01
-3.126446e+01 -5.874860e+01 -1.105915e+01 1.035207e+01
-2.829580e+01 -4.219962e+01 -1.122941e+01 1.122346e+00
-2.169251e+01 -4.198776e+01 -4.196333e+00 -5.686498e-01
-1.466896e+01 -4.439930e+01 1.222985e+01 -1.052872e+00
-2.900753e+01 -5.444310e+01 2.110825e+01 -3.540138e-01
-2.998634e+01 -5.072214e+01 1.649463e+01 -8.344725e+00
-1.121160e+01 -3.913462e+01 1.183176e+01 1.102092e+01
-1.258510e+01 -3.885676e+01 2.525856e+00 1.142611e+00
-2.537187e+01 -5.626896e+01 3.364779e+00 -1.471278e+01
-2.491017e+01 -7.220179e+01 4.401719e+00 -8.138242e+00
-2.990198e+01 -7.512411e+01 6.698904e-01 -8.123154e+00
7.050886e+00 -2.719449e+01 2.043895e+00 1.417110e+01
-1.657978e+01 -3.798382e+01 3.208478e+00 7.587141e+00
-2.921582e+00 -3.389544e+01 7.297981e+00 4.583797e+00
2.612186e+00 -3.638989e+01 1.533115e-01 2.302816e-01
-1.104288e+01 -3.767149e+01 4.033789e+00 -1.051448e+01
-2.281324e+01 -5.919317e+01 1.520636e+01 -1.594727e+01
-1.011357e+01 -4.487470e+01 2.421871e+01 -7.487648e+00
-8.243305e+00 -4.354006e+01 -1.799462e+01 -2.757024e-02
-1.217193e+00 -4.354456e+01 4.760862e+00 4.984300e+00
-9.905955e+00 -4.996402e+01 1.337693e+01 -7.434482e-01
-7.539387e+00 -4.848049e+01 -5.725342e+00 -1.064729e+00
-9.275819e-01 -3.669245e+01 4.339530e-01 9.672291e+00
1.018830e+01 -2.286201e+01 -3.073584e+00 1.480508e+01
-2.596153e+01 -4.758259e+01 4.909064e+00 -1.507839e+00
-3.377065e+01 -6.601875e+01 1.598081e+01 -1.762206e+01
-2.805298e+01 -5.896254e+01 4.547411e-01 -3.801767e-01
-6.456137e+00 -3.278751e+01 -1.253655e+01 5.880554e+00
-2.237535e+01 -4.716827e+01 -1.436466e+01 3.378762e-01
-2.545568e+01 -6.446987e+01 2.650168e+00 2.821615e+00
-7.392711e+00 -5.025754e+01 -1.678122e+01 -6.134393e+00
-2.096900e+01 -5.987681e+01 1.999578e+01 6.098180e-01
-1.767881e+01 -5.606797e+01 1.298483e+01 -1.513805e+01
-2.762052e+01 -3.341612e+01 6.160480e+00 -7.164362e+00
-2.360109e+01 -7.453886e+01 2.868744e+01 -7.745151e+00
-2.421593e+01 -7.754991e+01 1.954001e+00 -3.885597e+00
-2.990386e+01 -6.610344e+01 7.326479e+00 -2.243636e+00
-1.333780e+01 -4.628164e+01 -2.044926e+01 -8.755618e+00
-2.168014e+01 -6.681072e+01 -6.878477e+00 7.337658e+00
-1.188676e+01 -5.127277e+01 4.529875e+00 7.824376e+00
-9.258589e+00 -4.074662e+01 1.453507e+00 3.485351e+00
-8.274475e+00 -5.562079e+01 -3.113055e+00 9.170280e+00
5.367291e+00 -3.734319e+01 1.366149e+01 1.403765e+01
-1.540161e+01 -5.538817e+01 7.165460e+00 -1.227309e+01
6.589712e+00 -3.642223e+01 1.926144e+01 1.644561e+01
-1.716717e+01 -4.692886e+01 7.174620e+00 -2.177544e+00
-1.203816e+01 -4.109954e+01 2.590637e+00 6.039121e+00
1.558074e+00 -2.021585e+01 2.256848e+00 6.986195e-01
-1.485600e+01 -4.016424e+01 -3.692559e+01 1.104454e+01
8.545304e-01 -4.159439e+01 8.994621e-01 1.295369e+01
-7.328691e+00 -5.703900e+01 -2.745278e+00 2.507865e+00
-1.666145e+01 -3.761359e+01 -1.241861e+01 2.574257e+00
-2.797161e+01 -5.389325e+01 -2.758852e+00 3.190333e+00
-7.407266e+00 -2.851644e+01 1.569225e+00 1.200716e+01
-1.257755e+01 -3.472526e+01 -2.388447e+00 1.898947e+00
-6.149443e+00 -3.034248e+01 1.629667e+00 6.372421e+00
-8.804649e+00 -3.453418e+01 7.392889e+00 1.211839e+01
-4.403991e+00 -3.327840e+01 -1.475535e+01 6.340190e+00
-1.416545e+00 -3.547319e+01 -1.974498e+00 2.753357e+01
-3.138013e+01 -6.955511e+01 8.680044e+00 -1.060320e+01
-1.127060e+01 -4.040374e+01 2.707085e-01 3.778997e+00
-2.799613e+01 -5.188305e+01 -3.594277e+01 2.019585e+01
-2.497266e+01 -4.518726e+01 -1.097473e+00 2.626840e+00
-2.610430e+01 -6.165771e+01 -4.548765e+00 9.524835e+00
-1.091021e+01 -2.691088e+01 -7.209890e+00 9.121807e+00
-1.277975e+01 -5.292170e+01 -2.977029e+00 2.424632e+00
-2.144591e+01 -5.888769e+01 5.929234e+00 2.808550e+00
-1.381231e+01 -6.002590e+01 2.050623e+01 2.059999e+01
-1.906566e+01 -6.034357e+01 3.102212e+00 1.569130e+00
-9.664631e+00 -3.715098e+01 -5.281666e+00 6.975135e+00
-7.277174e+00 -5.148355e+01 8.991359e+00 1.234392e+01
-8.704485e+00 -5.194161e+01 1.511199e+00 7.791789e+00
8.444684e-01 -4.006274e+01 5.013305e-01 8.122296e+00
5.086401e+00 -4.716609e+01 1.044794e+00 1.505788e+01
-2.416173e+01 -6.660300e+01 -3.221101e+00 1.222172e+00
-6.316287e+00 -4.902179e+01 1.528995e+01 1.671541e+01
-6.789051e+00 -5.151332e+01 -7.449683e+00 5.540652e+00
-2.209163e+01 -4.842655e+01 6.608372e+00 -4.122555e+00
-2.240706e+01 -4.240179e+01 -1.038300e+00 -1.338691e+01
-5.188029e+00 -3.687907e+01 5.272186e+00 4.029747e+00
-1.303007e+01 -2.721545e+01 -2.484049e+01 7.019501e+00
-2.134830e+01 -5.022719e+01 -4.365922e+00 -1.740627e+01
-2.167095e+01 -4.014423e+01 -8.278698e+00 -1.171969e+01
-2.620717e+01 -6.340799e+01 -1.269466e+01 -1.392684e+01
-2.516415e+01 -4.185845e+01 1.485821e-01 -8.663046e+00
-3.221517e+01 -5.713804e+01 1.980224e+01 -3.450057e+01
-1.552669e+01 -4.639890e+01 1.246240e+01 2.327563e+00
4.052325e+00 -3.579846e+01 4.853260e+00 2.250549e+01
-4.928880e+00 -3.695282e+01 -8.958086e+00 1.225418e+01
-1.559670e+00 -4.749059e+01 1.081286e+00 2.012201e+01
-2.282781e+01 -4.504927e+01 4.320227e+00 -5.494471e+00
-2.799856e+01 -4.830414e+01 -4.387293e+00 5.159537e-02
-1.402196e+01 -4.801787e+01 -2.970232e+01 1.127716e+01
-7.024398e+00 -3.384053e+01 -8.917607e+00 -4.173185e+00
-1.423008e+01 -4.116625e+01 1.699724e+00 -3.576169e+00
-2.342336e+01 -4.337804e+01 -2.484876e+00 2.821811e-01
-1.637007e+01 -4.436271e+01 2.562362e+01 -2.908580e+00
-2.933118e+01 -5.700320e+01 2.403485e+01 -8.283189e+00
-3.539130e+01 -5.053077e+01 1.629244e+01 -1.395769e+01
-2.196078e+01 -4.029485e+01 5.325288e+00 5.944307e+00
-2.876437e+01 -7.293481e+01 -2.950527e+00 -4.317541e+00
-2.547067e+01 -6.742492e+01 -5.342584e+00 6.519293e-01
-3.070239e+01 -6.079729e+01 2.439588e+00 -4.767354e+00
-1.192512e+01 -3.931932e+01 1.235988e+00 -2.214988e+00
-1.446409e+00 -2.938901e+01 2.985938e+00 6.857417e+00
-1.950309e+01 -5.870887e+01 1.365433e+01 -2.621289e+00
-1.319222e+01 -4.367402e+01 1.794825e+01 -5.630239e-01
-2.316036e+01 -3.931469e+01 2.879910e+00 -9.065993e+00
-5.291757e+00 -3.264367e+01 3.267241e+00 4.224529e+00
-1.579982e+01 -5.164873e+01 4.113684e+00 -1.678294e+01
3.598251e-01 -3.595414e+01 -1.381902e+01 3.650446e+00
6.769592e+00 -3.146918e+01 -2.012293e+00 8.589100e+00
-1.081651e+01 -2.722494e+01 3.736368e-01 4.398641e+00
-4.322067e+00 -2.499714e+01 -4.747687e+00 9.770898e+00
4.486773e+00 -3.806548e+01 -1.856921e+00 1.917918e+01
-2.390944e+00 -3.686484e+01 5.332241e-01 9.082918e+00
-1.635290e-01 -6.191304e+01 -2.157780e+01 -7.444268e+00
4.628289e+00 -4.124310e+01 -3.511942e+00 9.332356e+00
-5.186417e-01 -3.580029e+01 1.122301e+00 2.205949e+01
1.059813e+01 -3.786981e+01 -1.449442e+01 2.624590e+01
-2.391014e+00 -3.747997e+01 -8.992979e+00 2.335732e-01
-1.229087e+01 -4.454490e+01 -6.092702e-01 -3.360826e+00
-7.438160e+00 -3.912956e+01 1.084358e+01 -8.500297e+00
-2.564854e+01 -4.580969e+01 8.619981e+00 1.746192e+00
-1.468239e+01 -6.961643e+01 1.741098e+01 -1.365404e+00
-9.765000e+00 -6.058690e+01 1.246634e+01 1.246971e+01
-1.547801e+01 -4.557083e+01 -2.843330e+00 5.908272e+00
-7.519356e+00 -5.005085e+01 -3.138771e+01 5.534974e+00
-7.376527e+00 -4.630227e+01 -9.953409e+00 1.191734e+00
-5.067066e+00 -4.677989e+01 2.700274e+00 7.668196e+00
-2.241906e+01 -5.656767e+01 6.668886e+00 -1.923259e+00
-8.183696e+00 -4.613879e+01 2.812118e+00 -5.063604e+00
-3.566678e+00 -5.071298e+01 1.217240e+00 6.952643e+00
-1.310036e+01 -5.443349e+01 9.604076e+00 -6.975999e+00
-1.460251e+01 -5.828002e+01 -5.826622e+00 8.604696e+00
-6.530673e-01 -4.200968e+01 -4.445544e+00 -7.653993e+00
-8.226305e+00 -4.419417e+01 -1.197668e+01 1.439683e+01
-8.641554e+00 -3.523361e+01 4.040554e+00 3.422310e-01
-6.058653e+00 -4.790546e+01 1.568936e+01 1.415088e+01
-2.369754e+01 -5.703923e+01 1.707997e+01 -2.036061e+01
-1.193047e+01 -4.326379e+01 8.245721e+00 6.376746e+00
-1.977987e+01 -4.757449e+01 7.467194e+00 -1.481379e+00
-1.091880e+01 -3.529201e+01 4.522177e+00 5.078179e+00
-3.519216e+01 -6.295982e+01 2.285910e+01 -1.150912e+01
-2.908025e+01 -5.608705e+01 -1.001219e+01 -8.730971e-01
-2.856988e+01 -4.875899e+01 -1.542569e+01 4.812654e+00
-2.432948e+01 -3.731173e+01 -1.483151e+01 5.802241e+00
-2.248402e+01 -3.143538e+01 -2.867859e+01 1.373335e+01
-1.881196e+01 -4.111960e+01 -2.715450e+01 1.097118e+01
-3.535263e+01 -4.479048e+01 -5.893191e+00 6.804701e-01
-9.779600e+00 -4.972850e+01 8.105985e+00 1.029527e-01
-1.854032e+01 -6.005003e+01 1.248055e+01 2.485016e+00
-6.006361e+00 -5.525650e+01 -1.323979e-01 5.552148e-01
-1.491551e+01 -4.655240e+01 -6.951588e+00 1.050971e+01
-1.560885e+01 -4.988589e+01 -5.043908e-01 5.000856e-01
-2.676775e+01 -5.968895e+01 1.564126e+00 -3.363711e+00
-9.492533e+00 -4.491878e+01 6.592537e+00 -1.956384e+00
-1.950235e+01 -4.459413e+01 -5.657873e+00 8.523534e+00
-2.214079e+01 -3.338108e+01 6.008363e-01 -2.220369e+00
-1.403226e+01 -3.866942e+01 -1.370488e+01 8.177832e+00
8.315604e+00 -1.664212e+01 -6.129546e+00 3.437262e+01
-2.285080e+01 -4.757999e+01 -4.274980e+00 -7.570630e+00
-1.500040e+01 -4.760507e+01 -8.109254e+00 1.985939e+01
-2.845093e+00 -2.688838e+01 -2.026490e+01 2.302861e+01
-2.427285e+01 -4.893240e+01 1.119323e+01 -1.790038e+01
-1.762639e+01 -4.325741e+01 9.911531e+00 -1.880887e+00
-2.282189e+01 -4.703031e+01 1.255706e+01 -9.666360e+00
-1.291385e+01 -5.407679e+01 1.779924e+01 7.438417e+00
-2.088053e+01 -4.387471e+01 -2.188479e+01 8.157203e+00
8.788230e+00 -2.903674e+01 -1.835846e+01 1.867421e-02
-9.390892e+00 -4.534109e+01 -5.621090e+01 1.168272e+01
-1.064770e+01 -4.155398e+01 1.506291e+00 5.690510e+00
-2.024386e+01 -5.035012e+01 -1.233238e+01 -1.058682e+00
-5.866003e+00 -4.896751e+01 6.050075e+00 7.170550e+00
-1.085537e+00 -4.523311e+01 -4.404525e+00 7.602451e+00
-2.099391e+01 -6.824303e+01 -3.565989e+00 -1.048491e+01
-4.283804e+00 -3.794920e+01 7.457091e+00 2.013036e+01
-8.101401e+00 -4.803106e+01 1.331695e+01 6.266881e+00
-1.986071e+01 -3.854614e+01 -3.023698e+00 -5.208351e+00
-1.109808e+01 -2.263416e+01 -3.607952e+01 1.844041e+01
-1.685301e+01 -4.344277e+01 2.661405e-01 2.322236e+00
-1.591716e+01 -4.179220e+01 2.240417e+00 -6.173930e-01
-1.282075e+01 -3.597076e+01 1.502389e+00 4.783867e-01
-1.381822e+01 -4.270367e+01 -7.201178e+00 1.249409e+00
-2.179747e+01 -4.547725e+01 -4.115881e+00 9.828331e+00
-4.798825e+00 -2.839376e+01 -2.235541e+01 1.550293e+01
-1.006466e+01 -4.058139e+01 -2.298326e+01 1.700898e+00
-2.637108e+01 -4.634225e+01 -1.866963e+01 1.443522e+01
-2.063815e+01 -3.462519e+01 -2.546454e+01 1.623701e+01
-3.310627e+01 -5.200143e+01 -1.761240e+01 2.150979e+01
-2.222623e+01 -3.272346e+01 -2.667563e+01 8.301570e+00
-1.604258e+01 -4.191104e+01 -1.611082e+01 -1.497543e-02
-9.091979e+00 -3.462050e+01 -3.254295e+01 9.168206e+00
-2.724368e+01 -4.672012e+01 -1.736942e+01 -1.422288e-02
-8.718390e+00 -3.018418e+01 -1.877493e+01 1.692526e+00
-1.299921e+01 -3.500334e+01 -9.479853e+00 9.399111e+00
-2.851495e+00 -2.430180e+01 -4.098535e+01 1.419448e+01
-1.712031e+01 -3.687981e+01 -3.546177e+00 3.639329e+00
-1.616707e+01 -3.487192e+01 -2.461297e+01 1.064513e+01
-1.147663e+01 -5.466910e+01 -3.061659e+01 1.317939e+01
-2.093518e+01 -4.970903e+01 -7.121375e+00 7.624330e+00
-8.930577e+00 -4.302061e+01 -4.703698e+01 1.557310e+01
-1.361550e+01 -3.775163e+01 -4.460263e+01 1.098361e+01
-1.414495e+01 -4.095216e+01 1.471611e+01 6.375893e+00
-2.618200e+01 -6.827490e+01 1.401243e+01 -1.463285e+00
-8.627419e+00 -4.677924e+01 9.806928e+00 1.046588e+01
-2.119908e+01 -5.437082e+01 9.414483e+00 -6.040036e+00
-3.069344e+01 -7.248813e+01 7.230933e+00 -1.114292e+01
-1.497566e+01 -4.587402e+01 5.397353e+00 4.599443e+00
-1.162765e+01 -4.147734e+01 -9.784387e+00 1.184803e+01
-1.937577e+01 -5.304769e+01 -9.441494e-01 3.066460e+00
-2.442079e+01 -6.272243e+01 1.150936e+01 -2.625368e+00
-2.189284e+01 -5.298215e+01 -5.673825e+00 1.775701e+00
-2.237948e+01 -6.113283e+01 1.160395e+01 -5.024488e+00
-2.400740e+01 -6.107859e+01 1.001744e+01 -1.691667e+01
3.018199e+00 -3.598411e+01 1.175020e+01 3.853423e+00
-1.134140e+01 -3.911054e+01 5.340290e+00 -3.098907e+00
1.340655e+00 -3.121234e+01 -4.279494e+00 2.384087e+01
-1.577119e+01 -5.149184e+01 2.172439e+01 1.045059e+01
-3.976952e+00 -3.338021e+01 7.149744e+00 9.262756e-01
-7.944237e+00 -4.804783e+01 2.236082e+01 9.398483e+00
-2.022681e+01 -4.964930e+01 2.085651e+01 7.000345e+00
-5.379866e+00 -5.726113e+01 1.580416e+01 1.381666e+01
-7.751364e+00 -4.486545e+01 1.708769e+01 9.055078e+00
-5.548614e+00 -4.412163e+01 2.223757e+01 1.077715e+01
-7.889498e+00 -4.610422e+01 2.362232e+01 1.275474e+01
-6.195994e-01 -4.603227e+01 2.058997e+01 1.151774e+01
-2.600069e+01 -5.339656e+01 3.003187e+01 -1.796220e+01
-8.879231e+00 -3.824101e+01 1.449549e+01 -1.001617e+00
-5.711015e+00 -3.433105e+01 1.140669e+01 2.098247e+01
-3.296791e+00 -4.818133e+01 5.931686e+00 -5.704726e+00
-2.643130e+01 -4.972748e+01 1.912007e+01 -1.156236e+01
-3.206553e+01 -5.785188e+01 2.352468e+01 -1.204373e+01
-1.832667e+01 -5.427201e+01 1.938921e+01 -1.584855e+01
-1.434671e+01 -5.410774e+01 1.609411e+01 -5.139364e+00
-7.113620e+00 -2.412069e+01 -6.539522e-01 2.344139e+00
-2.756657e+01 -6.258419e+01 9.415691e+00 -1.416286e+01
-2.341030e+01 -5.997205e+01 2.076656e+01 -1.899398e+01
-2.729528e+01 -5.576613e+01 2.015211e+01 -2.044203e+01
-2.283883e+01 -5.536668e+01 2.615239e+01 -2.289703e+01
-3.028283e+01 -5.667562e+01 1.639755e+01 -1.237230e+01
-2.204107e+01 -5.646078e+01 2.318777e+01 -1.016112e+01
-3.034719e+01 -5.554964e+01 2.445013e+01 -1.214451e+01
-2.545823e+01 -6.062808e+01 5.840820e+00 -8.626849e+00
-2.147196e+01 -5.268825e+01 1.471972e+00 -1.202395e+00
-3.606090e+01 -7.609986e+01 6.010934e+00 -1.799128e+01
-1.837870e+01 -4.139327e+01 -8.732419e+00 -4.177996e+00
-1.362798e+01 -3.961485e+01 -3.785360e+00 6.118072e+00
-2.476333e+01 -5.019370e+01 2.648755e+00 -8.130466e+00
-9.796171e+00 -3.177856e+01 -2.986437e+00 -4.287052e-01
-2.132177e+01 -5.418766e+01 -2.432894e+00 6.688966e-02
-2.769053e+01 -4.186088e+01 -7.593299e+00 -2.577189e+00
-1.554820e+01 -2.336988e+01 4.195327e+00 -3.292795e+00
-1.800165e+01 -4.979958e+01 3.375946e+00 -1.566685e+01
-2.063234e+01 -5.859446e+01 1.353236e+01 -5.972380e+00
-2.604109e+01 -6.480521e+01 -3.360984e+00 -1.398336e+01
-2.820886e+01 -6.276717e+01 -1.261869e+01 -2.355367e+00
-2.045048e+01 -6.409727e+01 9.980215e-01 -1.916837e+00
-1.394380e+01 -4.473364e+01 1.336331e+00 -3.955021e+00
-1.326504e+01 -4.557873e+01 1.707121e+00 2.260571e-01
-1.772343e+01 -5.014853e+01 9.677894e-01 5.110432e-01
-2.079023e+01 -5.380252e+01 -7.507629e-01 -2.814746e+00
-3.048044e+00 -4.278169e+01 -2.727760e+01 1.138152e+01
-4.522054e+00 -5.262897e+01 -1.822720e+01 7.735796e-02
-2.231576e+01 -4.725496e+01 7.400329e+00 -7.492933e+00
-1.540370e+01 -4.525417e+01 1.183378e+01 -4.539080e-02
-1.700736e+00 -4.754662e+01 1.078790e+01 7.068809e+00
-8.212336e+00 -4.947424e+01 1.668924e+01 7.105303e+00
-2.072677e+01 -5.683764e+01 2.336444e+01 -1.269746e+00
8.880612e+00 -3.225734e+01 1.394446e+01 8.960061e+00
1.074055e+01 -2.937509e+01 7.241421e+00 3.061071e+01
-2.458324e+00 -4.989050e+01 -5.422872e+00 1.665791e+01
-1.201604e+01 -5.504516e+01 -1.409824e+00 2.493758e+01
5.478267e+00 -3.461550e+01 1.516286e+01 6.566605e+00
-6.346964e+00 -2.976744e+01 1.396826e+01 1.701254e+01
2.104114e+01 -3.318296e+01 7.177392e+00 3.289195e+00
1.112821e-01 -4.517483e+01 1.807537e+01 1.233614e+01
6.448323e+00 -4.572777e+01 -7.878219e+00 -1.192737e+01
7.609776e+00 -3.584158e+01 1.232198e+01 3.063921e+00
-2.377959e+00 -4.112406e+01 6.994662e+00 1.002314e+01
-4.219910e+00 -3.782276e+01 4.870264e+00 3.717921e+00
-2.373372e-02 -4.434349e+01 6.757190e+00 1.313892e+01
-5.457620e+00 -3.725308e+01 1.791656e+01 2.678731e+00
-6.553405e+00 -4.377891e+01 9.900606e+00 -1.872027e+00
-1.113802e+01 -5.113049e+01 2.168738e+00 -4.299012e+00
-2.268513e+01 -3.943356e+01 1.315713e+00 5.003600e-01
-2.146981e+01 -3.769540e+01 -1.709213e+00 -9.349324e+00
-2.220928e+01 -3.961644e+01 -9.680703e+00 5.220365e+00
-1.886236e+01 -4.176085e+01 1.515297e+00 8.159587e+00
-1.736227e+01 -4.713567e+01 -2.745142e+00 -5.870144e+00
-8.872997e+00 -4.816643e+01 1.237299e+00 1.494212e+00
-6.580790e+00 -3.333090e+01 -3.398116e+00 1.134931e+01
-2.165058e+01 -5.300122e+01 -2.416367e+01 -1.866468e+00
-3.852148e+00 -2.985963e+01 -4.566307e+00 -4.555206e+00
-2.480097e+01 -5.961461e+01 8.239035e+00 4.440168e+00
-1.295224e+01 -4.820748e+01 5.248935e+00 -1.094483e+00
-1.185652e+01 -4.244886e+01 -4.262135e+00 -5.447425e-01
3.528942e+00 -2.016123e+01 -9.514380e+00 4.030681e+00
-3.387579e+01 -4.804307e+01 -2.730660e+01 4.962722e+00
-7.977865e-01 -1.789288e+01 -2.538263e+01 7.383481e+00
-2.545038e+01 -3.796922e+01 -5.525364e+00 -3.805637e+00
-1.583571e+01 -2.353427e+01 -1.750317e+01 1.082218e+01
-1.616559e+01 -3.855502e+01 -3.093407e+01 -4.049824e-01
-3.027655e+01 -3.581272e+01 -1.879229e+01 2.835966e+00
-1.506685e+01 -2.953922e+01 -7.976301e+00 -2.751522e+00
-2.499417e+01 -7.504952e+01 1.087204e+01 -1.253665e+01
-1.921467e+01 -4.923897e+01 1.300626e+01 -9.366162e+00
-1.898496e+01 -3.268965e+01 -2.593279e+01 5.362166e+00
-1.181540e+01 -4.183244e+01 -1.156594e+00 5.527327e-01
-7.330197e+00 -3.030387e+01 -1.959199e+01 1.047422e+01
-6.003682e+00 -4.992978e+01 2.572614e-01 1.698466e+01
-1.828697e+01 -6.237569e+01 9.969816e+00 -2.755531e+00
-1.260855e+01 -4.449506e+01 8.231668e+00 7.123152e+00
-9.514898e+00 -4.153381e+01 2.188047e+00 9.333268e+00
-1.985055e+01 -4.489506e+01 -3.493470e+00 -2.108108e+00
-1.532979e+01 -4.115739e+01 -8.613303e+00 6.716614e+00
-2.118714e+01 -6.286723e+01 5.987318e+00 -2.329166e+00
-1.637833e+01 -4.681561e+01 4.978938e-01 2.341780e-01
-1.928368e+01 -4.929048e+01 -7.018381e-01 -5.547390e+00
-1.873479e+01 -5.406888e+01 7.059146e+00 5.859252e+00
-1.729277e+01 -6.089808e+01 6.952701e+00 -1.082412e+01
-1.876758e+01 -3.615650e+01 1.346268e+01 6.659941e+00
-6.867678e+00 -4.726552e+01 7.032514e+00 7.772748e+00
-1.747464e+01 -3.797007e+01 4.884957e+00 4.831976e+00
-1.510591e+01 -4.242456e+01 9.393879e+00 -9.247963e+00
-1.286833e+01 -5.506979e+01 1.447801e+01 1.263745e+00
-5.598199e+00 -3.017435e+01 9.010190e+00 -3.149033e+00
-1.335491e+00 -3.811335e+01 1.166758e+01 1.728679e+01
-4.561072e+00 -3.458023e+01 -2.443780e+00 1.451545e+01
-1.573303e-01 -4.254595e+01 1.131316e+01 7.592567e+00
-1.876626e+01 -5.624973e+01 -3.009432e+00 -6.624926e+00
-8.797350e+00 -3.704357e+01 -2.001967e+00 -1.939702e+00
-7.240083e+00 -4.055077e+01 2.721295e+00 -5.686693e+00
-1.028021e+01 -4.539765e+01 9.563654e+00 8.059252e+00
1.412515e-01 -3.949327e+01 5.412905e+00 -2.195562e+00
-1.286914e+01 -2.908810e+01 -7.678844e+00 6.686265e+00
-2.639306e+01 -5.244394e+01 8.785614e+00 -7.084683e+00
-2.679335e+01 -6.428752e+01 -1.636671e+01 9.340541e+00
-2.874125e+01 -6.407502e+01 -6.106528e+00 7.808935e+00
-3.154800e+01 -5.154796e+01 -1.299186e+01 1.353355e+01
-1.890984e+01 -4.994386e+01 -2.414933e+01 -1.200135e+01
-6.846129e+00 -5.445358e+01 -1.054293e+00 7.007747e+00
-2.392868e+01 -4.572061e+01 -3.401056e+00 6.065827e+00
3.030707e+00 -3.626878e+01 -2.333985e+00 1.783318e+00
-2.593226e+01 -6.572929e+01 1.101974e+01 2.869422e+00
-1.163263e+01 -3.910778e+01 6.336146e+00 2.204529e+00
-1.301221e+01 -3.971827e+01 1.142726e+01 3.819277e-01
-1.854716e+01 -7.731247e+01 2.063285e+00 -3.377258e-01
-2.795695e+01 -5.971037e+01 -1.303125e+01 -1.217823e+01
-3.148899e+01 -8.309527e+01 -6.286853e+00 -3.698067e+00
-2.806326e+01 -5.068698e+01 -3.652987e+01 -7.615572e-01
-1.654451e+01 -4.793978e+01 -5.081227e+00 -2.017815e+01
-1.731262e+01 -2.472158e+01 -1.822474e+01 -2.339279e+00
-1.325473e+01 -7.972447e+01 1.966845e+00 -6.203765e+00
-1.448474e+01 -4.223452e+01 -2.558585e+01 -4.323438e+00
-3.392883e+01 -6.193274e+01 -1.618721e+01 5.922766e-01
-2.221389e+01 -4.825711e+01 -7.384814e+00 -7.783262e+00
-1.617721e+01 -5.812766e+01 3.989430e+00 -2.017890e+01
-3.813549e+01 -8.235309e+01 -1.168575e+01 -5.640532e+00
-1.679479e+01 -5.437066e+01 -4.528170e+00 1.074632e+00
4.597091e+00 -5.744431e+01 -4.045807e+01 1.014541e+01
6.591973e-01 -3.711234e+01 -9.333741e+00 1.011908e+01
-1.681360e+00 -5.937354e+01 -3.802014e+01 -1.594097e+01
-2.824537e+01 -8.397544e+01 -2.952230e+01 2.654065e+01
3.342017e+01 -3.745301e+01 -4.679369e+01 2.449006e+01
1.162540e+01 -3.819738e+01 -1.279460e+01 2.117217e+01
3.525605e+01 -2.908030e+01 -3.654461e+01 2.157052e+01
1.100893e+01 -2.917357e+01 -3.334705e+01 3.090494e+00
1.801507e+01 -5.418357e+01 -3.216134e+01 2.961483e+01
-1.037651e+01 -6.404630e+01 -3.968039e+01 3.826502e+01
-6.660132e+00 -7.062124e+01 -2.782298e+01 9.011915e+00
9.969127e+00 -6.669587e+01 -3.627939e+01 1.554350e+01
1.058027e+01 -6.577837e+01 -3.511764e+01 1.101849e+01
-2.736088e+01 -6.997846e+01 -2.725467e+01 2.771530e+00
5.714366e+00 -5.955669e+01 -2.822308e+01 5.196545e+00
1.115998e+01 -4.958751e+01 -7.897124e+00 1.922264e+01
1.204088e+01 -4.832251e+01 1.493362e+00 1.629031e+01
-1.122570e+01 -6.107902e+01 2.223526e+01 2.988561e+00
-8.878070e+00 -6.146514e+01 -6.404117e-01 2.180880e+00
3.541478e+00 -4.445712e+01 4.195650e+00 2.419730e+01
-1.705362e+01 -4.536066e+01 -3.671007e+01 -1.982666e+01
-2.071066e+01 -4.967985e+01 -2.421988e+01 -1.371140e+01
-2.166462e+01 -5.309741e+01 -1.343481e+01 -2.536627e+01
7.782854e+00 -3.832254e+01 -9.386462e+00 1.152221e+01
-7.285072e-01 -2.212939e+01 -1.780280e+01 3.730277e+00
1.193160e+01 -3.146647e+01 -3.085751e+01 3.110291e+00
-7.663998e+00 -4.490465e+01 -3.119070e+01 -1.680063e+01
-1.114645e+00 -6.691499e+01 -2.082980e+01 2.582640e+00
1.052759e+01 -4.944277e+01 -1.283308e+01 2.083560e+00
2.239690e+01 -3.839584e+01 -5.531488e+01 3.404009e+01
1.049141e+01 -5.298022e+01 -2.425570e+00 1.728452e+01
8.764000e+00 -5.672290e+01 -2.538784e+01 1.536821e+01
2.934340e+01 -4.536653e+01 -3.734207e+01 1.112885e+01
1.669110e+01 -5.375563e+01 -1.448924e+01 2.182758e+01
-5.022190e+01 -6.873960e+01 6.896487e+00 1.344636e+01
-1.204902e+01 -5.616649e+01 3.302266e-03 1.915893e+01
-2.666092e+01 -7.101282e+01 -4.768072e-01 1.499137e+01
-2.112123e+01 -4.836460e+01 -1.009478e+01 7.395554e+00
4.100301e+00 -5.125150e+01 -2.316758e+00 2.255648e+01
7.656449e+00 -5.466012e+01 8.561591e+00 1.328300e+01
6.422905e+00 -5.790553e+01 1.281542e+00 1.798656e+01
-4.256642e+00 -4.597846e+01 -8.712325e+00 1.363343e+01
-9.077949e+00 -5.855495e+01 -2.124500e+01 1.368828e+01
7.938652e+00 -4.363954e+01 3.038771e+00 1.811714e+01
-3.589221e+00 -4.095909e+01 -1.140157e+01 3.003001e+01
-3.383172e+00 -5.382569e+01 -1.106360e+01 1.008747e+01
-7.735903e-01 -4.901236e+01 -4.327261e+00 2.458805e+01
-5.688543e+00 -4.604257e+01 -1.067610e+01 1.135614e+01
-4.349129e+00 -5.191991e+01 -1.775588e+01 2.549287e+01
1.106754e+00 -5.197648e+01 -7.216108e+00 -1.042363e+01
-7.838487e-01 -5.524959e+01 -1.460584e+01 -1.598117e+00
-1.946655e+01 -5.864613e+01 3.443531e+00 -1.685049e+01
-8.562060e+00 -4.777281e+01 -1.232658e+01 -2.252485e+01
3.373339e+00 -6.367927e+01 -1.005445e+01 -1.345039e+01
-1.408722e+01 -5.411458e+01 -2.279342e+01 -1.270581e+01
-1.803739e+01 -4.889639e+01 4.687573e+00 -2.044829e+01
-1.544012e+01 -5.211582e+01 -3.686658e+00 7.183083e+00
-6.097604e-01 -4.349553e+01 -2.377301e+01 1.760234e+01
7.252059e+00 -4.595067e+01 -2.132060e+01 2.275839e+01
1.972046e+01 -3.392734e+01 -2.075609e+01 4.097625e+01
1.115922e+01 -4.220218e+01 -2.518750e+01 3.208073e+01
9.455274e+00 -3.839246e+01 -2.261785e+01 2.167485e+01
-7.058800e+00 -4.827275e+01 -2.381940e+01 7.197248e+00
1.356545e+00 -4.445380e+01 1.487042e+01 1.194599e+01
4.378881e+00 -3.596674e+01 1.675811e+00 2.755828e+01
1.477778e+01 -3.424468e+01 1.696121e+01 -1.854476e-01
2.544234e+01 -3.300250e+01 1.032624e+01 6.857423e+00
-5.556328e+00 -4.507747e+01 1.252418e+01 2.138896e+01
-3.294655e+00 -4.154498e+01 1.333419e+01 1.211163e+01
1.322073e+01 -4.709737e+01 8.534233e+00 1.889203e+01
9.177323e+00 -6.431403e+01 5.266229e+00 -6.666401e+00
9.719669e-01 -5.226996e+01 3.762158e+00 8.082165e+00
-1.934633e+00 -5.722821e+01 -6.295768e-01 2.957015e+00
5.602115e+00 -4.925992e+01 -5.204561e+00 9.839905e+00
-2.471203e+00 -4.577597e+01 -1.434753e+00 4.307249e+00
-6.256099e+00 -5.330679e+01 1.746936e+00 -3.496241e+00
1.930486e+01 -4.654795e+01 7.706546e+00 -3.261433e+00
2.000874e+01 -3.261367e+01 -7.288456e+00 1.977222e+01
-4.818586e+00 -5.986630e+01 -1.092571e+01 5.426247e+00
4.813868e+00 -3.405354e+01 4.969736e-01 1.140833e+01
9.936951e+00 -5.324238e+01 -5.691857e+00 1.990759e+01
-8.743181e+00 -6.139727e+01 -6.809572e+00 1.053312e+00
-1.323040e+01 -5.543363e+01 -1.524037e+01 -2.119748e+01
-1.171188e+01 -5.762970e+01 -1.789228e+01 2.606182e+00
-1.357683e+01 -4.526756e+01 -1.317115e+01 9.720712e+00
-6.541569e-01 -6.728416e+01 -1.580918e+00 8.403780e+00
3.088894e+01 -5.253587e+01 -3.608475e+00 2.244621e+01
-5.751729e-01 -4.973289e+01 5.490765e+00 1.981625e+01
5.799073e+00 -5.616668e+01 -5.796814e+00 2.609284e+01
-7.884092e+00 -4.488030e+01 7.264005e+00 7.531910e+00
1.476910e+01 -7.067898e+01 -2.639652e+01 3.194096e+01
1.826475e+00 -4.384578e+01 -9.186041e+00 3.156474e+01
5.614749e+00 -5.181773e+01 -1.695967e+01 1.663637e+01
-7.282162e+00 -4.367344e+01 -5.584220e+00 7.301695e+00
-9.297724e+00 -5.783038e+01 -4.163085e+00 8.840649e+00
2.580346e+01 -4.920026e+01 -2.251351e+00 1.537453e+01
3.985170e+01 -3.754477e+01 -2.738302e+01 1.933636e+01
2.019579e+00 -4.993192e+01 -2.264798e+01 3.864521e+00
2.160545e+01 -3.604462e+01 -1.197794e+01 2.357773e+01
1.532881e+01 -4.874555e+01 9.326547e+00 -3.155950e+00
2.402649e+01 -3.254536e+01 7.934365e+00 1.526596e+01
1.031051e+01 -4.727406e+01 1.302735e+00 1.752289e+01
6.672516e+00 -4.809490e+01 1.201748e+00 3.226958e+01
5.836963e+00 -4.624599e+01 1.685290e+01 4.468443e+00
2.599455e+01 -2.508577e+01 3.777274e-01 1.151707e+01
1.125850e+01 -2.900130e+01 2.473534e+00 1.910658e+01
4.503744e+00 -5.040250e+01 1.029751e+01 8.144077e+00
1.084421e+01 -4.516754e+01 7.471996e+00 5.017979e+00
-1.749583e+01 -6.024763e+01 -3.594339e+00 -4.321155e+00
-8.004463e+00 -5.289466e+01 4.779225e+00 1.693454e+01
-9.298336e+00 -5.657712e+01 -1.845360e+00 7.934476e-01
1.867422e+00 -4.274092e+01 -2.080818e+01 1.975774e+01
-2.742046e+00 -5.010259e+01 5.225116e+00 1.586339e+01
-2.327626e+01 -6.673627e+01 3.716193e+00 -1.407579e+01
-8.409007e+00 -4.864276e+01 -1.882611e+01 1.009130e+01
5.608455e+00 -3.779938e+01 -1.899483e+01 1.017049e+01
-8.481339e+00 -5.656625e+01 -7.347341e+00 1.019396e-01
7.494067e+00 -3.879321e+01 -9.479474e+00 2.840725e+01
-8.580304e+00 -4.912620e+01 -1.778164e+01 5.253116e+00
2.963516e+00 -4.540924e+01 -3.264567e+01 2.405774e+01
-2.561468e+00 -3.756513e+01 -1.840604e+01 1.800078e+01
-9.412531e+00 -5.102972e+01 -3.769011e+00 1.050092e+00
2.507975e+00 -4.782191e+01 -1.853802e+01 3.119403e+01
-6.398280e+00 -4.096968e+01 6.030221e+00 2.522732e+00
7.766075e+00 -3.004772e+01 -5.910123e+00 2.545352e+01
1.009330e+00 -5.310257e+01 -1.163624e+01 3.456565e-01
7.561042e+00 -3.556165e+01 -1.963756e+01 1.369113e+01
-5.656862e+00 -3.127795e+01 -1.259390e+01 2.792488e+01
-1.215519e+01 -5.494976e+01 -2.251067e+01 5.059599e+00
-7.811021e+00 -6.618516e+01 2.939630e+00 4.796572e+00
-2.783393e+01 -5.895759e+01 -1.077324e+01 -1.553128e+01
-3.292392e+01 -7.048730e+01 5.983502e+00 -2.479794e+01
-2.786241e+01 -5.753509e+01 -1.642854e+01 3.836592e+00
1.270104e+01 -3.269367e+01 -1.446945e+01 1.493199e+01
-1.314155e+01 -6.177609e+01 -3.388067e+01 3.800241e+01
5.820887e+00 -4.030331e+01 -2.313882e+01 2.914619e+01
8.567130e+00 -3.733441e+01 -3.009549e+01 2.788234e+01
-4.976264e-01 -2.921043e+01 -1.892430e+01 2.044370e+01
3.212982e+00 -5.986474e+01 -2.982443e+01 1.356530e+01
-4.075545e+00 -7.698452e+01 -3.856080e+01 2.150723e+01
-1.798732e+00 -8.052847e+01 -2.355439e+01 -4.751469e+00
-2.397303e+00 -6.888595e+01 -3.862541e+01 -6.884588e-01
1.287010e+01 -7.023734e+01 -4.110867e+01 2.713397e+01
6.338958e+00 -7.110152e+01 -4.054131e+01 -4.180646e+00
1.221028e+01 -8.577176e+01 -2.842042e+01 -6.139021e+00
-8.335619e+00 -8.860140e+01 -1.475750e+01 1.830267e+01
4.294365e+00 -7.267634e+01 -2.996436e+01 2.423962e+01
5.126685e+00 -2.788759e+01 -1.543563e+01 1.236327e+01
-5.245731e+01 -6.781700e+01 -2.281951e+01 1.471823e+01
-4.194982e+01 -7.457332e+01 -1.384088e+00 1.914343e+01
1.626220e+00 -5.887004e+01 -2.746201e+01 6.797914e+00
-2.771285e-01 -5.346200e+01 -2.554285e+01 2.992776e+01
-1.183942e+01 -5.915344e+01 -1.510627e+01 8.068375e+00
-3.455267e+01 -6.775158e+01 -2.639472e+01 2.350494e+01
-8.095826e+00 -6.102541e+01 -2.325651e+01 2.782934e+01
-1.130967e+01 -5.248616e+01 -2.062705e+01 2.451904e+00
-8.944670e+00 -6.574188e+01 -1.383194e+01 -1.509466e+01
9.012635e+00 -5.048504e+01 -2.219710e+01 1.598624e+01
3.787589e+00 -3.147665e+01 1.169540e-01 1.600500e+01
2.033400e+01 -3.191186e+01 -1.385380e+01 3.300519e+01
8.303679e+00 -4.565238e+01 -1.781436e+01 3.032420e+01
-1.891153e+00 -2.841281e+01 6.061953e-02 1.785579e+01
8.638616e+00 -4.287934e+01 -1.874973e+01 2.187496e+01
1.360498e+01 -2.623893e+01 -1.480307e+01 3.233969e+01
9.157548e+00 -4.874492e+01 -2.402141e+01 1.496317e+01
7.904712e+00 -2.872102e+01 -2.708586e+01 2.229435e+01
9.839857e+00 -4.059660e+01 -3.649136e+01 2.323228e+01
4.582687e+00 -3.077587e+01 -2.500289e+01 1.730010e+01
-1.473317e+01 -5.746058e+01 -2.231320e+01 1.109683e+01
7.776562e+00 -6.940538e+01 -3.691847e+01 2.879348e+01
1.281065e+01 -3.497559e+01 -1.549678e+01 1.725617e+01
1.868585e+01 -6.499691e+01 -2.976989e+01 2.914698e+01
1.699409e+00 -6.065519e+01 -3.332968e+01 4.044884e+01
2.196306e+01 -5.892776e+01 -2.437272e+01 2.509347e+01
1.884575e+01 -4.491931e+01 -9.953241e+00 1.028926e+00
2.080567e+01 -4.918699e+01 -3.215519e+01 2.825925e+01
1.954179e+01 -4.282850e+01 1.149203e+01 -9.441248e+00
5.104885e+00 -3.971756e+01 1.453813e+01 7.246084e+00
1.213997e+01 -3.976586e+01 -2.423912e+01 1.562704e+01
1.616224e+01 -4.205165e+01 -2.139888e+00 -6.272809e+00
1.582000e+01 -3.691505e+01 1.793891e+01 1.307369e+01
1.634708e+01 -3.883608e+01 -6.794352e+00 -1.143510e+01
-3.379001e+00 -4.976880e+01 1.020256e+01 4.072587e+00
-5.366139e+00 -3.886691e+01 -3.121957e+01 2.157284e+01
1.715686e+01 -4.805540e+01 7.973085e+00 -1.401070e+01
9.467217e+00 -4.769553e+01 -7.618242e+00 2.176485e+01
1.066540e+01 -4.160750e+01 4.908891e+00 1.169124e+01
2.019796e+01 -3.423679e+01 1.360993e+01 3.023525e+01
-1.265842e+01 -6.882499e+01 5.897193e+00 1.201392e+01
-2.193736e+01 -5.810578e+01 2.307790e+01 -1.635538e+00
3.423687e+00 -4.564158e+01 9.201779e+00 1.050878e+01
3.618349e+00 -5.368427e+01 -2.402258e+01 1.377079e+01
-7.209743e+00 -8.375260e+01 -2.598954e+01 2.939311e+01
7.038184e+00 -5.640016e+01 -2.133742e+01 1.623219e+01
1.214877e+01 -6.997349e+01 -3.493792e+01 2.749527e+01
2.026214e+01 -6.088991e+01 -2.034020e+01 1.378760e+01
2.494808e+01 -6.101170e+01 -2.570188e+01 1.912438e+01
9.658205e+00 -5.289944e+01 -1.240366e+01 2.798936e+01
4.824749e+00 -3.282983e+01 6.419788e+00 2.068579e+01
1.242773e+01 -5.012843e+01 -9.250830e+00 2.005242e+01
1.666822e+01 -5.843490e+01 1.046761e+01 7.330036e+00
1.660183e+01 -5.784677e+01 -1.369215e+01 1.483389e+01
2.020570e-01 -6.118592e+01 -2.234466e+01 6.310291e+00
-1.245994e+01 -5.736585e+01 -2.148339e+01 -1.978045e+01
3.550258e+01 -4.248705e+01 -3.469804e+01 1.132436e+01
1.271279e+01 -4.079220e+01 -4.543823e+01 -7.570523e+00
2.398670e+01 -3.333393e+01 -3.721028e+01 -3.368773e+00
6.184498e+00 -4.553168e+01 -2.729204e+01 -4.367425e+00
-2.176257e+01 -7.134117e+01 -4.276802e+01 1.527821e+01
4.268621e+00 -6.205602e+01 -4.132357e+01 3.258121e+01
1.931799e+01 -5.729251e+01 -3.836556e+01 3.609722e+01
6.930830e+00 -4.988022e+01 9.819757e-01 2.557188e+01
1.071379e+01 -5.251090e+01 -6.495443e-01 1.855299e+01
-2.812657e+00 -6.170605e+01 -3.470418e+01 6.049258e+00
-1.513165e+01 -4.445440e+01 -2.011417e+01 -2.156626e+00
1.423075e+01 -3.809418e+01 -2.269838e+01 8.385143e+00
-2.775537e+01 -5.929268e+01 -2.076725e+01 2.574434e+01
-3.562764e+00 -6.274428e+01 -2.614561e+01 9.551158e+00
2.908816e+00 -4.728990e+01 -7.949203e+00 1.535633e+01
-1.133267e+01 -7.623575e+01 -1.055952e+01 2.609858e+01
-1.027458e+01 -5.754665e+01 3.758975e+00 1.555861e+01
1.313090e+00 -5.271626e+01 1.928248e+01 6.655117e+00
1.159042e+01 -3.470787e+01 -2.425055e+01 1.026443e+01
8.396937e+00 -6.111997e+01 -2.656863e+01 6.555565e-01
1.903003e+01 -3.067538e+01 -2.526758e+01 3.768365e+01
1.363525e+01 -3.708050e+01 -1.919713e+00 2.060727e+01
8.450372e+00 -2.729088e+01 -1.863785e+00 2.127533e+01
1.629291e+01 -3.854324e+01 1.230526e+01 1.805365e+01
9.443742e+00 -3.773214e+01 8.718243e-01 2.311848e+01
-7.261679e+00 -6.213727e+01 1.647372e+00 -3.808777e+00
2.171338e+01 -4.659665e+01 4.666650e+00 1.807127e+01
1.296658e+01 -5.247870e+01 -3.240071e+00 6.214837e+00
1.213694e+01 -3.577118e+01 -1.187157e+01 2.781039e+01
8.966625e-02 -5.298546e+01 -4.396894e+00 5.700497e+00
2.417690e+01 -4.674317e+01 8.108965e+00 1.089396e+01
-5.589636e+00 -6.037991e+01 -1.533747e+01 6.730935e+00
-8.353061e+00 -4.824533e+01 -1.071858e+01 2.522436e+00
-1.242029e+01 -6.177235e+01 -1.847958e+01 2.498522e+00
-3.305548e+00 -6.911774e+01 -1.160715e+01 -6.541824e+00
-1.075116e+01 -5.478230e+01 -2.718062e+01 5.936091e+00
1.940000e+00 -4.997489e+01 -8.192671e+00 1.489537e+01
1.360891e+01 -3.394488e+01 -2.773424e+01 1.291907e+01
4.661196e+00 -4.541484e+01 5.577902e+00 2.048079e+01
-9.705181e+00 -7.552615e+01 -1.679374e+01 2.076590e+01
3.110181e+00 -4.249159e+01 1.672329e+00 3.098079e+01
-2.071751e+00 -4.979190e+01 4.729488e+00 2.087672e+01
2.816075e+01 -4.394595e+01 -2.815509e+01 2.906979e+01
2.966014e+01 -4.095675e+01 -2.348336e+01 1.833836e+01
1.142704e+01 -3.893571e+01 6.759551e+00 9.398176e+00
-1.399427e+01 -6.209128e+01 -1.278567e+01 2.859382e+01
2.632312e+01 -2.643573e+01 9.015157e+00 1.316529e+01
-7.605174e+00 -5.786590e+01 -1.595562e+01 1.114631e+01
1.080560e+01 -5.127573e+01 2.744342e+00 2.083914e+01
-2.035321e+01 -5.455981e+01 -1.529016e+01 -1.414706e+01
4.921222e+00 -4.108315e+01 -1.036034e+01 2.524676e+01
-1.270110e+01 -3.810202e+01 -1.851050e+01 2.119813e+01
1.456728e+01 -3.491700e+01 -1.391495e+01 3.128129e+01
6.166951e+00 -3.788885e+01 9.617208e+00 2.434293e+00
-8.039006e+00 -5.816803e+01 1.559681e+01 7.730845e+00
-2.343154e+01 -5.951195e+01 -1.523419e+01 8.327450e+00
1.047264e+00 -3.955548e+01 -1.267093e+01 2.901829e+01
-1.336177e+01 -7.010725e+01 -4.629562e+00 3.812057e+00
-2.453259e+01 -6.548315e+01 -1.289019e+01 1.573072e+00
-2.814105e+01 -6.844643e+01 1.322611e+00 -1.579719e+01
-3.486250e+01 -5.891600e+01 -3.291996e+01 2.592868e+01
-7.612925e+00 -4.907332e+01 -7.190538e+00 1.745034e+01
1.117390e+01 -4.655475e+01 -2.522298e+01 2.505044e+01
2.749798e+01 -4.302534e+01 -2.944305e+01 2.312117e+01
1.858087e+01 -6.788229e+01 -3.188596e+01 8.563552e+00
-4.146123e+00 -5.251498e+01 -2.825852e+01 3.153227e+01
-8.357239e-01 -6.103229e+01 -2.421870e+01 -1.978873e+00
-2.153664e+01 -7.114922e+01 -3.694456e+01 2.740729e+01
4.527836e+00 -3.846188e+01 -1.759228e+01 1.962237e+01
4.352245e+00 -3.349308e+01 -1.254384e+01 1.249557e+01
6.885436e+00 -3.975073e+01 8.166505e+00 2.554425e+01
8.605295e+00 -4.676753e+01 -1.476447e+01 2.219209e+01
9.545421e+00 -4.350212e+01 -9.361914e+00 1.682102e+01
-3.280702e+00 -4.338177e+01 1.638893e+00 1.484815e+01
5.182240e+00 -4.637051e+01 -2.966188e+01 2.735618e+01
3.171165e+01 -3.799379e+01 -2.764788e+01 1.971569e+01
2.115817e+01 -3.729288e+01 -2.642295e+01 1.996080e+01
-1.072289e+01 -6.093216e+01 -3.097523e+01 3.783003e+01
-2.287819e+01 -5.560219e+01 -2.111396e+01 2.308897e+01
1.269277e+01 -4.102399e+01 -3.625107e+00 -4.856684e+00
1.233975e+01 -4.633531e+01 -3.198355e+00 2.786233e+00
-1.270323e+01 -5.578778e+01 1.212781e+01 3.616611e+00
-1.894845e+00 -4.443234e+01 1.453138e+00 1.860582e+01
1.908513e+01 -4.960264e+01 -2.231824e+01 1.914122e+01
1.409840e+01 -5.383736e+01 -1.596187e+01 1.806227e+01
-1.264311e+00 -5.304625e+01 1.620345e+00 3.667903e+00
-3.419597e-01 -4.659198e+01 -2.914344e+00 2.154413e+01
-7.318776e+00 -4.983205e+01 7.281914e+00 1.561963e+01
1.266455e+01 -5.761539e+01 -2.133715e+01 1.463285e+01
1.709115e+01 -4.121436e+01 -4.312393e+01 -1.503656e+01
-3.307615e+00 -4.933965e+01 -1.268308e+01 -8.238482e+00
1.283342e+01 -5.377229e+01 -3.065119e+01 8.685622e+00
6.963916e+00 -6.520615e+01 -2.891677e+01 2.681301e+01
-2.856334e+00 -4.959253e+01 2.773900e+00 2.049543e+01
-5.455765e+00 -4.690426e+01 6.205269e+00 1.425569e+01
2.128333e+00 -4.880023e+01 1.115284e+01 1.837411e+01
-7.040161e+00 -5.944281e+01 7.079630e-01 1.703870e+01
3.583146e+00 -4.293553e+01 -7.095157e+00 1.447623e+01
1.691589e+00 -5.220921e+01 -8.147252e+00 8.784457e+00
1.342316e+01 -5.623994e+01 -3.275544e+01 1.787055e+01
8.062879e+00 -4.453215e+01 -2.517107e+01 1.830677e+01
-1.836614e+01 -5.871444e+01 -5.348652e+00 1.396438e+01
3.012179e+01 -2.292412e+01 1.329323e+01 4.451939e+00
-6.599606e+00 -5.128905e+01 -1.570688e+00 1.248421e+01
3.732096e+00 -4.328907e+01 -1.284361e+01 2.342108e+01
1.265522e+01 -3.460667e+01 -1.203383e+01 2.676420e+01
3.087559e+00 -4.570481e+01 1.262772e+01 2.207301e+01
-5.057422e+00 -5.238452e+01 -1.198959e+01 1.306870e+01
-2.208392e+01 -5.852409e+01 -6.315728e+00 5.207712e-01
1.766771e+00 -5.050008e+01 -8.781497e+00 -1.367818e+01
3.731951e+00 -5.878576e+01 -2.758028e+01 7.859799e+00
-2.035747e+01 -6.740758e+01 1.742337e+01 -1.797327e+01
-1.832384e+01 -6.029189e+01 -1.413929e+01 -8.136975e+00
1.110113e+01 -3.971108e+01 -2.351364e+01 2.127293e+01
-1.508190e+01 -5.378639e+01 -2.031626e+01 -3.409326e+00
6.924395e+00 -3.219579e+01 -2.507671e+01 2.621557e+01
-5.369273e+00 -4.876412e+01 -2.305290e+01 1.977710e+01
-5.809723e+00 -5.511201e+01 -2.522216e+01 1.403943e+01
3.726483e+00 -4.736072e+01 -2.357069e+01 2.219505e+01
-1.337876e+01 -5.904916e+01 2.268879e+01 3.848542e+00
-5.685826e+00 -4.209979e+01 1.128247e+00 1.575184e+01
-1.464183e+01 -5.368663e+01 2.293042e+00 -9.170046e+00
-3.883086e+00 -5.565820e+01 -6.914043e+00 -1.442145e+00
-1.197253e+01 -7.032913e+01 4.122227e+00 -5.009113e-01
-1.558979e+01 -6.037167e+01 3.741644e+00 1.311158e+01
-8.480449e+00 -6.997873e+01 4.380580e+00 -9.740282e+00
8.769044e+00 -4.395858e+01 -2.099905e+01 2.372226e+01
-1.670252e+01 -6.830719e+01 -1.249528e+00 -2.295581e+01
9.204372e+00 -5.531828e+01 -1.417168e+01 1.522928e+01
1.545932e+00 -4.269140e+01 -1.678939e+01 1.127071e+01
2.001868e+01 -6.703357e+01 -3.280329e+01 2.904573e+01
-4.067523e+01 -8.334114e+01 -2.259618e+01 2.996979e+01
-3.517810e+01 -6.134550e+01 -2.240271e+01 1.766887e+01
2.749175e+01 -5.257030e+01 -2.848051e+01 2.534810e+01
2.939943e+00 -6.966379e+01 -1.075878e+01 -1.179633e+00
1.418802e+01 -4.806310e+01 -2.535322e+00 1.530843e+01
1.239697e+01 -3.520896e+01 -7.773020e+00 3.463681e+01
5.370330e+00 -3.861516e+01 -1.011633e+01 2.181459e+01
2.851626e+01 -3.857864e+01 1.097590e+01 1.124239e+01
1.479732e+00 -4.323745e+01 -1.778285e+01 2.035882e+01
4.388165e-01 -5.961941e+01 -9.887306e+00 9.652990e+00
2.918544e+00 -4.597797e+01 8.775796e+00 1.520536e+01
1.058152e+01 -5.673790e+01 -1.097474e+01 1.848959e+01
-1.978215e+01 -5.726291e+01 -1.944382e+01 6.297064e+00
1.385495e+00 -4.252150e+01 -2.156232e+01 1.789700e+01
-6.590884e-01 -4.450504e+01 8.783661e-01 9.303689e+00
-2.753319e+00 -4.459055e+01 1.861688e+00 5.786553e-01
2.861868e+00 -4.807224e+01 -1.452622e+01 2.338286e+01
-1.357599e+01 -3.722633e+01 -2.314312e+01 1.622732e+01
-9.626541e+00 -5.952496e+01 -1.221292e+01 6.180866e+00
-2.843921e+00 -5.655548e+01 -1.361366e+01 2.376539e+01
-1.200939e+01 -5.266544e+01 -2.177289e+01 1.630317e+01
3.367051e+00 -4.539095e+01 -6.125227e+00 2.980730e+01
-7.637909e+00 -6.268067e+01 -4.213711e+01 3.099683e+01
8.408169e+00 -5.210166e+01 -4.672562e+01 2.274802e+01
-4.160343e+01 -7.754190e+01 6.152368e+00 2.798563e+01
-1.191415e+01 -7.264493e+01 -3.657194e+01 7.893799e+00
1.028394e+01 -4.341637e+01 -2.226486e+01 1.972686e+01
-1.159868e+01 -6.019912e+01 -2.638260e+01 1.279808e+01
1.139056e+01 -5.175551e+01 -1.576650e+01 2.914900e+01
1.500514e+01 -4.080151e+01 -3.214198e+01 2.696195e+01
1.318113e+01 -3.833067e+01 -3.038233e+01 2.874078e+01
-4.356257e+00 -4.609627e+01 2.948501e+00 1.483107e+01
2.563139e+01 -3.590686e+01 -4.214053e+01 1.770823e+01
2.898280e+01 -4.975210e+01 -2.985937e+01 1.702857e+01
-4.022799e+00 -4.617694e+01 6.664832e+00 7.279595e+00
-1.013774e+01 -5.240226e+01 -3.862412e+00 8.975901e+00
1.083979e+01 -4.616895e+01 8.253345e+00 2.049298e+01
-2.423310e+01 -6.227607e+01 2.768615e+01 -1.679202e+00
1.830179e+01 -4.085014e+01 -1.180060e+01 3.051701e+01
2.013727e+00 -4.141567e+01 1.488269e+01 2.268551e+01
2.099741e+01 -6.417618e+01 -1.755088e+01 1.478449e+01
3.198373e+01 -6.031996e+01 -2.985069e+01 1.851971e+01
7.007020e+00 -4.468733e+01 1.475930e+01 1.970342e+01
1.184831e+00 -5.370219e+01 1.244833e+01 1.498051e+01
8.256606e+00 -4.942707e+01 -6.672402e+00 2.198998e+01
4.127068e+00 -4.122413e+01 9.156821e-01 2.466147e+01
-3.680434e+00 -5.326609e+01 -2.285989e+01 -5.514562e-01
-2.944637e+01 -5.425134e+01 4.073001e+00 -9.583759e+00
1.344986e+00 -4.977627e+01 2.715940e+01 4.722057e+00
3.405271e+00 -4.449726e+01 1.553278e+01 1.377750e+01
1.384863e+01 -4.221108e+01 2.265800e+01 3.335597e+00
-2.167203e+01 -5.805157e+01 2.020331e+01 -1.739933e+00
-1.021089e+00 -4.346392e+01 2.076618e+00 2.762142e+01
-4.134891e+01 -7.067936e+01 6.307917e+00 1.704851e+01
-3.597345e+00 -4.655137e+01 1.756621e+01 1.789911e+01
7.561872e+00 -3.884753e+01 1.691776e+01 1.579755e+01
2.728189e+00 -3.579593e+01 4.529676e+00 5.047859e+00
1.885291e+01 -4.637872e+01 9.145370e+00 -4.625758e-01
9.086533e+00 -3.096109e+01 -7.316368e+00 2.521582e+01
1.999816e+01 -3.895104e+01 2.596767e+00 2.172855e+01
1.677950e+01 -3.196741e+01 1.916944e+01 1.222897e+01
4.894193e+00 -5.409456e+01 1.276432e+01 1.266469e+01
9.467073e+00 -2.459999e+01 9.544288e+00 1.601793e+01
2.304049e+01 -2.805252e+01 2.226911e+01 9.145718e+00
2.322358e+01 -3.553929e+01 6.273619e+00 1.554541e+01
6.841157e+00 -4.579360e+01 3.470934e+00 2.352081e+01
-7.810493e+00 -5.275170e+01 -4.714150e+00 -1.422537e-01
-5.369006e+00 -5.833337e+01 -7.587658e+00 1.586485e+01
-4.374635e+00 -4.389996e+01 -1.958870e+01 1.548115e+01
1.032604e+01 -4.475536e+01 1.589873e+01 3.066139e+00
-1.347203e+01 -6.850328e+01 -1.977085e+01 -3.681109e+00
9.932896e-01 -5.067806e+01 -9.108015e+00 1.035868e+01
1.200357e+00 -6.132498e+01 -3.366036e+01 2.249480e+01
-1.987251e+01 -7.576128e+01 -3.449807e+01 2.255937e+01
2.208191e+01 -4.157856e+01 1.053058e+01 2.395554e+01
2.062532e+01 -3.852108e+01 9.958578e+00 5.860525e+00
1.795589e+01 -4.143056e+01 -1.989228e+01 2.587817e+01
1.140704e+01 -3.874672e+01 -1.561572e+01 1.472268e+01
-1.204559e+01 -5.752242e+01 -3.560815e+01 3.037958e+01
-1.545896e+01 -7.041879e+01 -3.175188e+01 2.805396e+01
8.062751e+00 -5.303734e+01 -3.080553e+01 2.917449e+01
-1.590902e+01 -5.963986e+01 -3.014889e+01 3.988235e+01
2.395500e+01 -4.241950e+01 -4.031730e+01 2.222957e+01
1.493776e+01 -3.487285e+01 -3.198627e+01 3.767928e+00
2.158642e+00 -6.531226e+01 -3.496858e+01 2.056919e+01
1.479491e+01 -3.634836e+01 6.630059e+00 3.086122e+01
8.022484e+00 -4.551727e+01 4.578165e+00 1.150016e+01
1.751519e+01 -4.257715e+01 -2.827263e+00 8.976154e+00
-2.530202e+00 -6.615056e+01 -1.143151e+01 1.197197e-01
-2.112076e+01 -5.728565e+01 -1.702600e+01 -1.988982e+00
4.022735e+00 -3.882283e+01 -9.722193e+00 2.459016e+01
8.811146e-02 -4.168046e+01 -1.185724e+01 2.390958e+01
-2.353915e+01 -5.218617e+01 -1.486863e+01 2.917168e-01
-8.379395e+00 -5.149229e+01 -2.557885e+00 1.230681e+01
-2.221709e+01 -5.812340e+01 -1.049758e+01 -8.205650e+00
2.284583e+00 -4.587700e+01 -3.638028e+00 2.309759e+01
2.772392e+01 -3.934166e+01 -1.559439e+01 3.257735e+01
-7.883943e+00 -4.611410e+01 -8.210070e+00 2.189351e+01
-1.254291e+01 -5.026226e+01 -4.449525e+00 -1.401652e+01
-2.086663e+00 -4.426354e+01 -1.009558e+01 8.260043e+00
-8.579882e+00 -4.831459e+01 5.125520e-01 -6.510712e+00
-1.109638e+01 -5.527637e+01 -1.820324e+01 1.984113e+01
5.035182e+00 -3.168555e+01 -5.730547e-01 3.533997e+01
-2.018502e+01 -4.551097e+01 1.393539e+01 -1.992948e+01
5.718086e+00 -3.954374e+01 -1.663671e+01 1.769191e+01
3.329380e+00 -2.990165e+01 4.999843e+00 2.049584e+01
-7.355052e+00 -4.012782e+01 -1.440400e+00 -1.508500e+01
-1.535642e+01 -4.581732e+01 1.483206e+01 -1.601722e+01
9.231657e+00 -4.046149e+01 5.573981e+00 1.703060e+01
1.858327e+01 -3.018402e+01 -2.342468e+01 2.837556e+01
8.647831e-01 -5.424547e+01 -2.746592e+00 7.501281e+00
2.951416e+01 -4.587946e+01 -3.184349e+01 9.127498e+00
1.441998e+01 -3.238943e+01 -2.794873e+01 -5.939293e+00
1.570950e+01 -2.952741e+01 -1.774862e+01 1.127932e+01
3.332807e+00 -3.940343e+01 -2.503515e+01 -1.532006e+01
-3.696479e+00 -5.339798e+01 -1.325287e+01 -2.020884e+00
1.592778e+01 -3.209329e+01 -2.217015e+01 4.432399e+00
1.331556e+01 -4.231945e+01 -1.855959e+01 9.882391e+00
6.781427e+00 -3.100542e+01 -7.055823e+00 -3.483659e+00
1.236422e+01 -3.198790e+01 -1.551851e+01 7.917368e+00
4.170459e+00 -5.011759e+01 -2.412808e+01 -3.259535e-01
1.879129e+01 -4.093259e+01 -3.658984e+01 9.156915e+00
2.748708e+01 -4.196295e+01 -2.855384e+01 7.823854e+00
4.337551e+00 -6.508182e+01 -3.626401e+01 7.810116e+00
9.128785e+00 -4.629870e+01 5.908353e-02 2.022480e+01
-4.003578e+00 -4.494225e+01 -5.933398e+00 1.069475e+01
7.770424e+00 -6.170571e+01 9.124746e+00 1.482244e+01
1.723163e+01 -2.749085e+01 -4.985849e+00 2.982915e+01
1.567946e+00 -3.716914e+01 5.301626e+00 1.114453e+00
2.499951e+01 -3.417445e+01 -9.761490e+00 2.667920e+01
1.394045e+01 -3.570727e+01 7.448263e+00 8.589496e+00
5.451833e+00 -4.846458e+01 -5.072389e+00 1.394515e+01
2.272685e+01 -3.557596e+01 -4.911740e+00 3.295160e+01
2.353478e+01 -4.161991e+01 1.106430e+00 1.201668e+01
6.255598e+00 -3.183340e+01 2.556468e+00 1.841272e+01
1.130560e+01 -3.983467e+01 3.455912e+00 2.034016e+01
2.077961e+00 -4.038228e+01 8.327132e+00 2.078949e+01
1.405823e+01 -3.823656e+01 2.693064e+00 1.279389e+01
9.249102e+00 -4.453156e+01 -6.860387e+00 1.969385e+01
7.696891e+00 -4.887700e+01 -1.138621e+01 1.809936e+01
8.440763e+00 -3.675260e+01 -1.045133e+01 2.621767e+01
9.703260e+00 -5.234827e+01 -1.384182e+01 5.438274e+00
8.458849e+00 -4.116612e+01 8.137433e+00 1.929098e+01
1.054072e+01 -4.653629e+01 -4.851359e-01 7.846450e+00
8.532528e+00 -4.678192e+01 1.625948e+00 8.980805e+00
1.252067e+01 -4.569260e+01 3.505419e+00 9.748277e+00
9.050575e+00 -4.635947e+01 -4.905239e-01 2.580390e+01
1.421234e+01 -5.178220e+01 1.055802e+01 1.968965e+01
-2.359879e+01 -5.115107e+01 -2.049360e+01 -6.103659e+00
6.804769e+00 -4.619709e+01 -7.118663e+00 2.443071e+01
-1.484053e+01 -4.437221e+01 -1.681343e+01 2.018664e+01
-5.414661e+00 -6.673189e+01 2.406855e+00 -9.624319e+00
-1.085501e+01 -4.918707e+01 8.026851e+00 1.434713e+01
-1.259572e+01 -4.976971e+01 -1.842764e+01 2.501184e+00
-1.658649e+01 -6.928826e+01 9.600076e+00 -3.134765e+00
-9.102292e+00 -5.437424e+01 -1.435983e+01 9.850492e+00
-2.071587e+01 -6.616983e+01 2.219732e+01 -1.822590e+01
-7.924881e+00 -4.278361e+01 -2.323582e+01 1.812229e+01
-1.563485e+01 -5.977244e+01 1.588249e+01 -1.164521e+01
-5.105000e+00 -6.754366e+01 5.683996e+00 1.425218e+01
-1.887277e+01 -4.715051e+01 -4.658917e-01 5.651354e+00
6.180061e-01 -6.154430e+01 4.929568e+00 -2.036144e+01
-9.579207e-01 -4.503686e+01 -1.416025e-01 1.756127e+01
-8.730402e+00 -6.537018e+01 -2.455551e+01 -8.519888e+00
1.163149e+01 -5.341120e+01 4.596632e+00 1.177784e+00
-1.293180e+01 -6.710615e+01 -3.163914e+01 -2.158119e+01
8.739559e+00 -3.599938e+01 -1.453575e+01 1.210359e+01
2.633879e+00 -3.628722e+01 -1.587136e+01 8.052330e+00
5.488563e+00 -2.925707e+01 -6.843795e-01 1.297014e+01
5.576289e+00 -5.476586e+01 1.098370e+01 -5.088915e+00
7.676748e+00 -5.908161e+01 -2.516922e+01 -7.653019e-01
1.192711e+01 -2.279075e+01 -5.611578e+00 1.652544e+01
1.743989e+01 -4.308473e+01 -2.385890e+01 1.526132e+01
-4.371466e+00 -5.347512e+01 -1.738867e+01 1.222058e+01
1.661479e+01 -4.009715e+01 -3.296876e+00 2.375376e+01
9.454065e+00 -3.508974e+01 -3.356479e+01 1.608757e+01
-5.137324e+00 -5.260172e+01 -3.509648e+00 -1.235959e+00
2.116800e-01 -3.131062e+01 -1.579781e+01 1.993974e+01
1.323030e+01 -2.727770e+01 -1.816111e+01 1.955929e+01
1.585900e+01 -3.255497e+01 -1.217073e+01 3.403236e+01
3.977089e+00 -3.719060e+01 1.896788e+00 1.873563e+01
2.665578e+00 -3.153203e+01 2.530950e+00 1.034431e+01
2.719442e+01 -3.978795e+01 1.053567e+01 9.323768e+00
2.912547e+00 -3.720705e+01 -1.180100e+00 2.331966e+01
9.182776e+00 -5.143620e+01 -9.455764e+00 1.848621e+01
1.192288e+01 -4.282302e+01 -1.658339e+01 2.522961e+01
6.133118e+00 -2.627773e+01 -2.112428e+01 2.074671e+01
4.441086e+00 -5.326544e+01 -1.661743e+01 2.230972e+01
-9.306517e-01 -4.248969e+01 -3.582200e+00 1.644957e+01
1.538995e+00 -4.974494e+01 -1.429811e-02 1.718539e+01
4.663034e+00 -3.749687e+01 -4.883223e+00 2.017904e+01
8.010195e+00 -3.151302e+01 -1.316868e+01 2.971233e+01
5.763617e+00 -3.981505e+01 1.478067e+00 2.281763e+01
1.555732e+00 -3.807080e+01 -2.443522e+00 2.932794e+01
3.901675e+00 -3.856456e+01 3.023158e+00 1.493670e+01
9.750231e+00 -3.046295e+01 -4.309299e+00 2.314819e+01
1.447113e+01 -3.765584e+01 -1.799375e+00 2.088665e+01
-2.806576e+00 -3.788868e+01 -9.835978e-02 1.100899e+01
4.449798e+00 -3.253467e+01 -1.145573e+01 2.672347e+01
8.924102e-01 -5.067683e+01 -1.244539e+01 1.518902e+01
7.967468e+00 -3.575183e+01 -8.893568e+00 2.544292e+01
7.450578e+00 -4.517675e+01 -5.233786e+00 1.152602e+01
1.418530e+01 -4.387038e+01 -1.611734e+01 2.047437e+01
2.056931e+01 -4.283162e+01 -2.772978e+01 2.478546e+01
1.449272e+01 -5.295649e+01 -2.874057e+01 1.502563e+01
-2.411496e+01 -6.380501e+01 -1.823325e+01 1.444163e+00
-4.940131e+01 -8.278349e+01 -9.466554e+00 1.525378e+01
2.142408e+01 -3.453800e+01 -2.482226e+01 2.809291e+01
1.620804e+01 -2.701784e+01 1.666886e+01 9.820290e-01
-2.619624e+01 -7.199821e+01 -1.887785e+01 2.223982e+01
2.827537e+00 -4.521189e+01 9.952588e+00 -5.383773e+00
-6.614188e+00 -5.945610e+01 2.152599e+01 8.908559e+00
-5.986083e+01 -8.900159e+01 -1.074148e+01 1.870019e+01
-2.731072e+01 -7.625702e+01 -2.166046e+01 2.660302e+01
5.574486e+00 -4.834399e+01 -1.023007e+01 1.829039e+01
4.383328e+00 -4.115593e+01 -1.066999e+01 1.587265e+01
1.127517e+01 -3.453859e+01 1.924350e+00 1.764423e+01
1.705429e+01 -3.032036e+01 2.126695e+00 2.459823e+01
1.789992e+01 -3.870434e+01 -5.140026e+00 2.759244e+01
9.296742e+00 -3.543826e+01 -7.386041e+00 1.755775e+01
6.602976e+00 -4.125992e+01 -1.048628e+01 2.457500e+01
9.966026e+00 -4.080353e+01 8.924879e-01 2.191263e+01
4.599328e+00 -4.111019e+01 -2.416590e+01 2.854215e+01
5.055517e+00 -3.240763e+01 -1.351713e+01 3.037955e+01
-1.463142e+00 -5.754370e+01 9.224192e+00 -1.803912e+00
1.237140e+01 -4.488496e+01 -6.468061e+00 1.878704e+01
-8.850931e+00 -6.237071e+01 -4.864575e+00 -8.882603e-01
