-1.289837e+01 2.056008e+01 -2.733556e+01 -3.055925e+01
-3.399426e+01 3.026910e+01 -4.660209e+01 -3.412025e+01
-7.799934e-01 -5.371293e+00 -4.815109e+01 -3.908432e+01
-2.256668e+01 2.820160e+01 -3.239110e+01 -2.812416e+01
-4.569066e+01 3.844313e+01 -3.906965e+01 -3.711074e+01
-3.651909e+01 2.561986e+01 -4.703195e+01 -3.167031e+01
-2.391908e+01 2.132701e+01 -4.362024e+01 -3.170002e+01
-7.600533e+00 3.030162e-01 -3.892908e+01 -3.386461e+01
-4.748080e+01 2.633760e+01 -4.021262e+01 -4.060096e+01
-4.237441e+01 3.056141e+01 -3.711486e+01 -4.046487e+01
-4.827960e+01 1.517945e+01 -6.404195e+01 -4.166214e+01
-3.974685e+01 2.751663e+01 -6.330123e+01 -4.018153e+01
-3.216336e+01 2.309294e+01 -5.694317e+01 -4.259250e+01
-2.093197e+01 3.675494e+01 -4.273100e+01 -3.464770e+01
-1.606462e+01 1.152283e+01 -3.992751e+01 -4.256533e+01
-4.127505e+01 2.096383e+01 -5.645198e+01 -4.175992e+01
-4.907597e+01 1.830993e+01 -4.578730e+01 -4.431502e+01
-2.921322e+01 1.604444e+01 -4.925993e+01 -4.084741e+01
-1.564822e+01 1.547157e+01 -2.999031e+01 -3.364837e+01
-1.795076e+01 1.276890e+01 -5.039546e+01 -3.847130e+01
-2.418806e+01 1.140160e+01 -5.674384e+01 -3.179685e+01
-2.971462e+01 4.142553e+00 -4.618441e+01 -4.123201e+01
-1.525582e+01 7.971797e+00 -3.001461e+01 -3.351803e+01
-4.038218e+01 2.955178e+01 -7.826829e+01 -3.124347e+01
-3.813606e+01 2.913018e+01 -7.053150e+01 -2.048728e+01
-2.728073e+01 2.037144e+01 -3.949805e+01 -3.108621e+01
-3.662921e+01 1.787427e+01 -4.479483e+01 -3.256037e+01
-4.367607e+01 1.296273e+01 -4.468001e+01 -3.290833e+01
-4.644349e+01 1.777768e+01 -5.105360e+01 -2.386040e+01
-3.397233e+01 3.420464e+01 -6.253556e+01 -4.512909e+01
-2.655311e+01 2.621418e+01 -6.491123e+01 -3.546286e+01
-4.031850e+01 1.124976e+01 -4.838863e+01 -4.764468e+01
-4.020806e+01 2.254263e+01 -6.091885e+01 -4.145480e+01
-4.725669e+01 2.652403e+01 -6.051909e+01 -4.064252e+01
-1.838260e+01 1.273645e+01 -6.066138e+01 -3.581640e+01
-3.221663e+01 2.881728e+01 -3.893853e+01 -4.285003e+01
-4.114480e+01 3.128229e+01 -6.089245e+01 -3.112733e+01
-3.179448e+01 2.084638e+01 -3.107568e+01 -4.147496e+01
-5.141609e+01 2.804951e+01 -5.468534e+01 -4.854970e+01
-1.283145e+01 1.864414e+01 -6.476507e+01 -3.063422e+01
-3.418844e+01 -5.522157e+00 -5.358727e+01 -4.043505e+01
-6.693859e+00 -9.133204e-01 -4.667301e+01 -1.418833e+01
-3.146318e+01 2.354033e+01 -5.650176e+01 -4.489275e+01
-2.792584e+01 -1.764754e+00 -4.579084e+01 -3.779787e+01
-3.125414e+01 -6.933535e-01 -4.861716e+01 -3.196105e+01
-1.802924e+01 4.983664e+00 -5.678129e+01 -2.762397e+01
-3.049429e+00 2.058070e+00 -6.202261e+01 -3.405030e+01
-3.989869e+01 1.311858e+01 -6.531671e+01 -4.094331e+01
-3.054068e+01 1.162216e+01 -7.323823e+01 -2.846910e+01
-4.691353e+01 2.032457e+01 -6.052076e+01 -4.256848e+01
-2.445045e+01 8.417334e+00 -7.264710e+01 -3.252306e+01
-3.392541e+01 2.100960e+01 -7.246665e+01 -9.415110e+00
-4.093324e+01 2.601082e+01 -8.469071e+01 -3.063996e+01
-5.038663e+01 2.858511e+01 -7.542861e+01 -3.626190e+01
-3.221456e+01 1.798715e+01 -6.713962e+01 -9.929972e+00
-2.978388e+01 1.315840e+01 -7.481109e+01 -1.208065e+01
-3.287024e+01 3.459777e+01 -8.069159e+01 -2.414260e+01
-1.924336e+01 6.385605e+00 -7.467535e+01 -4.457781e+01
-4.082793e+01 2.511893e+01 -5.544079e+01 -2.977450e+01
-3.818327e+01 2.538754e+01 -6.302367e+01 -4.096560e+01
-5.359750e+01 4.689135e+01 -4.877304e+01 -3.701079e+01
-3.559910e+01 3.027341e+01 -5.131666e+01 -3.405004e+01
-4.130259e+01 3.064574e+01 -7.130915e+01 -4.048961e+01
-3.476231e+01 3.654318e+01 -7.183433e+01 -3.714767e+01
-3.754295e+01 3.091433e+01 -6.712696e+01 -4.322838e+01
-5.251914e+01 2.817202e+01 -7.361013e+01 -3.894358e+01
-3.504840e+01 2.597317e+01 -7.187178e+01 -3.377061e+01
-4.303851e+01 3.192893e+01 -6.093647e+01 -3.372062e+01
-4.452186e+01 2.213733e+01 -5.834300e+01 -3.518635e+01
-4.549863e+01 2.443384e+01 -5.287152e+01 -3.902327e+01
-4.427836e+01 1.636905e+01 -7.371530e+01 -3.560305e+01
-5.867618e+01 2.398860e+01 -6.656382e+01 -4.340888e+01
-4.870481e+01 2.467451e+01 -5.792819e+01 -5.007553e+01
-4.944167e+01 3.109277e+01 -5.773227e+01 -4.321566e+01
-4.289918e+01 9.930692e+00 -5.952424e+01 -3.084131e+01
-1.706124e+01 2.467592e+01 -4.704374e+01 -3.011119e+01
-4.114051e+01 2.919392e+01 -8.117656e+01 -6.278545e+01
-4.177909e+01 3.647805e+01 -4.869440e+01 -4.474909e+01
-4.640681e+01 3.907222e+01 -6.752505e+01 -4.757094e+01
-5.719076e+01 2.557935e+01 -5.426065e+01 -3.096789e+01
-5.221528e+01 3.499002e+01 -6.088466e+01 -4.772017e+01
-4.749363e+01 2.740263e+01 -5.767765e+01 -3.411845e+01
-4.411478e+01 1.667517e+01 -2.673617e+01 -2.484683e+01
-5.285593e+01 3.356945e+01 -8.549836e+01 -5.645656e+01
-5.057981e+01 2.845437e+01 -7.169974e+01 -4.310644e+01
-4.459390e+01 4.518000e+01 -8.060914e+01 -3.669992e+01
-3.793741e+01 3.387884e+01 -5.849483e+01 -4.614804e+01
-3.903714e+01 4.514058e+01 -7.362735e+01 -2.812280e+01
-3.839512e+01 1.454146e+01 -7.091215e+01 -3.347516e+01
-4.979091e+01 2.539884e+01 -6.003129e+01 -5.018526e+01
-1.808327e+01 2.881401e+01 -5.179350e+01 -4.168778e+01
-4.550809e+01 1.092104e+01 -5.737241e+01 -4.948216e+01
-3.557090e+01 8.014741e+00 -6.514512e+01 -3.341384e+01
-2.394459e+01 5.124987e+00 -5.964541e+01 -3.459345e+01
-4.200475e+01 2.271406e+01 -2.703057e+01 -4.746345e+01
-2.418963e+01 4.620812e+00 -5.709769e+01 -3.627153e+01
-3.777931e+01 1.232621e+01 -7.896827e+01 -4.861198e+01
-4.017359e+01 1.133169e+01 -5.665137e+01 -3.304715e+01
-2.708848e+01 2.763358e+01 -6.533102e+01 -5.776370e+01
-5.274344e+01 1.358155e+01 -4.655266e+01 -5.193103e+01
-5.244174e+01 2.454062e+01 -6.858295e+01 -1.751980e+01
-1.481311e+01 2.288607e+01 -3.685689e+01 -3.196761e+01
-2.752956e+01 3.734036e+01 -3.243499e+01 -1.734993e+01
-3.325141e+01 1.758527e+01 -5.464146e+01 -3.402943e+01
-5.077816e+01 4.145819e+01 -5.511843e+01 -4.393647e+01
-4.498792e+01 1.305276e+01 -5.679592e+01 -4.122985e+01
-2.411812e+01 1.442399e+01 -2.248572e+01 -3.040487e+01
-3.325107e+01 5.301154e+01 -3.651372e+01 -3.909414e+01
-3.721156e+01 2.271626e+01 -7.247920e+01 -4.036146e+01
-3.447134e+01 1.382930e+01 -4.883854e+01 -3.795533e+01
-4.405112e+01 2.240728e+01 -8.975974e+01 -4.501904e+01
-3.183638e+01 2.446172e+01 -7.273133e+01 -4.140472e+01
-5.252794e+01 2.320912e+01 -7.519563e+01 -4.252960e+01
-2.968592e+01 1.357810e+01 -6.272626e+01 -2.936038e+01
-5.435182e+01 3.410138e+01 -5.421261e+01 -4.426425e+01
-4.420074e+01 2.840628e+01 -6.563640e+01 -4.433911e+01
-4.131574e+01 2.676507e+01 -6.789473e+01 -4.966740e+01
-5.986641e+01 3.124837e+01 -7.063848e+01 -4.878469e+01
-5.794442e+01 2.944185e+01 -6.378222e+01 -4.572678e+01
-4.853929e+01 3.442470e+01 -5.627537e+01 -5.506056e+01
-4.870759e+01 3.629447e+01 -8.432743e+01 -4.492021e+01
-3.699031e+01 2.482386e+01 -7.536151e+01 -4.319103e+01
-2.804518e+01 2.663431e+01 -6.020720e+01 -4.145535e+01
-3.177127e+01 2.175576e+01 -7.281834e+01 -3.701336e+01
-4.634204e+01 2.668848e+01 -6.990460e+01 -3.597851e+01
-5.298436e+01 3.383783e+01 -4.932081e+01 -6.071393e+01
-3.717180e+01 3.892908e+01 -5.082304e+01 -4.625754e+01
-4.053026e+01 3.303450e+01 -6.660792e+01 -3.555901e+01
-4.802503e+01 3.702095e+01 -5.024990e+01 -3.256061e+01
-2.849640e+01 2.624648e+01 -5.191392e+01 -3.100058e+01
-4.102495e+01 1.871461e+01 -6.532083e+01 -4.185409e+01
-3.663282e+01 3.255935e+01 -5.010430e+01 -3.543059e+01
-5.800236e+01 3.764986e+01 -6.913627e+01 -4.544696e+01
-5.604789e+01 3.040572e+01 -6.182854e+01 -3.947065e+01
-5.577629e+01 2.573567e+01 -5.021229e+01 -3.629503e+01
-4.834324e+01 2.304802e+01 -4.534556e+01 -4.334628e+01
-5.237575e+01 2.668211e+01 -9.125806e+01 -3.766982e+01
-3.641368e+00 -1.072587e+00 -4.280986e+01 -2.362985e+01
-2.064404e+01 4.391024e+00 -2.796722e+01 -3.379453e+01
1.937721e-01 6.277307e+00 -3.998634e+01 -2.014283e+01
-4.831973e+01 1.992183e+01 -7.435333e+01 -3.937650e+01
-1.376692e+01 -1.064987e+00 -5.197527e+01 -1.304269e+01
-5.769385e+01 4.960001e+01 -6.865922e+01 -4.312717e+01
-5.584339e+01 3.422533e+01 -8.944625e+01 -5.115138e+01
-5.111001e+01 4.009869e+01 -5.916712e+01 -4.097286e+01
-3.157483e+01 3.794944e+01 -5.583945e+01 -2.949132e+01
-3.163250e+01 4.080224e+01 -6.094537e+01 -3.474120e+01
-6.028347e+01 5.251973e+01 -6.045876e+01 -4.120533e+01
-3.757272e+01 4.226245e+01 -3.281670e+01 -3.276301e+01
-1.713682e+01 2.025439e+01 -4.239066e+01 -2.573120e+01
-3.441527e+01 2.540493e+01 -5.253307e+01 -1.650125e+01
-3.076104e+01 1.528015e+01 -5.302959e+01 -1.688926e+01
-2.013632e+01 2.018091e+01 -3.588500e+01 -2.148960e+01
-3.729430e+01 1.724479e+01 -7.901395e+01 -2.963264e+01
-5.721842e+01 3.492323e+01 -8.416479e+01 -4.518640e+01
-5.072427e+01 3.479023e+01 -6.984305e+01 -5.576789e+01
-2.038241e+01 1.550140e+01 -6.341681e+01 -1.359554e+01
-2.440098e+01 1.289260e+01 -5.712640e+01 -3.324754e+01
-2.945221e+01 1.520592e+01 -6.246664e+01 -3.186501e+01
-4.072059e+01 2.746849e+01 -7.231033e+01 -3.442737e+01
-2.898694e+01 1.725097e+01 -5.881072e+01 -3.528161e+01
-4.532044e+01 1.418280e+01 -5.227785e+01 -4.158450e+01
-3.343031e+01 2.111199e+01 -7.161101e+01 -2.683843e+01
-2.550095e+01 2.523733e+01 -8.006541e+01 -4.179264e+01
-4.095022e+01 2.892851e+01 -6.287709e+01 -4.262482e+01
-1.532792e+01 2.942897e+01 -5.415048e+01 -3.456405e+01
-2.319976e+01 9.826749e+00 -6.644771e+01 -3.347298e+01
-2.779949e+01 9.084630e+00 -5.382130e+01 -3.613864e+01
-2.723970e+01 1.355718e+01 -5.603219e+01 -3.066970e+01
-1.271986e+01 1.205091e+01 -5.594063e+01 -2.842766e+01
-3.335962e+01 1.910688e+01 -5.054536e+01 -4.023750e+01
-2.776121e+01 2.005240e+01 -6.129509e+01 -3.215296e+01
-2.418062e+01 1.770938e+01 -6.173917e+01 -3.890944e+01
-3.213058e+01 2.813400e+01 -5.806185e+01 -3.918485e+01
-4.942655e+01 2.571393e+01 -4.810382e+01 -4.838106e+01
-2.712912e+01 1.871357e+01 -5.055634e+01 -3.002545e+01
-5.862845e+01 1.823701e+01 -5.757232e+01 -3.969754e+01
-4.120076e+01 2.441278e+01 -6.014757e+01 -3.115610e+01
-2.981108e+01 1.242760e+01 -3.052000e+01 -4.779513e+01
-4.597230e+01 3.596359e+01 -5.250387e+01 -2.159835e+01
-3.518553e+01 7.548612e+00 -5.510238e+01 -3.481425e+01
-3.843358e+01 8.344233e+00 -6.701847e+01 -3.411425e+01
-4.339194e+01 1.053827e+01 -6.968153e+01 -4.858548e+01
-2.737738e+01 1.431596e+01 -6.672976e+01 -1.985239e+01
-3.662142e+01 3.374343e+00 -5.284817e+01 -4.390947e+01
-4.213701e+01 2.536562e+01 -6.706663e+01 -3.102039e+01
-3.881112e+01 1.314788e+01 -5.141573e+01 -4.259586e+01
-3.189273e+01 2.186436e+01 -6.880998e+01 -3.934265e+01
-2.434857e+01 6.591591e+00 -8.731312e+01 -2.419789e+01
-3.439667e+01 2.549718e+01 -7.996987e+01 -3.869638e+01
-2.957251e+01 3.843999e+01 -6.148284e+01 -4.374398e+01
-3.472092e+01 1.956731e+01 -3.844004e+01 -2.565433e+01
-2.417706e+01 2.267458e+01 -5.662465e+01 -3.498149e+01
-5.676902e+01 1.392887e+01 -7.731086e+01 -4.499281e+01
-3.306314e+01 9.178012e+00 -6.706546e+01 -4.184934e+01
-3.550838e+01 4.873199e+00 -5.925625e+01 -3.900804e+01
-4.059258e+01 1.198440e+01 -5.365509e+01 -3.718934e+01
-4.154881e+01 2.326264e+01 -4.979000e+01 -2.835443e+01
-2.990981e+01 6.929768e+00 -6.721874e+01 -3.334519e+01
-2.286654e+01 7.792065e+00 -3.222463e+01 -4.553484e+01
-2.094297e+01 3.148351e+00 -4.453489e+01 -3.153369e+01
-3.606793e+01 1.335242e+01 -6.031672e+01 -3.724256e+01
-1.831784e+01 -2.826122e+00 -5.055484e+01 -2.934567e+01
-2.188154e+01 7.360412e+00 -6.511763e+01 -1.784741e+01
-3.423216e+01 2.419342e+01 -4.683246e+01 -4.708647e+01
-4.204602e+01 3.339980e+01 -7.554826e+01 -3.882904e+01
-3.401578e+01 3.415543e+01 -8.443249e+01 -4.144685e+01
-2.973775e+01 4.149164e+01 -7.735195e+01 -4.705372e+01
-4.493378e+01 3.393042e+01 -6.871128e+01 -3.718047e+01
-5.891003e+01 2.902155e+01 -7.119757e+01 -4.689730e+01
-4.502888e+01 3.839611e+01 -4.315243e+01 -4.444670e+01
-4.535849e+01 2.431710e+01 -4.135008e+01 -3.949994e+01
-2.909858e+01 2.585501e+01 -5.551769e+01 -3.798432e+01
-2.339798e+01 9.262147e+00 -6.509885e+01 -2.421916e+01
-3.401773e+01 1.654930e+01 -4.482084e+01 -4.060308e+01
-3.435271e+01 1.951728e+01 -5.239351e+01 -3.968709e+01
-3.771692e+01 1.625488e+01 -6.976935e+01 -3.664736e+01
-4.545246e+01 2.139465e+01 -5.174995e+01 -3.030934e+01
-4.494740e+01 9.243080e+00 -5.535621e+01 -4.519151e+01
-2.614620e+01 1.155033e+01 -6.498384e+01 -2.663038e+01
-2.173568e+01 1.657502e+01 -6.831087e+00 -4.068602e+01
-2.028590e+01 2.703538e+01 -3.919030e+01 -4.133273e+01
-1.508149e+01 2.593879e+00 -6.150263e+01 -3.398804e+01
-1.960810e+01 7.684819e+00 -5.063924e+01 -3.168607e+01
-1.882015e+01 -1.080304e+00 -4.246203e+01 -4.410610e+01
-3.717243e+01 2.809739e+00 -4.973096e+01 -5.246508e+01
-3.153737e+01 6.182316e+00 -8.281395e+01 -3.452078e+01
-3.020915e+01 3.776072e+00 -6.164984e+01 -3.311702e+01
-2.712024e+01 9.719105e+00 -7.041965e+01 -3.391946e+01
-3.977312e+01 2.441807e+01 -7.072748e+01 -3.806688e+01
-1.616467e+01 1.900552e+01 -6.978229e+01 -2.209555e+01
-3.471838e+01 1.744181e+01 -7.197576e+01 -3.132126e+01
-3.285573e+01 2.365451e+01 -8.281101e+01 -2.157785e+01
-4.696279e+01 3.406453e+01 -4.130261e+01 -4.002980e+01
-1.767854e+01 7.219863e+00 -5.288313e+01 -4.106156e+01
-4.810502e+01 3.460399e+01 -4.647457e+01 -3.843116e+01
-4.792320e+01 4.983204e+01 -5.149770e+01 -3.075150e+01
-5.286450e+01 4.383700e+01 -6.847197e+01 -4.219708e+01
-4.480513e+01 3.331397e+01 -4.535190e+01 -3.399712e+01
-3.873193e+01 2.882399e+01 -6.198088e+01 -3.549985e+01
-4.989363e+01 1.988705e+01 -5.858437e+01 -4.564743e+01
-4.626681e+01 2.506289e+01 -6.955722e+01 -4.581724e+01
-3.112509e+01 1.223286e+01 -9.071995e+01 -4.196636e+01
-4.365463e+01 2.043451e+01 -5.632093e+01 -5.026321e+01
-5.272747e+01 2.888182e+01 -5.200204e+01 -5.398865e+01
-4.139878e+01 4.201345e+01 -4.783408e+01 -3.879229e+01
-1.735925e+01 1.382634e+00 -5.734583e+01 -2.738948e+01
-6.066739e+01 1.806266e+01 -5.975713e+01 -5.616065e+01
-1.535545e+01 6.426352e+00 -6.092562e+01 -2.648662e+01
-3.379680e+01 2.617470e+01 -5.459510e+01 -2.880028e+01
-3.562370e+01 6.111126e+00 -3.717160e+01 -4.580531e+01
-4.459339e+01 7.564192e+00 -5.506369e+01 -3.834795e+01
-4.385242e+01 1.478184e+01 -3.502749e+01 -3.278029e+01
-3.010019e+01 1.281963e+01 -4.729910e+01 -4.699936e+01
-3.377967e+01 3.503882e+01 -6.029072e+01 -2.370181e+01
-5.322209e+01 1.230568e+01 -4.734138e+01 -2.809698e+01
-4.735908e+01 3.858904e+01 -9.981500e+01 -4.658831e+01
-4.356638e+01 2.948599e+01 -6.598969e+01 -4.971288e+01
-4.305105e+01 2.815436e+01 -5.976672e+01 -3.037814e+01
-2.995102e+01 8.070681e+00 -3.107592e+01 -2.399533e+01
-4.182530e+01 1.685693e+01 -5.740930e+01 -3.739238e+01
-2.960510e+01 1.330881e+01 -6.171790e+01 -4.253763e+01
-4.112322e+01 2.925138e+01 -6.553837e+01 -3.309593e+01
-3.945488e+01 2.583927e+01 -6.067540e+01 -4.336184e+01
-6.255025e+01 2.956926e+01 -8.089112e+01 -4.526902e+01
-5.768887e+01 3.022410e+01 -7.606532e+01 -5.799424e+01
-5.412578e+01 3.666270e+01 -6.523684e+01 -4.857163e+01
-4.273370e+01 2.994228e+01 -6.502236e+01 -4.746614e+01
-4.717922e+01 2.553512e+01 -7.577668e+01 -3.807158e+01
-4.514929e+01 2.470128e+01 -5.284598e+01 -3.982062e+01
-1.236762e+01 5.121286e+00 -3.418820e+01 -3.270948e+01
-4.959853e+01 3.722276e+01 -6.217498e+01 -4.219203e+01
-3.844155e+01 3.347640e+01 -6.464410e+01 -3.223253e+01
-2.383547e+01 2.039579e+01 -4.106981e+01 -3.553611e+01
-3.318071e+01 1.641234e+01 -6.716612e+01 -2.660907e+01
-3.389654e+01 1.855057e+01 -7.270788e+01 -2.773718e+01
-4.231161e+01 2.059967e+01 -4.548296e+01 -3.248718e+01
-3.867657e+01 1.570308e+01 -6.760358e+01 -3.621916e+01
-2.836408e+01 1.760384e+01 -5.779630e+01 -3.423241e+01
-9.293104e+00 1.095735e+01 -5.694723e+01 -2.607701e+01
-2.349229e+01 2.214912e+01 -7.703951e+01 -3.458471e+01
-4.993235e+01 3.564355e+01 -5.006254e+01 -5.275655e+01
-2.623053e+01 1.671279e+01 -4.139108e+01 -3.262420e+01
-1.192604e+01 9.700764e+00 -3.095833e+01 -2.536996e+01
-3.864330e+01 5.239506e+00 -4.484359e+01 -3.358202e+01
-2.927352e+01 -5.176621e-01 -6.928002e+01 -3.640195e+01
-3.152578e+01 1.715034e+01 -4.872595e+01 -3.528356e+01
-2.774694e+01 2.115234e+00 -3.806594e+01 -4.614753e+01
-3.216262e+01 1.334365e+01 -8.028945e+01 -4.592036e+01
-4.922197e+01 3.329314e+01 -8.654763e+01 -4.640172e+01
-4.070946e+01 2.977324e+01 -7.209888e+01 -3.560772e+01
-5.783215e+01 2.707541e+01 -8.186069e+01 -3.854766e+01
-3.865958e+01 3.509996e+01 -7.116372e+01 -4.600923e+01
-4.170207e+01 3.286921e+01 -4.489403e+01 -4.838312e+01
-3.953598e+01 2.828043e+01 -7.284693e+01 -4.240098e+01
-4.887550e+01 3.021701e+01 -5.477225e+01 -4.969591e+01
-3.067457e+01 6.634257e+00 -6.653747e+01 -3.212677e+01
-3.339850e+01 3.044538e+01 -7.235203e+01 -2.463619e+01
-5.175090e+01 3.435140e+01 -7.107235e+01 -5.238183e+01
-3.392961e+01 1.069705e+01 -5.055135e+01 -4.982485e+01
-3.175056e+01 1.767844e+01 -6.247132e+01 -3.254588e+01
-3.218781e+01 1.616299e+01 -3.272506e+01 -3.821200e+01
-1.393609e+01 6.199566e+00 -5.197008e+01 -4.106988e+01
-3.849673e+01 2.146518e+01 -5.888530e+01 -3.241214e+01
-3.541043e+01 4.776801e+00 -6.183014e+01 -1.950625e+01
-4.867706e+01 3.479185e+01 -7.473289e+01 -1.901804e+01
-5.457031e+01 8.850163e+00 -4.873686e+01 -4.978209e+01
-4.926602e+01 2.557528e+00 -9.156866e+01 -4.529936e+01
-4.152647e+01 1.160220e+01 -5.203805e+01 -3.702787e+01
-3.644409e+01 4.628691e+01 -5.849972e+01 -3.305563e+01
-4.161729e+01 3.930073e+01 -4.563082e+01 -4.112911e+01
-3.923667e+01 1.297789e+01 -7.393618e+01 -3.931116e+01
-5.378685e+01 2.133408e+01 -5.610052e+01 -4.988905e+01
-2.010907e+01 -5.641899e-01 -4.061299e+01 -4.287347e+01
-8.888456e+00 9.555274e+00 -2.849464e+01 -3.037608e+01
-2.724922e+01 9.078857e+00 -3.207731e+01 -5.276921e+01
-3.508098e+01 1.230912e+01 -2.855096e+01 -4.468433e+01
-1.774922e+01 1.090552e+01 -4.912207e+01 -3.468956e+01
-2.967576e+01 7.780374e+00 -7.751714e+01 -4.061073e+01
-4.385673e+01 7.842753e+00 -8.107452e+01 -4.733161e+01
-3.752116e+01 9.909541e+00 -6.240369e+01 -3.008855e+01
-2.181303e+01 1.027948e+01 -5.068506e+01 -3.111579e+01
-3.524383e+01 1.583741e+01 -7.227237e+01 -2.055951e+01
-2.975684e+01 1.599703e+01 -6.339872e+01 -2.377589e+01
-3.814040e+01 1.796259e+01 -7.542844e+01 -1.505919e+01
-3.619434e+01 2.921802e+01 -4.322124e+01 -3.088368e+01
-4.736987e+01 3.305951e+01 -3.769427e+01 -3.719289e+01
-4.909560e+01 3.865653e+01 -5.498687e+01 -5.378357e+01
-5.639852e+01 1.724733e+01 -7.890485e+01 -4.027125e+01
-4.895327e+01 3.660637e+01 -6.817684e+01 -2.774414e+01
-4.913921e+01 1.992927e+01 -5.122855e+01 -5.046207e+01
-2.296472e+01 2.519420e+01 -6.233628e+01 -3.894419e+01
-4.384071e+01 1.377109e+01 -5.361584e+01 -5.057642e+01
-5.462677e+01 2.640567e+01 -7.127496e+01 -4.724551e+01
-4.968300e+01 9.440089e+00 -5.815159e+01 -5.276839e+01
-4.263754e+01 2.583582e+01 -5.067066e+01 -3.962475e+01
-2.915766e+01 2.433740e+01 -7.910484e+01 -4.444547e+01
-4.054000e+01 3.379175e+01 -4.137012e+01 -4.312537e+01
-4.985353e+01 3.121061e+01 -5.817025e+01 -4.778601e+01
-2.672687e+01 3.948572e+01 -7.218469e+01 -2.802232e+01
-3.446737e+01 3.166005e+01 -7.462473e+01 -3.078475e+01
-4.666175e+01 4.458286e+01 -6.672611e+01 -3.889928e+01
-2.839956e+01 3.887303e+01 -6.531402e+01 -3.806447e+01
-4.488573e+01 2.964063e+01 -5.413035e+01 -4.753292e+01
-5.146496e+01 2.189903e+01 -6.809641e+01 -3.655202e+01
-3.255671e+01 6.746348e+00 -7.350350e+01 -3.788166e+01
-4.568485e+01 3.603553e+01 -6.246867e+01 -6.175807e+01
-3.302117e+01 3.903846e+01 -5.550162e+01 -4.553443e+01
-3.750391e+01 2.257317e+01 -4.844483e+01 -3.700924e+01
-2.805232e+01 3.448968e+00 -1.724875e+01 -5.676673e+01
-3.846737e+01 2.686159e+01 -4.410044e+01 -4.574514e+01
-4.162836e+01 3.550393e+01 -7.366242e+01 -4.226516e+01
-4.242595e+01 2.189727e+01 -8.049557e+01 -4.547731e+01
-5.556894e+01 3.646633e+01 -6.320333e+01 -5.651705e+01
-5.407445e+01 4.284248e+01 -6.500176e+01 -5.648355e+01
-3.652851e+01 3.529982e+01 -4.832419e+01 -5.690367e+01
-4.785972e+01 2.372193e+01 -8.053657e+01 -4.589329e+01
-5.125383e+01 4.362902e+01 -5.568878e+01 -5.541858e+01
-4.100712e+01 2.300659e+01 -5.174422e+01 -4.836179e+01
-5.138689e+01 3.190680e+01 -6.439608e+01 -4.582680e+01
-3.217962e+01 1.921335e+01 -7.196421e+01 -4.204685e+01
-3.925214e+01 2.351940e+01 -5.590872e+01 -4.399481e+01
-3.618427e+01 2.715233e+01 -5.626076e+01 -3.692031e+01
-4.458739e+01 2.662020e+01 -4.052026e+01 -4.057282e+01
-5.059894e+01 3.140080e+01 -6.397240e+01 -3.216809e+01
-2.590179e+01 1.545910e+01 -6.705710e+01 -4.039391e+01
-2.935567e+01 1.649292e+01 -5.946773e+01 -4.768901e+01
-1.913652e+01 -2.929054e+00 -3.583764e+01 -4.096988e+01
-1.243533e+01 4.506890e-02 -4.287998e+01 -1.941620e+01
-1.913335e+01 7.124546e+00 -5.142749e+01 -4.011361e+01
-1.058358e+01 1.478578e+00 -1.991056e+01 -2.984148e+01
-1.975063e+01 7.279091e-01 -4.583110e+01 -3.025720e+01
-5.369928e+01 3.391277e+01 -6.100867e+01 -5.316362e+01
-4.163519e+01 2.395918e+01 -6.928717e+01 -3.791359e+01
-5.170787e+01 3.415946e+01 -6.308557e+01 -5.132990e+01
-2.811222e+01 2.145099e+01 -5.835472e+01 -3.301786e+01
-5.131462e+01 2.625860e+01 -8.155445e+01 -2.695275e+01
-4.130731e+01 3.059599e+01 -7.069246e+01 -4.561710e+01
-4.672878e+01 3.391508e+01 -5.378738e+01 -1.772839e+01
-2.213568e+01 1.558169e+01 -5.273184e+01 -3.865562e+01
-3.234621e+01 1.457410e+01 -6.417782e+01 -3.291151e+01
-2.606545e+01 2.112034e+01 -5.837824e+01 -3.205218e+01
-2.934336e+01 3.735861e+01 -5.968141e+01 -2.670267e+01
-3.050404e+01 1.188373e+01 -6.989409e+01 -3.077518e+01
-2.170373e+01 1.617022e+01 -8.333757e+01 -2.634790e+01
-1.810506e+01 1.754031e+01 -6.067236e+01 -2.917799e+01
-4.426080e+01 2.125255e+01 -4.250148e+01 -5.006719e+01
-4.529946e+01 1.236640e+01 -6.356438e+01 -4.624931e+01
-2.629553e+01 6.687977e+00 -4.263288e+01 -3.648490e+01
-2.865162e+01 1.693266e+01 -6.450306e+01 -4.755367e+01
-2.064220e+01 1.752722e+00 -3.399114e+01 -2.042740e+01
-3.537807e+01 9.481948e+00 -6.412627e+01 -2.279776e+01
-1.890846e+01 3.510574e+00 -1.221277e+01 -3.924223e+01
-2.452734e+01 1.907804e+01 -5.113287e+01 -3.575261e+01
-3.281479e+01 1.035311e+01 -2.785755e+01 -5.739813e+01
-3.193561e+01 3.521912e+01 -5.701739e+01 -3.144142e+01
-5.081338e+01 3.714960e+01 -7.063349e+01 -5.274649e+01
-2.934404e+01 3.069205e+01 -6.195309e+01 -2.134187e+01
-2.649155e+01 2.022646e+01 -7.160732e+01 -3.211170e+01
-3.815023e+01 2.996060e+01 -6.385540e+01 -3.538687e+01
-3.770055e+01 2.500651e+01 -6.091370e+01 -4.103808e+01
-2.668097e+01 4.268967e+00 -3.638547e+01 -3.409218e+01
-5.778843e+01 2.812250e+01 -6.351555e+01 -2.615078e+01
-3.949368e+01 2.772281e+01 -5.829268e+01 -2.390507e+01
-5.366680e+01 3.081529e+01 -6.281699e+01 -1.759245e+01
-5.160545e+01 2.838649e+01 -7.300318e+01 -2.997580e+01
-3.574354e+01 1.564986e+01 -6.860365e+01 -2.446464e+01
-3.695300e+01 2.399921e+01 -4.155138e+01 -1.821210e+01
-4.946799e+01 2.457643e+01 -6.021538e+01 -3.022096e+01
-3.424185e+01 8.457199e-01 -6.759248e+01 -2.776715e+01
-4.627534e+01 9.511275e+00 -5.710050e+01 -2.861721e+01
-6.581572e+00 -4.624531e+00 -4.751256e+01 -5.024593e+00
-1.120019e+01 2.456811e+00 -3.590095e+01 -2.147829e+01
-4.390798e+01 2.419373e+01 -7.509322e+01 -3.476160e+01
-2.531228e+01 1.814549e+01 -2.148316e+01 -2.583705e+01
-3.623572e+01 1.988862e+01 -5.076276e+01 -2.710193e+01
-4.653617e+01 2.594649e+01 -6.519319e+01 -3.762875e+01
-2.958375e+01 1.139893e+01 -6.976689e+01 -2.667971e+01
-1.725819e+01 1.491267e+01 -3.008367e+01 -2.665711e+01
-2.810753e+01 1.400236e+01 -5.857485e+01 -2.425165e+01
-3.603503e+01 1.815602e+01 -4.717235e+01 -2.035744e+01
-2.839985e+01 2.209174e+01 -4.940202e+01 -2.350955e+01
-3.224912e+01 8.141053e+00 -6.128472e+01 -3.135876e+01
-1.839970e+01 1.310530e+01 -3.110998e+01 -3.167748e+01
-2.408555e+01 -1.174563e+01 -2.850977e+01 -4.995259e+01
-3.692615e+01 2.059453e+01 -5.883854e+01 -3.360612e+01
-4.273032e+01 1.739728e+01 -7.256997e+01 -4.848357e+01
-3.626603e+01 2.747694e+01 -4.877478e+01 -3.905752e+01
-4.953196e+01 1.908011e+01 -6.914626e+01 -5.001325e+01
-3.078366e+01 1.773656e+01 -8.109329e+01 -3.664576e+01
-4.185587e+01 9.213384e+00 -6.727958e+01 -4.470376e+01
-3.259593e+01 2.654702e+01 -6.596169e+01 -3.433641e+01
-2.566115e+01 1.181896e+01 -6.627845e+01 -3.889394e+01
-4.112225e+01 1.837243e+01 -6.695006e+01 -4.766231e+01
-4.752133e+01 2.758469e+01 -6.025218e+01 -4.213041e+01
-3.015308e+01 1.558023e+01 -7.031363e+01 -2.964291e+01
-3.084836e+01 1.639092e+01 -7.289938e+01 -2.212913e+01
-5.115932e+01 2.895976e+01 -4.990114e+01 -4.189101e+01
-3.738913e+01 2.772254e+01 -4.816079e+01 -3.311933e+01
-4.385478e+01 2.107818e+01 -5.748633e+01 -3.731129e+01
-3.343776e+01 2.596647e+01 -8.597519e+01 -4.313055e+01
-5.965954e+01 2.033556e+01 -7.818152e+01 -4.087595e+01
-3.677034e+01 2.761830e+01 -5.627300e+01 -4.149620e+01
-4.153005e+01 2.088356e+01 -5.466175e+01 -4.778324e+01
-4.736501e+01 3.168633e+01 -6.271034e+01 -4.890243e+01
-4.239378e+01 2.707380e+01 -5.570220e+01 -4.418715e+01
-4.346325e+01 3.077346e+01 -7.805501e+01 -3.989905e+01
-3.458108e+01 1.644438e+01 -6.941770e+01 -4.970562e+01
-4.262649e+01 2.845686e+01 -7.522613e+01 -4.740206e+01
-4.099304e+01 5.256240e+00 -8.197420e+01 -4.913363e+01
-2.180202e+01 1.717030e+01 -6.883526e+01 -2.769254e+01
-1.443024e+01 5.978001e+00 -6.977860e+01 -3.749525e+01
-5.422286e+01 3.874528e+01 -5.307880e+01 -6.343830e+01
-4.261196e+01 2.890860e+01 -5.087159e+01 -4.899340e+01
-4.952632e+01 2.494986e+01 -4.474162e+01 -3.106256e+01
-6.288360e+01 1.919976e+01 -6.949821e+01 -5.780173e+01
-5.026792e+01 3.785135e+01 -4.891028e+01 -6.094210e+01
-4.259574e+01 2.312900e+01 -4.079498e+01 -5.316591e+01
-5.240536e+01 3.320279e+01 -4.701658e+01 -5.924141e+01
-5.029175e+01 2.739895e+01 -4.882770e+01 -6.061262e+01
-4.966981e+01 3.359423e+01 -5.097081e+01 -6.771567e+01
-5.554962e+01 2.536563e+01 -6.873625e+01 -4.108170e+01
-4.172717e+01 2.667334e+01 -4.052207e+01 -5.046321e+01
-4.955478e+01 3.340250e+01 -5.875840e+01 -4.621026e+01
-5.290045e+01 1.369774e+01 -5.394573e+01 -4.875964e+01
-4.943198e+01 4.640191e+00 -6.485863e+01 -5.363736e+01
-3.663303e+01 1.079855e+01 -6.149114e+01 -5.621448e+01
-3.106005e+01 4.771171e+00 -5.263896e+01 -4.816571e+01
-3.701140e+01 9.938576e+00 -2.743934e+01 -5.586160e+01
-5.433014e+01 1.890639e+01 -8.126641e+01 -4.526715e+01
-3.973782e+01 1.065123e+01 -6.281089e+01 -5.017368e+01
-4.790714e+01 1.729277e+01 -5.546550e+01 -4.853378e+01
-3.236714e+01 1.058446e+01 -6.869338e+01 -4.269540e+01
-3.595008e+01 6.489409e+00 -5.964075e+01 -5.427748e+01
-3.930590e+01 4.218173e+00 -5.690823e+01 -4.265812e+01
-1.338313e+01 -1.263535e+00 -4.818915e+01 -3.026729e+01
-2.048427e+01 5.200508e+00 -5.063023e+01 -3.830897e+01
-2.938661e+01 1.225060e+01 -6.607661e+01 -3.839012e+01
-1.854892e+01 1.245446e+01 -5.151964e+01 -1.517579e+01
-3.409054e+01 2.716564e+01 -6.356584e+01 -2.966326e+01
-4.183884e+01 3.262410e+01 -5.440727e+01 -3.904340e+01
-4.532536e+01 3.821680e+01 -5.378440e+01 -2.837804e+01
-3.135131e+01 1.878843e+01 -4.379966e+01 -2.676396e+01
-3.005432e+01 9.427423e+00 -5.776579e+01 -3.025960e+01
-2.443306e+01 1.579980e+01 -3.726972e+01 -5.426143e+01
-4.432498e+01 2.220197e+01 -2.982883e+01 -3.621816e+01
-5.123835e+01 1.402869e+01 -6.223492e+01 -4.253582e+01
-3.428816e+01 1.769587e+01 -6.946982e+01 -3.782220e+01
-4.243018e+01 2.718031e+01 -6.430613e+01 -3.042554e+01
-3.430557e+01 1.075454e+01 -5.063070e+01 -3.569422e+01
-4.974381e+01 1.463243e+01 -6.930833e+01 -3.633924e+01
-5.825707e+01 3.961582e+01 -5.256141e+01 -3.568601e+01
-3.460637e+01 3.760770e+01 -4.987909e+01 -2.901595e+01
-2.900594e+01 2.905879e+01 -8.492148e+01 -3.996261e+01
-2.170930e+01 2.172389e+01 -6.272483e+01 -5.301144e+01
-4.558080e+01 3.666487e+01 -5.053947e+01 -3.851025e+01
-3.323084e+01 2.142630e+01 -5.209908e+01 -3.711766e+01
-6.081167e+01 4.571386e+01 -4.828187e+01 -4.706689e+01
-5.612705e+01 3.303449e+01 -9.180298e+01 -5.299368e+01
-6.465764e+01 2.142049e+01 -5.940148e+01 -6.081476e+01
-5.297380e+01 4.813891e+01 -4.641925e+01 -5.195334e+01
-5.703040e+01 2.095952e+01 -5.765196e+01 -4.666747e+01
-3.172038e+01 3.273762e+01 -3.401512e+01 -3.416325e+01
-4.287898e+01 3.213332e+01 -7.751596e+01 -4.081181e+01
-4.521678e+01 3.129347e+01 -5.303321e+01 -3.443698e+01
-4.176406e+01 3.133784e+01 -4.518025e+01 -4.815764e+01
-3.879687e+01 3.842918e+01 -4.370890e+01 -5.802640e+01
-2.750627e+01 1.930102e+01 -3.798994e+01 -4.097019e+01
-4.086734e+01 3.258791e+01 -5.201153e+01 -4.253286e+01
-3.272367e+01 2.201456e+01 -5.465562e+01 -4.941614e+01
-5.138806e+01 2.553947e+01 -7.915858e+01 -3.455631e+01
-2.576853e+01 2.327960e+01 -4.739670e+01 -5.050811e+01
-3.045146e+01 3.796526e+01 -4.739129e+01 -4.062631e+01
-3.450488e+01 2.657494e+01 -5.271711e+01 -2.987253e+01
-8.679035e+00 -1.515449e+01 -1.937000e+01 -3.722719e+01
-2.805673e+01 4.417500e+01 -3.632911e+01 -2.941611e+01
-3.172012e+01 3.825377e+01 -6.102827e+01 -3.974381e+01
-5.119806e+01 3.075056e+01 -7.525099e+01 -4.496019e+01
-5.422007e+01 2.227737e+01 -5.429494e+01 -4.690700e+01
-4.203986e+01 3.091612e+01 -4.278040e+01 -2.676198e+01
-3.791185e+00 -4.881307e+00 -4.258106e+01 -1.799584e+01
-4.034058e+01 2.368738e+01 -5.705768e+01 -1.887434e+01
-3.720426e+01 2.049698e+01 -4.857597e+01 -2.184389e+01
-3.251237e+01 4.111090e+00 -4.298652e+01 -3.783619e+01
-4.264836e+01 2.545666e+01 -5.748777e+01 -4.381559e+01
-3.163552e+01 4.493772e-01 -5.905734e+01 -3.396727e+01
-4.556540e+01 1.179381e+01 -5.139941e+01 -3.052017e+01
-4.767025e+01 3.892465e+01 -7.046103e+01 -3.950124e+01
-5.831485e+01 2.033152e+01 -7.090332e+01 -4.448228e+01
-2.232988e+01 3.996098e+00 -4.895890e+01 -2.900913e+01
-2.865350e+01 3.222328e+01 -5.667670e+01 -4.193320e+01
-4.133054e+01 2.598069e+01 -5.281549e+01 -4.128874e+01
-2.873829e+01 2.554046e+01 -6.668013e+01 -3.966179e+01
-6.114261e+01 3.760995e+01 -7.169705e+01 -5.518169e+01
-4.322808e+01 8.429782e+00 -6.204943e+01 -3.726019e+01
-4.674400e+01 1.769835e+01 -8.098205e+01 -4.224928e+01
-4.674306e+01 2.594495e+01 -5.232193e+01 -5.788610e+01
-5.718115e+01 3.575612e+01 -7.280416e+01 -5.121200e+01
-4.883556e+01 2.884360e+01 -7.138999e+01 -4.480974e+01
-1.886197e+01 3.191021e+00 -5.658171e+01 -3.274051e+01
-4.109149e+01 2.304324e+01 -6.933232e+01 -3.756291e+01
-6.092247e+01 3.129059e+01 -7.896559e+01 -5.090590e+01
-4.439262e+01 3.616502e+01 -6.156218e+01 -4.687744e+01
-4.177249e+01 1.468625e+01 -5.372483e+01 -3.832247e+01
-3.434277e+01 2.598604e+01 -7.468186e+01 -4.752588e+01
-2.667288e+01 1.624976e+01 -5.891694e+01 -4.164994e+01
-5.184110e+01 2.523522e+01 -5.607606e+01 -3.822960e+01
-3.718187e+01 2.241882e+01 -7.775754e+01 -4.502867e+01
-5.202306e+01 2.133655e+01 -5.871073e+01 -4.699655e+01
-3.995483e+01 3.099863e+01 -8.031212e+01 -3.991104e+01
-4.259016e+01 3.176620e+01 -6.353884e+01 -3.789568e+01
-3.929293e+01 2.699432e+01 -6.261458e+01 -3.677568e+01
-3.267164e+01 2.640771e+01 -6.403544e+01 -4.289302e+01
-4.507497e+01 3.414821e+01 -5.168454e+01 -3.673185e+01
-5.234503e+01 2.065359e+01 -5.408276e+01 -4.996255e+01
-4.146961e+01 2.293760e+01 -6.204633e+01 -3.705729e+01
-5.421793e+01 2.884826e+01 -4.759484e+01 -2.706327e+01
-4.412572e+01 5.876171e-01 -5.186457e+01 -4.543319e+01
-2.937286e+01 2.233218e+01 -5.462907e+01 -3.477465e+01
-1.839633e+01 9.418069e+00 -6.109299e+01 -2.608257e+01
-1.569342e+01 4.391623e+00 -6.082356e+01 -2.179306e+01
-1.283900e+01 1.329005e+00 -4.813047e+01 -1.047809e+01
-2.123157e+01 -3.427068e+00 -4.545438e+01 -2.940400e+01
-2.844111e+01 3.644677e+00 -5.298265e+01 -3.112855e+01
-3.724916e+01 1.663728e+01 -7.069251e+01 -3.563735e+01
-5.362811e+01 2.431587e+01 -5.081708e+01 -2.393627e+01
-4.036410e+01 2.238102e+01 -6.760631e+01 -4.015090e+01
-5.402849e+01 1.702067e+01 -6.440357e+01 -3.873327e+01
-5.013934e+01 1.337326e+01 -7.149069e+01 -3.125794e+01
-3.170136e+01 1.654782e+01 -6.508095e+01 -4.081115e+01
-3.602292e+01 2.610758e+00 -6.703729e+01 -2.080143e+01
-3.405612e+01 2.521238e+01 -8.815927e+01 -1.958984e+01
-4.865397e+00 -4.472515e+00 -2.407042e+01 -2.183026e+01
-3.729480e+01 1.411697e+01 -5.907469e+01 -3.312454e+01
-2.668164e+01 3.377996e+00 -4.266443e+01 -3.199325e+01
-3.842535e+01 3.344958e+01 -6.284128e+01 -5.999376e+01
-3.036522e+01 1.619373e+01 -3.879630e+01 -1.629181e+01
-2.969834e+01 6.933919e+00 -4.733161e+01 -3.218248e+01
-3.383016e+01 2.135975e+01 -4.215479e+01 -3.449017e+01
-5.300510e+01 2.700542e+01 -7.280654e+01 -5.562607e+01
-3.172928e+01 5.385654e+00 -6.799511e+01 -2.850471e+01
-3.472737e+01 2.461570e+01 -5.375711e+01 -3.111419e+01
-2.025339e+01 2.751181e+01 7.098126e+00 -7.085127e+01
-2.573993e+01 3.297616e+01 -3.358974e+01 -4.392539e+01
-3.421374e+01 2.547236e+01 -4.494188e+00 -5.212160e+01
-9.926271e+00 1.112218e+01 -3.953330e+01 -6.143087e+01
-5.367878e+00 1.268546e+01 3.892615e+00 -5.598441e+01
-4.903550e+01 5.469192e+01 -5.343345e+01 -4.090669e+01
-2.090065e+00 2.420174e+01 -5.652286e+00 -5.900190e+01
-2.363615e+01 2.866983e+01 -2.837806e+00 -3.757410e+01
-2.462668e+01 2.608758e+01 -9.495672e+00 -6.187256e+01
-2.106073e+01 2.120199e+01 3.221313e-01 -5.128127e+01
-3.185313e+01 2.711612e+01 -1.550039e+01 -5.775595e+01
-3.522784e+01 3.252216e+01 -2.156161e+01 -5.100761e+01
-2.564047e+01 9.939706e+00 -5.891987e+00 -5.544593e+01
-3.454273e+01 7.421883e+00 -2.332013e+01 -4.476477e+01
-3.763072e+01 2.321737e+01 -1.620896e+01 -6.081323e+01
-3.801265e+01 5.772241e+01 -4.174413e+01 -5.311464e+01
-3.982014e+01 4.596141e+01 -5.748189e+01 -4.914737e+01
-4.553907e+01 5.268996e+01 -8.089653e+01 -4.490434e+01
-5.394477e+01 5.591493e+01 -6.144957e+01 -5.721457e+01
-4.593046e+01 5.396857e+01 -6.180935e+01 -3.008106e+01
-3.878342e+01 2.036281e+01 -1.364031e+00 -2.610703e+01
-3.882931e+01 2.120320e+01 -1.153563e+01 -4.995668e+01
-3.976591e+01 1.168919e+01 -2.768435e+01 -3.375652e+01
-3.014182e+01 2.700998e+01 -2.674654e+01 -4.158928e+01
-4.323992e+01 5.114238e+01 -1.331554e+01 -2.882871e+01
-1.472080e+01 2.378214e+01 -8.735831e+00 -5.085269e+01
-2.630231e+01 2.269153e+01 -1.008523e+01 -3.742824e+01
-3.209791e+01 2.541589e+01 -2.548164e+01 -5.023796e+01
-3.668840e+01 2.044501e+01 -4.185752e+01 -3.228157e+01
6.477983e-01 1.820391e+01 8.290699e+00 -6.562952e+01
-4.357290e+01 5.101442e+01 -5.601837e+01 -3.390173e+01
-3.783008e+01 1.881100e+01 -4.157039e+01 -4.558327e+01
-2.258891e+01 3.723660e+01 -2.013684e+01 -5.168113e+01
-2.795218e+01 4.474946e+01 -2.983089e+01 -4.675280e+01
-2.276523e+01 -3.340574e+00 -7.439338e+01 -2.246122e+01
-3.212448e+01 2.714265e+01 -5.191639e+01 -4.819219e+01
-2.378525e+01 1.936392e+01 -7.174458e+01 -3.796837e+01
-3.280587e+01 1.060279e+01 -6.707970e+01 -1.209660e+01
-4.493889e+01 3.619319e+01 -7.517897e+01 -3.566841e+01
-4.615050e+01 4.515862e+01 -8.249582e+01 -4.967886e+01
-4.881143e+01 3.419070e+01 -7.672396e+01 -3.791010e+01
-2.719733e+01 3.184359e+01 -6.764924e+01 -2.602870e+01
-4.265028e+00 1.785783e+01 -5.533182e+01 -1.635278e+01
-5.213520e+01 4.824198e+01 -7.735237e+01 -4.823028e+01
-3.801516e+01 4.294456e+01 -5.046717e+01 -4.089232e+01
-4.458868e+01 4.096234e+01 -5.584271e+01 -5.172467e+01
-3.775083e+01 5.455725e+01 -4.534246e+01 -3.924743e+01
-3.902714e+01 4.586686e+01 -5.445068e+01 -4.470237e+01
-3.687848e+01 4.258441e+01 -3.437484e+01 -4.737072e+01
-4.173677e+01 3.959128e+01 -2.622269e+01 -4.937833e+01
-5.067394e+01 5.611879e+01 -3.637946e+01 -4.444283e+01
-5.973172e+01 5.233922e+01 -4.001824e+01 -4.167982e+01
-4.687672e+01 3.022015e+01 -3.886834e+01 -2.990649e+01
-4.918600e+01 4.755735e+01 -3.117384e+01 -5.160666e+01
-2.867100e+01 3.612660e+01 -2.021851e+01 -3.214258e+01
-4.877656e+01 2.949805e+01 -4.517291e+01 -3.419109e+01
-4.503562e+01 4.851569e+01 -5.350838e+01 -3.925011e+01
-4.277912e+01 5.042562e+01 -2.852006e+01 -4.070588e+01
-4.078795e+01 4.026383e+01 -2.876774e+01 -5.523987e+01
-2.670037e+01 5.087591e+01 -3.504645e+01 -4.618545e+01
-3.703396e+01 4.679272e+01 -3.268487e+01 -4.898723e+01
-4.493291e+01 4.733164e+01 -3.224745e+01 -4.945439e+01
-3.939584e+01 3.985927e+01 -4.560505e+01 -4.040694e+01
-3.037340e+01 4.765492e+01 -7.219137e+01 -4.958112e+01
-4.468506e+01 5.726283e+01 -4.368415e+01 -4.297585e+01
-5.486877e+01 4.465151e+01 -8.584285e+01 -4.065121e+01
-5.617425e+01 6.013325e+01 -6.878248e+01 -4.171944e+01
-5.146557e+01 4.623126e+01 -6.257941e+01 -2.956466e+01
-5.120663e+01 4.998044e+01 -7.280712e+01 -2.150023e+01
-6.037582e+01 5.927303e+01 -8.512985e+01 -4.724810e+01
-4.698763e+01 4.428544e+01 -5.955462e+01 -5.865771e+01
-4.644541e+01 4.525591e+01 -5.954332e+01 -6.190516e+01
-4.112106e+01 3.950214e+01 -6.079376e+01 -5.754409e+01
-4.480475e+01 4.989153e+01 -6.084667e+01 -5.617119e+01
-4.303582e+01 4.903643e+01 -4.119010e+01 -4.561451e+01
-3.857594e+01 4.031888e+01 -7.226249e+01 -6.016480e+01
-5.338186e+01 5.048225e+01 -9.160814e+01 -4.180129e+01
-2.034988e+01 4.538174e+01 -3.311108e+01 -3.471242e+01
-4.213220e+01 4.592238e+01 -5.744430e+01 -5.242998e+01
-4.052071e+01 6.059934e+01 -5.571879e+01 -3.874672e+01
-3.670641e+01 5.187022e+01 -4.989489e+01 -4.621042e+01
-4.140003e+01 4.818890e+01 -4.016603e+01 -3.658488e+01
-4.161166e+01 2.435406e+01 -2.809595e+01 -4.130637e+01
-3.569056e+01 4.242078e+01 -3.883203e+01 -3.854872e+01
-3.646266e+01 4.005042e+01 -4.787267e+01 -2.467322e+01
-5.036860e+01 6.001531e+01 -4.738014e+01 -5.075387e+01
-2.862192e+01 4.625617e+01 -5.481419e+01 -4.944634e+01
-3.730449e+01 2.939051e+01 -7.557579e+01 -3.095121e+01
-3.267514e+01 4.987557e+01 -6.248559e+01 -4.762503e+01
-6.231560e+01 3.014522e+01 -1.007190e+02 -2.390584e+01
-4.608836e+01 4.249245e+01 -2.784149e+01 -5.101544e+01
-3.143763e+01 3.928228e+01 -6.215675e+01 -4.317500e+01
-2.291885e+01 3.772837e+01 -4.398033e+01 -5.588618e+01
-5.071918e+01 3.634625e+01 -8.304178e+01 -2.556218e+01
-1.736738e+01 2.401205e+01 -4.931337e+01 -5.119375e+01
-4.212686e+01 2.868105e+01 -5.587303e+01 -4.744884e+01
-7.156012e+00 1.298789e+01 -2.348718e+01 -5.694158e+01
-2.172205e+01 8.367534e+00 -3.133108e+01 -3.218384e+01
-4.632842e+01 5.828656e+01 -4.626817e+01 -4.426333e+01
-6.482962e+01 3.895855e+01 -8.683325e+01 -4.148342e+01
-5.355379e+01 4.492773e+01 -5.815505e+01 -3.578399e+01
-4.583634e+01 5.475483e+01 -7.618629e+01 -4.618199e+01
-4.800325e+01 5.205133e+01 -7.070193e+01 -4.486743e+01
-6.399268e+01 4.137742e+01 -8.802399e+01 -3.287584e+01
-3.804762e+01 3.439548e+01 -4.398952e+01 -3.909590e+01
-4.643304e+01 5.218281e+01 -5.313123e+01 -4.585956e+01
-5.197353e+01 4.410315e+01 -9.016499e+01 -5.795354e+01
-5.068787e+01 4.465159e+01 -7.981027e+01 -5.049431e+01
-3.826990e+01 4.089864e+01 -6.926033e+01 -5.314032e+01
-3.852714e+01 3.993047e+01 -7.577382e+01 -4.203475e+01
-4.912879e+01 3.951321e+01 -6.999823e+01 -5.833929e+01
-3.400973e+01 4.520425e+01 -3.904424e+01 -4.651818e+01
-4.797935e+01 6.019468e+01 -7.755808e+01 -4.964339e+01
-4.461803e+01 2.818301e+01 -5.984751e+01 -5.663390e+01
-3.635819e+01 3.403917e+01 -4.698922e+01 -3.436935e+01
-3.189776e+01 4.827070e+01 -3.645599e+01 -5.099779e+01
-5.144381e+01 2.984103e+01 -5.283583e+01 -4.653278e+01
-3.755595e+01 4.948777e+01 -5.768897e+01 -4.123166e+01
-3.263560e+01 3.446474e+01 -5.446267e+01 -4.706665e+01
-3.032498e+01 4.416380e+01 -2.847726e+01 -4.246454e+01
-2.852187e+01 4.195272e+01 -3.651456e+01 -3.684659e+01
-4.075357e+01 4.456559e+01 -5.501353e+01 -5.703627e+01
-3.503863e+01 5.285755e+01 -3.714767e+01 -4.681641e+01
-4.021117e+01 3.518961e+01 -6.921660e+01 -4.947452e+01
-4.394956e+01 5.889264e+01 -6.745599e+01 -4.907119e+01
-4.704733e+01 5.018358e+01 -6.122298e+01 -5.837367e+01
-3.453795e+01 5.282449e+01 -3.914190e+01 -3.728757e+01
-3.126913e+01 5.073042e+01 -6.173863e+01 -4.482143e+01
-2.585798e+01 2.376793e+01 -4.388197e+01 -4.561826e+01
-5.309321e+01 4.923004e+01 -8.605992e+01 -5.405938e+01
-5.131838e+01 3.298015e+01 -4.414295e+01 -3.649625e+01
-5.807847e+01 3.724143e+01 -5.914350e+01 -4.029852e+01
-3.680878e+01 1.592855e+01 -2.327017e+01 -3.985625e+01
-2.557748e+01 4.897708e+01 -4.166964e+01 -3.273216e+01
-2.126133e+01 3.218889e+01 -1.367196e+01 -4.170264e+01
-2.215588e+01 4.258781e+01 -3.999420e+01 -3.697187e+01
-2.696891e+01 3.779998e+01 -3.308903e+01 -4.383377e+01
-1.847375e+01 4.485293e+01 -3.095551e+01 -3.113821e+01
-1.500133e+01 1.271562e+01 1.375485e+00 -5.435715e+01
-2.301551e+01 1.789763e+01 -4.324282e+00 -6.011021e+01
-1.600683e+01 7.425360e+00 -1.197946e+01 -5.588790e+01
-1.246253e+01 4.447921e+00 -1.187790e+01 -6.644034e+01
-2.262224e+01 1.838124e+01 -2.198003e+00 -6.677519e+01
-2.851253e+01 1.098860e+01 -5.287700e+00 -6.272440e+01
-4.002412e+01 3.308653e+01 -2.390002e+01 -4.851873e+01
-2.129933e+01 2.583968e+01 -1.401871e+01 -5.730295e+01
-2.644838e+01 2.472643e+01 -7.597341e+00 -6.933574e+01
-2.051681e+01 3.852687e+01 -2.118743e+01 -4.888109e+01
3.568056e+00 7.565091e+00 -3.780547e+01 -3.272651e+01
-7.202618e-01 9.905423e+00 -4.769060e+01 -2.817575e+01
-2.867640e+01 2.241315e+01 -1.777448e+01 -6.302071e+01
-2.770348e+01 1.191147e+01 -1.521430e+01 -4.632470e+01
-2.667700e+01 3.130540e+01 -3.123062e+01 -7.356521e+01
-8.195126e+00 1.103230e+01 -5.444166e+01 -3.166235e+01
-1.378914e+01 1.747453e+01 -2.049079e+01 -5.584015e+01
-4.657622e+01 3.753815e+01 -3.893780e+01 -5.395080e+01
-5.966193e+01 4.012044e+01 -4.310145e+01 -4.752002e+01
-3.751127e+01 3.932517e+01 -2.890290e+01 -4.640172e+01
-3.714320e+01 5.256284e+01 -5.399791e+01 -3.720763e+01
-3.138913e+01 5.856819e+01 -4.822373e+01 -4.064509e+01
-4.462877e+01 6.128319e+01 -4.080187e+01 -5.272057e+01
-3.957944e+01 4.771042e+01 -6.087779e+01 -2.573184e+01
-8.377713e+00 3.735954e+01 -4.346900e+01 -3.374038e+01
-1.208959e+01 4.044028e+01 -4.295402e+01 -3.105821e+01
-7.373850e+00 3.160761e+01 -1.689400e+01 -2.848262e+01
-6.401416e+00 4.177856e+01 -3.410702e+01 -3.308772e+01
-4.824474e-01 4.297507e+01 -2.133506e+01 -3.546662e+01
-9.580855e+00 4.095510e+01 -2.648948e+01 -3.772048e+01
-2.294112e+01 1.779566e+01 -1.559297e+01 -4.201713e+01
-2.696577e+01 1.976913e+01 -3.504831e+01 -5.951767e+01
-2.181624e+01 3.456638e+01 -2.975095e+01 -5.407310e+01
-2.315410e+01 3.314826e+01 -1.320928e+01 -5.507994e+01
-1.907996e+01 2.027084e+01 -1.457059e+01 -4.130634e+01
-3.401984e+01 2.268392e+01 -4.918637e+01 -5.225602e+01
-1.736363e+01 1.633508e+01 -4.314137e+01 -4.111858e+01
-1.900202e+01 3.035986e+01 -1.499580e+01 -5.392232e+01
-6.308587e+01 4.925658e+01 -8.512862e+01 -3.759541e+01
-4.769118e+01 4.557888e+01 -8.179946e+01 -3.025328e+01
-1.056463e+01 2.985080e+01 -2.466205e+01 -3.555943e+01
-5.190084e+01 3.462570e+01 -7.667991e+01 -2.465882e+01
-5.281545e+01 4.621793e+01 -7.246901e+01 -2.911682e+01
-4.977576e+01 3.432446e+01 -6.556216e+01 -1.867491e+01
-2.881596e+01 3.565674e+01 -8.427443e+01 -2.363074e+01
-1.769056e+01 1.291267e+01 -5.639067e+01 -5.167540e+00
-5.450550e+01 4.885646e+01 -7.084524e+01 -4.852515e+01
-4.074979e+01 5.508717e+01 -4.046498e+01 -5.054970e+01
-4.378565e+01 4.693862e+01 -5.938846e+01 -4.444762e+01
-4.547167e+01 3.960657e+01 -5.570849e+01 -3.965883e+01
-4.756132e+01 3.825883e+01 -5.054233e+01 -5.739275e+01
-4.058692e+01 4.086177e+01 -8.186236e+01 -3.059343e+01
-4.082601e+01 4.300616e+01 -7.851142e+01 -2.630409e+01
-2.976720e+01 -5.203569e+00 -3.204959e+01 -3.107766e+01
-3.728001e+01 1.682912e+01 -4.649776e+01 -3.266003e+01
-3.231430e+01 5.674086e+00 -4.625662e+01 -4.388877e+01
-3.856057e+01 1.220358e+01 -3.473985e+01 -3.637573e+01
-2.566999e+01 2.647089e+01 -3.109787e+01 -3.180138e+01
-2.857325e+01 9.403710e+00 -3.365776e+01 -4.006663e+01
-2.405638e+01 4.037347e+01 -4.837380e+01 -2.130151e+01
-4.748574e+01 4.822395e+01 -7.879379e+01 -4.750948e+01
-3.853454e+01 6.173942e+01 -5.477558e+01 -4.943588e+01
-6.183102e+01 5.151223e+01 -9.102025e+01 -4.492789e+01
-4.289174e+01 5.095400e+01 -6.062078e+01 -5.969953e+01
-4.326809e+01 5.550875e+01 -4.607562e+01 -5.299508e+01
-3.947838e+01 3.016745e+01 -3.367432e+01 -4.629277e+01
-2.106272e+01 3.411728e+01 -1.124761e+01 -4.777663e+01
-1.408754e+01 1.211419e+01 1.232024e+00 -3.737235e+01
-1.761027e+01 1.414361e+01 -1.348840e+01 -3.716949e+01
-2.768549e+01 4.490754e+00 -5.705218e+00 -4.854717e+01
-2.632963e+01 4.671423e+00 -8.997015e+00 -5.455246e+01
-2.549618e+01 1.754196e+01 -4.795578e-01 -5.596344e+01
-2.111096e+01 2.527131e+01 -1.698842e+01 -5.721899e+01
-4.735961e+01 5.678077e+01 -5.315653e+01 -4.762043e+01
-4.455813e+01 5.273130e+01 -5.817626e+01 -5.038432e+01
-1.612852e+01 8.269704e+00 -8.750198e+00 -5.933384e+01
-3.710283e+01 3.165901e+01 -1.105818e+01 -4.003234e+01
-2.172699e+01 3.508992e+01 -1.011704e+01 -4.599633e+01
-1.318991e+01 9.284126e+00 -3.583607e+01 -3.026471e+01
-3.106673e+01 -6.007659e-01 -4.375849e+01 -4.274621e+01
-4.462239e+01 1.213172e+01 -6.286791e+01 -2.069367e+01
-3.256118e+01 4.380876e+01 -4.384503e+01 -4.279390e+01
-3.957902e+01 2.448293e+01 -7.338889e+01 -3.211003e+01
-4.049469e+01 2.158370e+01 -7.451535e+01 -3.858501e+01
-2.031388e+01 2.917946e+01 -2.638844e+01 -6.449919e+01
-4.143674e+01 3.686374e+01 -2.531789e+01 -5.577219e+01
-3.050373e+01 6.139644e+01 -3.437041e+01 -4.495027e+01
-4.735167e+01 6.442885e+01 -4.995156e+01 -3.791868e+01
-3.812907e+01 5.670936e+01 -4.665921e+01 -3.497695e+01
-4.577269e+01 6.160495e+01 -6.360850e+01 -4.742659e+01
-5.321146e+01 6.169249e+01 -6.680384e+01 -3.912762e+01
-4.746943e+01 4.647665e+01 -6.246491e+01 -5.131284e+01
-5.147603e+01 5.100108e+01 -4.882462e+01 -4.543170e+01
-4.408885e+01 6.597326e+01 -5.616570e+01 -5.831383e+01
-2.886062e+01 4.765443e+01 -2.582141e+01 -4.200032e+01
-3.104829e+01 3.550988e+01 -5.921085e+01 -5.128995e+01
-5.636106e+01 5.732954e+01 -7.772260e+01 -4.353015e+01
-4.004454e+01 4.899654e+01 -3.821616e+01 -4.010986e+01
-4.004746e+01 3.849788e+01 -4.986537e+01 -4.542725e+01
-4.404296e+01 3.503125e+01 -4.228173e+01 -3.910452e+01
-4.621360e+01 4.314560e+01 -3.899738e+01 -5.229745e+01
-3.637459e+01 3.554450e+01 -3.230160e+01 -3.503643e+01
-3.945055e+01 4.750924e+01 -4.423277e+01 -3.892841e+01
-2.914391e+01 5.180582e+01 -2.146353e+01 -3.118321e+01
-4.806769e+01 5.379132e+01 -5.385259e+01 -4.228967e+01
-4.333715e+01 3.542044e+01 -4.230712e+01 -5.439145e+01
-1.815066e+01 3.122973e+01 -6.392609e+01 -1.722439e+01
-4.204422e+01 3.660838e+01 -6.783092e+01 -3.883219e+01
-1.941106e+01 1.428783e+01 -1.302936e+01 -4.395999e+01
-1.547766e+01 9.299635e+00 -3.508606e+01 -4.832724e+01
-2.315384e+01 3.724698e+01 -5.365603e+01 -4.302066e+01
-2.381905e+01 2.025351e+01 -6.058319e+01 -4.160375e+01
-5.598824e+01 4.596243e+01 -5.376208e+01 -3.659669e+01
-2.806207e+01 3.453717e+01 -4.286058e+01 -4.537647e+01
-5.454726e+01 5.247692e+01 -7.291364e+01 -5.886451e+01
-5.114161e+01 2.794478e+01 -4.762292e+01 -4.357523e+01
-3.594912e+01 4.644697e+01 -5.647868e+01 -4.356722e+01
-3.809175e+01 3.538927e+01 -4.378586e+01 -4.001977e+01
-3.912306e+01 4.697611e+01 -5.830467e+01 -4.115149e+01
-5.146980e+01 4.944613e+01 -7.619366e+01 -6.418617e+01
-5.216029e+01 4.799829e+01 -8.523450e+01 -5.088071e+01
-3.302474e+01 4.590790e+01 -4.664414e+01 -4.197013e+01
-3.152237e+01 3.711323e+01 -6.327124e+01 -2.275136e+01
-4.745586e+01 4.806781e+01 -6.521514e+01 -5.219513e+01
-4.341402e+01 4.028917e+01 -5.004215e+01 -4.084259e+01
-6.092966e+01 2.799624e+01 -6.229624e+01 -5.103689e+01
2.114868e+00 1.704977e+01 -2.440689e+01 -4.633651e+01
-2.006115e+01 2.983990e+01 -6.738233e+01 -2.877784e+01
-2.190168e+01 3.623642e+01 -4.118600e+01 -4.439045e+01
-2.960392e+01 4.173619e+01 -2.962578e+01 -5.684663e+01
-2.508129e+01 2.756075e+01 -8.097263e+00 -5.527930e+01
-1.643107e+01 1.365191e+01 -1.570742e+01 -6.090792e+01
-2.982485e+01 2.075709e+01 -3.581728e+00 -4.865519e+01
-6.243213e+00 2.056633e+01 -9.289811e+00 -5.009922e+01
-2.015317e+01 1.646325e+01 -2.029825e+01 -4.882095e+01
-2.615159e+01 1.873519e+01 -3.505056e+01 -3.808225e+01
-5.176293e+01 5.017708e+01 -9.226952e+01 -3.872425e+01
-4.283828e+01 5.686606e+01 -5.343783e+01 -4.515783e+01
-3.981120e+01 5.122546e+01 -4.561361e+01 -5.035986e+01
-4.790938e+01 5.045832e+01 -1.025882e+02 -4.056432e+01
-1.447593e+01 4.018132e+01 -3.723130e+01 -1.910312e+01
-1.127381e+01 2.377016e+01 -1.732776e+01 -5.267149e+01
-1.620989e+01 2.304187e+01 -2.715331e+01 -5.262089e+01
-2.135460e+01 2.229414e+01 -1.047976e+01 -5.332907e+01
-3.353708e+01 -3.329769e+00 -7.687870e+01 -2.334369e+01
-5.012551e+01 2.961660e+01 -7.332567e+01 -1.881264e+01
-4.707723e+01 3.195744e+01 -8.431739e+01 -2.626619e+01
-3.827309e+01 5.488766e+01 -5.924709e+01 -2.647042e+01
-3.805117e+01 2.276738e+01 -9.716300e+01 -2.898717e+01
-1.984769e+01 8.975294e+00 -3.256044e+01 -3.764124e+01
-2.882151e+01 2.296288e+01 -3.846558e+01 -3.528141e+01
-4.555476e+01 4.808435e+01 -5.259834e+01 -5.607317e+01
-2.141711e+01 4.636546e+01 -5.011249e+01 -2.699424e+01
-3.698270e+01 5.488114e+01 -7.192764e+01 -4.090981e+01
-3.409518e+01 6.148868e+01 -6.162219e+01 -5.600713e+01
-1.403420e+01 -7.783841e+00 -6.757295e+00 -3.812513e+01
-4.602741e+01 2.891195e+01 -3.748581e+01 -3.337187e+01
-3.525426e+01 3.327910e+01 -5.448191e+00 -5.111463e+01
-2.376512e+01 2.223009e+01 -1.247509e+01 -6.220925e+01
-3.608577e+01 4.494158e+01 -6.471934e+01 -3.492326e+01
-5.024725e+01 5.128854e+01 -6.415660e+01 -2.108321e+01
-5.106832e+01 5.056159e+01 -6.643904e+01 -3.361564e+01
-3.835302e+01 5.643613e+01 -6.510732e+01 -4.989426e+01
-3.218153e+01 3.916234e+01 -4.133341e+01 -4.970527e+01
-3.772940e+01 3.615134e+01 -3.114299e+01 -5.424237e+01
-2.410397e+01 2.449521e+01 -5.262013e+00 -7.471191e+01
-2.034045e+01 1.873358e+01 -1.658101e+01 -5.286848e+01
-4.027908e+01 1.611139e+01 -6.229593e+01 -2.138274e+01
-6.282029e+01 4.220591e+01 -5.730457e+01 -2.045905e+01
-4.963458e+01 3.950092e+01 -6.691321e+01 -5.580633e+01
-4.739374e+01 5.893744e+01 -5.236788e+01 -4.782704e+01
-4.499843e+01 5.315707e+01 -3.910588e+01 -4.485065e+01
-4.268666e+01 5.199555e+01 -6.150873e+01 -3.900724e+01
-3.215226e+01 4.164943e+01 -4.450732e+01 -4.310339e+01
-4.544506e+01 3.650785e+01 -6.314529e+01 -4.365373e+01
-4.074417e+01 1.929963e+01 -3.541580e+01 -2.527690e+01
-2.793856e+01 2.225092e+01 -1.802232e+01 -4.413767e+01
-6.072568e+01 3.971524e+01 -6.428749e+01 -4.466511e+01
-4.908422e+01 5.132030e+01 -4.345935e+01 -4.214606e+01
-3.119466e+01 4.761460e+01 -3.938006e+01 -4.556043e+01
-4.507549e+01 4.901580e+01 -4.595248e+01 -3.797783e+01
-2.355722e+01 4.868218e+01 -2.223072e+01 -3.653157e+01
-3.234611e+01 4.167396e+01 -2.648619e+01 -4.534243e+01
-3.936688e+01 4.105597e+01 -3.056000e+01 -4.117455e+01
-4.008239e+01 5.271844e+01 -3.624812e+01 -4.721823e+01
-3.752835e+01 4.514111e+01 -8.675295e+01 -4.794942e+01
-4.378479e+01 5.601976e+01 -4.257635e+01 -3.250161e+01
-4.346068e+01 2.193082e+01 -4.614966e+01 -5.454425e+01
-4.527301e+01 4.942981e+01 -4.131017e+01 -5.785919e+01
-5.997890e+01 5.547392e+01 -7.293055e+01 -5.866549e+01
-2.911452e+01 3.014828e+01 -7.301982e+01 -5.152590e+01
-5.436715e+01 4.992919e+01 -7.061417e+01 -6.098157e+01
-3.146642e+01 6.528823e+01 -3.038773e+01 -5.323465e+01
-4.131435e+01 2.594551e+01 -4.581218e+01 -5.552677e+01
-2.794997e+01 5.168301e+01 -6.000386e+01 -4.695052e+01
-3.609112e+01 5.079851e+01 -3.827916e+01 -3.704496e+01
-2.481235e+01 3.240434e+01 -3.216070e+01 -4.736700e+01
-1.747896e+01 3.162226e+00 -5.787421e+01 -4.245540e+01
-2.052996e+01 -1.389081e+01 -4.618776e+01 -3.674279e+01
-2.545975e+01 2.460303e+01 -2.518953e+01 -5.414668e+01
-2.449787e+01 1.636494e+01 -2.208410e+01 -5.220306e+01
-3.327425e+01 3.028342e+01 -5.641359e+01 -5.832365e+01
-3.870184e+01 4.548117e+01 -4.927740e+01 -3.416559e+01
-4.021914e+01 4.486888e+01 -3.790119e+01 -4.923640e+01
-4.656092e+01 4.196865e+01 -4.460918e+01 -4.055853e+01
-2.240896e+01 1.890570e+01 -5.496319e+01 -2.848968e+01
-3.614082e+01 4.324259e+01 -7.244022e+01 -4.758542e+01
-4.493487e+01 3.979404e+01 -8.622394e+01 -5.052801e+01
-4.939968e+01 4.934014e+01 -5.659901e+01 -5.144332e+01
-3.860917e+01 2.314151e+01 -4.781077e+01 -4.305840e+01
-3.268756e+01 3.648000e+01 -4.368703e+01 -3.941885e+01
-5.182888e+01 4.170616e+01 -5.658598e+01 -3.700239e+01
-4.536021e+01 4.131593e+01 -7.555649e+01 -4.576675e+01
-3.942190e+01 5.051046e+01 -5.261098e+01 -3.514196e+01
-2.962840e+01 4.210741e+01 -4.026666e+01 -3.593602e+01
-4.790626e+01 5.602768e+01 -5.187154e+01 -4.601910e+01
-2.910549e+01 5.166406e+01 -5.471157e+01 -4.593476e+01
-3.491918e+01 3.724988e+01 -5.047108e+01 -3.577454e+01
-4.158654e+01 5.345898e+01 -5.385662e+01 -3.712379e+01
-7.335214e+00 1.031409e+01 -7.218901e+00 -4.624419e+01
-2.132012e+01 2.829283e+01 2.872943e+00 -5.156090e+01
-1.246443e+01 2.027159e+01 -7.027621e+01 -2.619595e+01
-2.833857e+01 1.490598e+01 -4.818242e+00 -5.215279e+01
-1.254276e+01 2.501213e+01 -2.032042e+01 -6.026943e+01
-2.471496e+01 2.403721e+01 -1.055896e+01 -7.168203e+01
-4.737804e+01 5.688160e+01 -3.848616e+01 -5.736134e+01
-3.123484e+00 3.348249e+01 -4.033099e+01 -4.145540e+01
-8.696134e+00 3.908859e+01 -2.262024e+01 -3.051419e+01
-2.895939e+01 3.459344e+01 -6.928706e+01 -2.391045e+01
-6.546455e+00 2.451943e+01 -8.526787e+00 -6.177661e+01
-1.567009e+01 2.996156e+01 -2.420944e+01 -5.250848e+01
-3.345992e+01 2.079713e+01 -4.797716e+01 -3.165081e+01
-4.065193e+01 3.183006e+01 -5.663170e+01 -5.576780e+01
-5.262272e+01 4.822739e+01 -7.281811e+01 -4.720429e+01
-3.948252e+01 2.665423e+01 -8.692457e+01 -3.327686e+01
-4.224849e+01 5.704260e+01 -2.810490e+01 -4.423133e+01
-4.235511e+01 5.675571e+01 -7.818503e+01 -3.696406e+01
-2.801504e+01 3.132204e+01 -3.851548e+01 -5.447526e+01
-2.138595e+01 2.386961e+01 -2.029095e+01 -6.134846e+01
-5.039734e+01 4.573636e+01 -7.661938e+01 -3.913513e+01
-4.915220e+01 5.277316e+01 -9.376462e+01 -5.339545e+01
-4.655683e+01 5.689751e+01 -8.028273e+01 -5.873575e+01
-4.154919e+01 5.296249e+01 -5.518415e+01 -3.100502e+01
-3.363977e+01 3.504386e+01 -3.304401e+01 -4.803728e+01
-4.381308e+01 2.859463e+01 -7.483580e+01 -3.239283e+01
-5.248384e+01 3.242624e+01 -1.000651e+02 -4.165092e+01
-4.770818e+01 4.348310e+01 -9.101698e+01 -4.504226e+01
-6.612097e+01 5.253888e+01 -8.528756e+01 -4.042754e+01
-3.123343e+01 2.966300e+01 -8.928690e+01 -5.456770e+01
-3.791554e+01 4.617656e+01 -5.799761e+01 -2.170812e+01
-9.416031e+00 1.747125e+01 -5.522392e+01 -3.167059e+01
-4.146626e+01 4.759549e+01 -9.716050e+01 -3.938347e+01
-5.545650e+01 3.904426e+01 -7.944349e+01 -1.951921e+01
-5.178435e+01 3.812595e+01 -8.857632e+01 -3.524094e+01
-5.157795e+01 5.269821e+01 -7.800876e+01 -5.928472e+01
-2.938575e+01 4.575065e+01 -4.913670e+01 -4.112449e+01
-4.678161e+01 5.061420e+01 -5.559658e+01 -4.378909e+01
-6.140947e+01 6.851314e+01 -7.215894e+01 -3.579412e+01
-5.130839e+01 5.374898e+01 -8.103711e+01 -5.094887e+01
-5.097439e+01 5.460712e+01 -6.755294e+01 -3.791638e+01
-6.094166e+01 5.077947e+01 -7.281217e+01 -2.866198e+01
-6.667938e+01 6.266245e+01 -5.711876e+01 -3.515899e+01
-5.673136e+01 6.261973e+01 -7.617679e+01 -4.867742e+01
-4.358678e+01 4.671954e+01 -6.724450e+01 -5.289386e+01
-2.768144e+01 3.781442e+01 -5.550677e+01 -4.378981e+01
-1.869820e+01 3.764024e+01 -4.453794e+01 -4.261388e+01
-5.580644e+01 4.802078e+01 -8.099663e+01 -4.392071e+01
-3.816193e+01 3.065162e+01 -5.121028e+01 -4.487957e+01
-5.349817e+01 4.717876e+01 -3.362380e+01 -4.926639e+01
-2.020658e+01 2.450566e+01 -1.276819e+01 -6.548902e+01
-1.714604e+01 1.699886e+01 -1.339795e+01 -5.391872e+01
-4.542679e+01 4.953875e+01 -6.526639e+01 -3.705425e+01
-5.460323e+01 5.068177e+01 -7.116750e+01 -4.175945e+01
-2.636192e+01 3.796383e+01 -2.765542e+01 -4.876260e+01
-3.930553e+01 4.110097e+01 -3.237928e+01 -5.915776e+01
-2.111976e+01 1.696152e+01 -5.571831e+00 -6.066284e+01
-1.749725e+01 2.378909e+01 -1.343773e+01 -4.951682e+01
-2.828578e+01 2.191060e+01 -7.497941e-02 -5.546711e+01
-1.898595e+01 1.694723e+01 -1.229635e+01 -5.646663e+01
-9.638889e+00 2.191834e+01 6.091333e-01 -6.529188e+01
-2.373597e+01 3.036781e+01 -1.032841e+01 -4.969927e+01
-2.100097e+01 1.857115e+01 7.744407e-02 -5.548708e+01
-4.306261e+01 4.574032e+01 -7.591178e+01 -3.205982e+01
-5.131990e+01 5.270512e+01 -6.429301e+01 -4.745267e+01
-5.749306e+01 4.981058e+01 -5.754641e+01 -4.734498e+01
-5.962084e+01 3.436908e+01 -5.863939e+01 -5.118049e+01
-4.576108e+01 3.339563e+01 -6.055423e+01 -4.756424e+01
-4.742119e+01 5.708830e+01 -5.462011e+01 -3.935779e+01
-3.632698e+01 5.130124e+01 -4.685172e+01 -3.600166e+01
-4.872474e+01 1.878970e+01 -5.707466e+01 -4.429941e+01
-4.277526e+01 3.656744e+01 -6.319956e+01 -5.539521e+01
-4.758434e+01 2.656264e+01 -5.524353e+01 -5.229667e+01
-4.314779e+01 4.493554e+01 -5.184931e+01 -5.377426e+01
-3.571335e+01 4.065213e+01 -3.432948e+01 -4.872908e+01
-5.806921e+01 5.241428e+01 -5.873952e+01 -4.083541e+01
-5.140922e+01 2.018654e+01 -4.201299e+01 -4.145996e+01
-5.358601e+01 3.476576e+01 -4.219622e+01 -4.459932e+01
-4.707326e+01 4.468673e+01 -4.209044e+01 -3.759191e+01
-2.321953e+01 2.041961e+01 -2.379836e+01 -6.156578e+01
-4.618844e+01 5.078103e+01 -3.437696e+01 -4.210842e+01
-7.076287e+01 3.136226e+01 -5.464601e+01 -3.746747e+01
-3.381294e+01 3.489104e+01 -2.717580e+01 -5.076013e+01
-3.606492e+01 4.386775e+01 -2.888053e+01 -3.260703e+01
-5.923981e+01 3.363828e+01 -4.258617e+01 -3.148606e+01
-7.013072e+01 4.593776e+01 -4.428037e+01 -3.152437e+01
-5.568561e+01 6.684127e+01 -5.036745e+01 -3.699260e+01
-2.855356e+01 4.455508e+01 -1.586666e+01 -4.173342e+01
-5.601367e+01 5.171394e+01 -6.968087e+01 -4.073527e+01
-1.969763e+01 3.162663e+01 -1.170347e+01 -5.801018e+01
-2.370568e+01 2.540459e+01 -1.188264e+01 -4.007789e+01
-1.823356e+01 4.117961e+01 -1.156439e+01 -4.385797e+01
-3.291422e+01 2.880197e+01 -6.063605e+00 -3.671500e+01
-3.415194e+01 3.671630e+01 -2.145343e+01 -5.206510e+01
-2.374795e+01 3.455386e+01 -1.135852e+01 -4.295843e+01
-2.516284e+01 3.876483e+01 -2.441977e+01 -3.998182e+01
-3.601048e+01 3.725602e+01 -2.643671e+01 -3.517955e+01
-4.342433e+01 4.724955e+01 -2.387942e+01 -2.640231e+01
-1.779908e+01 3.255293e+01 -1.019068e+01 -4.645377e+01
-1.319535e+01 2.628535e+01 -5.214324e-01 -4.992004e+01
-3.178602e+01 4.783744e+01 -1.137351e+01 -4.133154e+01
-1.925849e+01 2.347914e+01 -2.181908e+01 -6.188507e+01
-4.824212e+01 5.367037e+01 -6.560463e+01 -5.589036e+01
-5.091713e+01 4.820860e+01 -4.005669e+01 -2.682138e+01
-5.272662e+01 4.931986e+01 -7.893652e+01 -4.954402e+01
-4.530044e+01 5.306136e+01 -3.131666e+01 -3.583715e+01
-4.012670e+01 4.299102e+01 -4.463192e+01 -5.280293e+01
-3.130062e+01 5.195550e+01 -3.003577e+01 -4.525085e+01
-5.351663e+01 5.000470e+01 -5.929039e+01 -4.491686e+01
-4.396021e+01 4.260521e+01 -5.120558e+01 -4.404824e+01
-4.363832e+01 5.073618e+01 -4.162934e+01 -3.870880e+01
-5.879489e+01 5.577779e+01 -6.209121e+01 -4.672282e+01
-4.677876e+01 3.147344e+01 -5.379376e+01 -3.924567e+01
-4.251498e+01 3.266301e+01 -5.140045e+01 -5.066374e+01
-5.395248e+01 3.733248e+01 -7.477480e+01 -3.499578e+01
-4.685699e+01 6.228842e+01 -6.364484e+01 -5.994748e+01
-4.277034e+01 6.604805e+01 -4.138090e+01 -5.591598e+01
-3.671153e+01 6.433472e+01 -5.371444e+01 -5.122012e+01
-3.070135e+01 5.403485e+01 -5.138849e+01 -4.150016e+01
-4.128264e+01 4.379844e+01 -3.836453e+01 -5.148401e+01
-5.012017e+01 5.589832e+01 -6.375303e+01 -3.935118e+01
-4.150275e+01 5.747225e+01 -6.635733e+01 -5.585955e+01
-4.324195e+01 5.857670e+01 -6.276016e+01 -5.442340e+01
-4.701939e+01 4.963094e+01 -4.611390e+01 -5.140339e+01
-3.448978e+01 6.289678e+01 -5.554719e+01 -4.142721e+01
-3.828111e+01 5.880851e+01 -6.609866e+01 -4.621448e+01
-2.445894e+01 4.923968e+01 -3.747466e+01 -4.005335e+01
-3.877149e+01 6.273591e+01 -5.229114e+01 -4.279952e+01
-1.808726e+01 2.601026e+01 -7.120267e+01 -2.794240e+01
-4.645865e+01 4.983911e+01 -6.668258e+01 -4.166043e+01
-3.951389e+01 4.765277e+01 -4.972308e+01 -4.627571e+01
-1.246340e+01 3.125357e+01 -4.111498e+01 -2.570185e+01
-5.013313e+01 5.899591e+01 -8.251504e+01 -6.048040e+01
-1.539387e+01 2.708948e+01 -3.037917e+01 -3.936461e+01
-5.619353e+01 6.230321e+01 -6.554591e+01 -4.635975e+01
-9.975263e+00 4.237656e+01 -1.563955e+01 -2.286931e+01
-5.282040e+01 4.908712e+01 -8.087562e+01 -5.149965e+01
-4.635829e+01 5.693924e+01 -7.735472e+01 -4.519189e+01
-5.399797e+01 4.319482e+01 -6.788402e+01 -3.255026e+01
-5.176961e+01 3.967582e+01 -6.096273e+01 -4.169967e+01
-2.629862e+01 4.605817e+01 -5.996914e+01 -2.819263e+01
-3.683884e+01 4.137924e+01 -4.584736e+01 -5.054777e+01
-5.625798e+01 5.769997e+01 -8.347126e+01 -5.564951e+01
-2.802468e+01 2.920427e+01 -4.235167e+01 -3.991626e+01
-3.240707e+01 4.813140e+01 -3.575572e+01 -3.798331e+01
-2.857079e+01 3.404909e+01 -3.828951e+01 -4.016226e+01
-3.369218e+01 5.585056e+01 -3.312022e+01 -3.112041e+01
-4.687494e+01 4.241236e+01 -7.909175e+01 -4.757005e+01
-1.759166e+01 2.624086e+01 -3.781263e+01 -5.303049e+01
-2.463956e+01 4.810743e+01 -2.179836e+01 -2.998018e+01
-1.723332e+01 4.615632e+01 -4.825984e+01 -4.308321e+01
-1.956917e+01 3.533437e+01 -4.769941e+01 -3.896618e+01
-4.561838e+01 4.851991e+01 -7.745208e+01 -4.306475e+01
-1.370309e+01 2.824102e+01 -2.370478e+01 -3.164105e+01
-4.459829e+01 4.418090e+01 -7.461973e+01 -4.936505e+01
-3.577296e+01 5.661291e+01 -3.717921e+01 -2.242606e+01
-1.620395e+01 5.513044e+01 -2.016259e+01 -3.231276e+01
-4.356872e+01 5.194837e+01 -3.593375e+01 -3.921465e+01
-4.944440e+01 4.429625e+01 -6.233262e+01 -3.453542e+01
-4.583649e+01 4.603605e+01 -2.954923e+01 -2.675607e+01
-5.462569e+01 5.366643e+01 -5.827159e+01 -3.778768e+01
-4.401443e+01 5.933917e+01 -4.254917e+01 -2.371677e+01
-4.427541e+01 5.267459e+01 -6.675512e+01 -4.910288e+01
-2.715131e+01 3.754573e+01 -3.108207e+01 -3.806651e+01
-2.207848e+01 3.393379e+01 -2.009414e+01 -2.784248e+01
-2.532143e+01 1.925819e+01 -3.993356e+01 -4.194805e+01
-4.291775e+01 4.171838e+01 -5.394590e+01 -3.577908e+01
-5.252552e+01 4.172966e+01 -9.093861e+01 -2.404824e+01
-3.732581e+01 4.778154e+01 -5.532948e+01 -3.665746e+01
-3.165689e+01 5.521470e+01 -5.785052e+01 -3.207408e+01
-3.968331e+01 4.098590e+01 -7.141703e+01 -3.436386e+01
-3.561186e+01 4.234299e+01 -7.386331e+01 -2.113130e+01
-5.036767e+01 4.942207e+01 -6.876400e+01 -2.744697e+01
-2.508056e+01 4.816743e+01 -6.102888e+01 -1.765939e+01
-4.373944e+01 4.839046e+01 -5.621733e+01 -3.194730e+01
-3.432126e+01 4.507864e+01 -6.708637e+01 -2.826761e+01
-3.214256e+01 3.533258e+01 -5.318274e+01 -3.565887e+01
-3.452250e+01 1.880978e+01 -7.286561e+01 -1.973471e+01
-3.016058e+01 2.512159e+01 -5.846312e+01 -2.614779e+01
-1.995752e+01 3.559649e+01 -4.585639e+01 -4.680755e+01
-2.335150e+01 1.400754e+01 -4.330064e+01 -3.422989e+01
-8.167130e+00 3.032124e+00 -3.842475e+01 -6.126939e+01
-2.597754e+01 2.220928e+01 -2.767769e+01 -4.711121e+01
-4.009667e+00 8.123736e+00 -1.593743e+01 -7.629509e+01
-1.260550e+01 1.067392e+01 -3.367774e+01 -4.772918e+01
-1.433672e+01 2.367073e+01 -1.116903e+01 -5.594377e+01
-6.058383e+01 5.625582e+01 -7.016642e+01 -4.057754e+01
-3.335536e+01 2.472881e+01 -1.918860e+01 -5.893793e+01
-5.574521e+01 3.433745e+01 -9.721580e+01 -2.428989e+01
-4.677335e+01 3.133113e+01 -7.474139e+01 -4.582332e+01
-1.098972e+00 6.620364e+00 -3.839809e+01 -1.411704e+01
-8.714488e+00 6.708894e+00 -1.923255e+01 -6.253772e+01
-4.670593e+01 6.113121e+01 -4.714683e+01 -4.686614e+01
-3.877260e+01 5.455941e+01 -4.062920e+01 -4.372800e+01
-4.637331e+01 5.014708e+01 -6.602997e+01 -4.769336e+01
-4.438893e+01 5.878736e+01 -5.612290e+01 -3.722866e+01
-3.303552e+01 4.152153e+01 -6.656119e+01 -3.302848e+01
-3.666807e+01 4.870122e+01 -5.624974e+01 -2.702004e+01
-3.705798e+01 5.459457e+01 -4.269543e+01 -4.515572e+01
-4.540932e+01 5.337514e+01 -5.871270e+01 -4.229523e+01
-4.015648e+01 4.486081e+01 -4.255830e+01 -5.209231e+01
-4.330465e+01 4.648159e+01 -2.438659e+01 -4.307600e+01
-5.112216e+01 3.849901e+01 -7.811103e+01 -4.306259e+01
-4.448900e+01 4.869009e+01 -4.805992e+01 -5.548020e+01
-5.129790e+01 4.678109e+01 -4.472482e+01 -4.367087e+01
