2.552954e+01 3.997205e+01
2.885129e+01 6.578372e+01
2.397480e+01 6.692819e+01
4.294342e+01 5.633681e+01
9.707045e+00 5.539442e+01
1.787696e+01 6.039149e+01
1.439603e+01 5.751249e+01
3.115114e+01 4.576517e+01
2.514499e+00 4.835155e+01
-9.861452e+00 3.828518e+01
5.951714e+01 4.839494e+01
-5.813588e+00 3.635013e+01
-5.384281e+00 1.913538e+01
5.174014e+01 2.773390e+01
3.543065e+01 1.642368e+01
4.241357e+01 4.621978e+01
3.962189e+01 5.532567e+01
1.920950e+01 3.596465e+01
4.623169e+01 9.509933e+00
3.977498e+01 1.294041e+01
1.548531e+01 1.760611e+01
1.748386e+01 3.109019e+01
5.329401e+01 2.376675e+01
3.733321e+01 4.680592e+01
4.548224e+01 4.417366e+01
7.531932e+01 5.438326e+01
3.953046e+01 3.486171e+01
1.903429e+01 2.675111e+01
6.198984e+01 3.930221e+01
2.436180e+01 4.185758e+01
5.161869e+01 3.413138e+01
8.843294e+00 3.559272e+01
2.089996e+01 2.251179e+01
2.963318e+01 4.516127e+01
1.840250e+01 1.085801e+01
3.842990e+01 4.205225e+01
6.714359e+01 6.178438e+01
4.786530e+01 5.869875e+01
2.052070e+01 3.476519e+01
3.792564e+01 4.115587e+01
2.367740e+01 4.035017e+01
8.177801e+01 6.580306e+00
3.978137e+01 6.009173e+01
3.209536e+01 3.758755e+01
5.151625e+01 4.769525e+01
4.875232e+01 3.531516e+01
2.581605e+01 5.543537e+01
7.844446e+00 2.284072e+01
3.706254e+01 5.133947e+01
2.515441e+01 5.447408e+01
3.450254e+01 4.179422e+01
4.852228e+01 3.966734e+01
3.774872e+01 5.019995e+01
2.573513e+01 3.370610e+01
3.804437e+01 4.219572e+01
5.581605e+01 4.728717e+01
5.998378e+01 3.902754e+01
8.344593e+00 2.666891e+01
2.505491e+01 4.209743e+01
1.853740e+01 3.862835e+01
5.265647e+01 6.579903e+01
9.005113e+00 2.119162e+01
3.061330e+01 4.415065e+01
3.708305e+01 3.936189e+01
2.465466e+01 4.532126e+01
4.673783e+01 5.130091e+01
4.016893e+01 5.260734e+01
3.682447e+01 3.828104e+01
4.096926e+01 5.076242e+01
1.434538e+01 3.839917e+01
3.450408e+01 4.428121e+01
6.617315e+00 4.312684e+01
2.540634e+01 4.824289e+01
4.698510e+01 5.906077e+01
4.137429e+01 5.207420e+01
3.027335e+01 3.527908e+01
3.315387e+01 8.223373e+01
3.516448e+01 2.982934e+01
4.656316e+01 6.420724e+01
5.183366e+01 6.535909e+01
2.941009e+01 3.631202e+01
7.035808e+01 5.177399e+01
4.046894e+01 6.047969e+01
1.373362e+01 4.648503e+01
1.762506e+01 3.803646e+01
3.233945e+01 3.636731e+01
-5.131065e+00 4.155006e+01
2.770094e+01 3.773258e+01
2.749818e+01 4.232147e+01
1.669387e+01 4.281019e+01
3.494646e+01 5.476119e+01
2.168494e+01 6.056517e+01
4.088890e+01 5.032471e+01
1.774882e+01 4.058876e+01
2.550299e+01 6.216648e+01
4.988037e+01 4.876909e+01
1.987555e+00 4.920657e+01
-2.407541e+00 4.317958e+01
-3.371176e+00 4.656581e+01
1.195125e+01 4.719023e+01
7.960031e+01 2.870192e+01
7.230030e+01 5.145827e+01
8.357801e+01 3.153507e+01
1.442046e+01 4.236192e+01
3.523894e+01 4.965483e+01
6.497496e+00 8.800538e+00
5.093476e+01 5.149642e+01
5.402680e+01 4.359602e+01
3.105847e+01 3.790130e+01
3.689607e+01 4.032696e+01
3.425941e+01 4.803220e+01
3.764168e+01 5.372680e+01
3.299454e+01 4.483522e+01
4.259863e+01 2.712695e+01
2.847873e+01 3.805767e+01
4.172895e+01 4.800422e+01
2.334269e+01 5.131428e+01
1.896164e+01 3.943614e+01
3.988817e+01 5.787927e+01
2.329639e+01 4.706815e+01
1.136826e+01 4.461454e+01
4.428955e+01 4.616066e+01
3.633007e+01 4.431008e+01
4.266341e+01 4.719922e+01
3.500476e+01 4.617743e+01
1.575538e+00 5.477210e+01
3.459835e+01 4.785405e+01
3.143074e+01 4.891726e+01
6.898029e+01 5.700791e+01
3.894869e+01 3.924902e+01
3.692443e+01 4.259455e+01
4.144652e+01 3.645972e+01
2.269530e+01 3.861723e+01
1.575615e+01 4.905893e+01
2.855958e+01 3.506355e+01
-9.389631e+00 2.344703e+01
7.362557e+01 7.699412e+01
1.055141e+02 4.963084e+01
7.812425e+01 6.418101e+01
1.059207e+02 5.288962e+01
6.916488e+01 7.582279e+01
7.127231e+01 2.990049e+01
4.383394e+01 3.183946e+01
2.865845e+01 4.470886e+01
5.441043e+01 4.376190e+01
5.782540e+01 3.938423e+01
6.415655e+01 4.935824e+01
3.259743e+01 3.176462e+01
6.444571e+01 6.428484e+01
5.130229e+01 2.385998e+01
8.561460e+01 4.812612e+01
6.166802e+01 2.842273e+01
1.010463e+02 4.726650e+01
6.375598e+01 3.014428e+01
4.750438e+01 4.517354e+01
3.998938e+01 5.376768e+01
5.379272e+01 2.544502e+01
4.237605e+01 3.192245e+01
3.003223e+01 3.556314e+01
1.617116e+01 3.198802e+01
1.614558e+01 1.939540e+01
1.235933e+01 2.336302e+01
1.615980e+01 2.951761e+01
2.951859e+01 4.666884e+01
4.923560e+01 5.211634e+01
4.786736e+01 2.512781e+01
4.459049e+01 4.217221e+01
4.287377e+01 2.980184e+01
5.797562e+01 2.117019e+01
3.255452e+01 1.357059e+01
1.858767e+01 2.521101e+01
1.277083e+00 3.651852e+01
4.904068e+01 4.337461e+01
3.584395e+01 5.098495e+01
6.073870e+00 4.717258e+01
1.258438e+01 3.369666e+01
2.798626e+00 4.715499e+01
7.377189e+01 6.056951e+01
4.667035e+01 5.600308e+01
3.665724e+01 2.875865e+01
5.331497e+01 3.649545e+01
1.685653e+01 4.735367e+01
3.641385e+00 3.184052e+01
4.824875e+01 1.520066e+01
1.051185e+01 3.632616e+01
7.102693e+01 6.261697e+01
4.933695e+01 6.550826e+01
2.875588e+01 3.772317e+01
6.719030e+01 4.852618e+01
1.005140e+01 3.788750e+01
4.948932e+01 6.271660e+01
6.304555e+01 3.846360e+01
4.942703e+01 2.082078e+01
3.100903e+01 5.738741e+01
1.392569e+00 1.703774e+01
2.539975e+01 2.926167e+01
2.545372e+01 3.996485e+01
5.492979e+01 3.248575e+01
4.950218e+01 1.766522e+01
2.195595e+01 4.556526e+01
3.491600e+01 1.864919e+01
2.050987e+01 1.870102e+01
1.874058e+01 2.959462e+00
4.547129e+01 2.848336e+01
2.047299e+01 4.349114e+01
1.391989e+01 3.302446e+01
4.602471e+01 5.143654e+01
4.810153e+01 6.355671e+01
4.440334e+01 4.492982e+01
3.506027e+01 4.186608e+01
3.525689e+01 2.414953e+01
2.023084e+01 4.090024e+01
1.736777e+01 2.998337e+01
2.104201e+01 3.785946e+01
5.010921e+01 4.544224e+01
5.586480e+01 5.055648e+01
2.390589e+01 3.263245e+01
2.792946e+01 3.635221e+01
6.903167e+00 1.873552e+01
1.095773e+02 6.861209e+01
-5.212635e-01 5.849099e+01
5.229421e+01 4.815829e+01
8.030182e+01 3.810108e+01
7.453561e+01 4.976249e+01
4.620381e+01 4.222182e+01
3.657976e+00 3.347153e+01
3.027825e+01 4.082006e+01
3.486341e+01 4.774426e+01
1.363319e+01 3.604130e+01
3.176342e+01 4.267679e+01
3.715113e+01 5.298938e+01
1.998681e+01 3.335330e+01
4.889489e+01 3.886158e+01
3.071978e+01 4.152081e+01
2.638995e+01 4.164433e+01
2.928440e+01 4.685470e+01
5.057267e+01 4.634435e+01
6.424894e+01 6.312681e+01
5.062950e+01 5.784550e+01
1.701660e+01 4.194214e+01
1.499360e+01 6.140566e+01
8.571729e+00 3.551757e+01
1.609070e+01 4.822375e+01
3.325643e+01 6.227240e+01
1.359242e+01 4.446027e+01
3.868194e+01 4.230455e+01
5.249505e+01 5.024645e+01
-2.058132e+00 5.701988e+01
3.895411e+01 4.952191e+01
3.107170e+01 4.765751e+01
3.078684e+01 5.698414e+01
3.100443e+01 4.050841e+01
4.342114e+01 6.658845e+01
-1.569972e+01 2.092888e+01
5.342333e+01 4.637018e+01
4.903002e+01 4.803059e+01
5.288211e+01 5.098276e+01
-3.471379e+00 5.947188e+01
2.819404e+01 4.708417e+01
5.017536e+01 3.583051e+01
3.660172e+01 4.140797e+01
9.961023e+00 2.123564e+01
3.412149e+01 3.073123e+01
4.252615e+01 5.386193e+01
7.061825e+00 2.905123e+01
1.914202e+01 4.832565e+01
-1.437683e+01 3.752703e+01
1.365457e+01 4.041726e+01
3.908711e+01 5.179146e+01
8.852280e+00 3.850427e+01
9.060172e+01 6.370795e+01
2.996139e+01 3.209948e+01
7.814759e+01 5.272512e+01
6.715282e+01 5.901795e+01
5.523161e+01 3.232971e+01
1.929674e+01 2.607918e+01
5.642172e+01 3.798280e+01
1.409997e+01 2.719206e+01
9.287191e+00 3.878514e+01
3.526004e+01 3.343002e-01
3.058126e+01 3.241654e+01
2.444657e+01 5.595169e+01
3.915529e+01 2.122435e+01
8.359390e+01 3.427383e+01
4.229741e+01 3.399614e+01
2.463525e+01 2.521488e+01
2.747169e+01 4.459621e+01
-4.453336e+00 1.612257e+01
2.379936e+01 3.958642e+01
3.407462e+01 5.679753e+01
5.436598e+01 4.715886e+01
2.569277e+01 3.864980e+01
3.403051e+01 4.905110e+01
4.149869e+01 4.236882e+01
1.660949e+01 3.985543e+01
2.595021e+00 2.466458e+01
2.945843e+01 2.779132e+01
3.955797e+01 3.758271e+01
2.279981e+01 3.622544e+01
9.217598e+00 2.504863e+01
4.441712e+01 3.415550e+01
1.618697e+01 2.702269e+01
3.669450e+01 2.649303e+01
6.907436e+01 4.332438e+01
5.029428e+01 1.082954e+01
7.393752e+01 4.771479e+01
1.982770e+01 5.901549e+01
4.314787e+01 7.741404e+01
1.943584e+01 2.853106e+01
4.776691e+01 5.482453e+01
3.847492e+01 4.140008e+01
-1.576146e+00 7.070251e+00
2.824614e+01 5.485652e+01
3.668188e+01 2.493642e+01
7.191702e+01 5.187588e+01
2.201449e+01 5.663758e+01
2.530451e+01 5.402138e+01
5.847777e+01 4.449625e+01
8.982958e+00 4.044914e+01
2.688056e+00 3.814651e+01
4.182158e+01 4.099589e+01
4.473141e+01 2.772873e+01
4.599962e+01 4.321255e+01
3.447228e+01 4.405273e+01
6.845873e+01 4.544726e+01
5.187527e+01 4.677555e+01
2.364526e+01 3.724998e+01
7.503613e+00 4.683547e+01
-8.595088e-01 4.166041e+01
8.831966e+01 6.495372e+01
3.108720e+00 4.209078e+01
5.095919e+01 4.829975e+01
3.308657e+01 5.401113e+01
4.686559e+00 3.348854e+01
5.436044e+00 4.971892e+01
3.656917e+01 4.452131e+01
3.024204e+01 4.467372e+01
2.896199e+01 4.384973e+01
4.336361e+01 6.089064e+01
5.218579e+01 4.528739e+01
3.930612e+01 4.122196e+01
4.039109e+01 4.987456e+01
6.839109e+01 5.451510e+01
2.146345e+01 5.016986e+01
1.229747e+01 3.307707e+01
1.853608e+01 4.703815e+01
-2.344259e+01 4.181374e+01
-1.518311e+01 3.984789e+01
4.198078e+01 4.477412e+01
2.226165e+00 2.221954e+01
5.321763e+01 6.674910e+01
4.226790e+01 4.894130e+01
3.803171e+01 5.344407e+01
1.477630e+01 6.117743e+01
1.594798e+01 4.904145e+01
2.674190e+00 4.195384e+01
1.899323e+01 3.681295e+01
1.691860e+01 4.307130e+01
3.603011e+01 5.633042e+01
3.285873e+01 5.462778e+01
5.381219e+00 3.041004e+01
2.334020e+01 5.568464e+01
1.644442e+01 3.222313e+01
3.034122e+01 3.599938e+01
3.343423e+01 3.242600e+01
2.008692e+01 4.958720e+01
4.605497e+01 4.422839e+01
3.666875e+01 3.961330e+01
9.541408e+01 4.111990e+01
8.477404e+01 6.690277e+01
6.406739e+01 4.246133e+01
6.582902e+01 4.062027e+01
3.162653e+01 3.801023e+01
4.311289e+01 4.241989e+01
4.173493e+01 4.706723e+01
6.854029e+01 4.845411e+01
5.474028e+01 3.570714e+01
5.591790e+01 5.934603e+01
7.171071e+01 4.191537e+01
2.425326e+01 1.854704e+01
3.989374e+01 3.346634e+01
3.828499e+01 2.357318e+01
2.827951e+01 2.423676e+01
5.146586e+01 4.784584e+01
2.930041e+01 3.597267e+01
2.154670e+01 1.100693e+01
2.890170e+01 5.297231e+01
7.828151e+00 3.091726e+01
1.153651e+01 2.534938e+01
1.398705e+01 4.224745e+01
7.123226e+01 2.477426e+01
-7.575574e+00 4.321720e+00
3.367558e+01 5.181238e+01
2.352389e+01 2.113439e+01
9.688274e+00 3.658429e+01
4.060602e+01 3.815379e+01
3.645461e+01 5.611320e+01
5.832782e+01 4.869012e+01
3.415032e+01 3.307592e+01
1.647496e+01 4.201621e+01
5.872199e+01 5.154642e+01
6.245151e+01 4.876129e+01
3.545070e+01 2.186861e+01
8.295098e+01 5.879870e+01
6.473468e+01 2.875997e+01
7.220147e+01 5.418467e+01
9.035544e+01 5.672356e+01
8.809613e+01 5.261265e+01
8.884934e+01 6.614406e+01
9.324776e+01 5.296555e+01
7.755617e+01 5.839841e+01
8.066267e+01 6.364937e+00
7.995477e+01 2.260828e+01
7.098799e+01 5.363161e+01
8.759358e+01 5.327603e+01
7.615704e+01 4.656441e+01
6.278685e+01 5.891569e+01
5.531037e+01 5.111765e+01
4.888940e+01 4.176312e+01
6.335630e+01 3.692227e+01
8.067641e+01 5.749077e+01
7.203595e+01 4.298023e+01
5.976810e+01 3.082575e+01
7.352325e+01 4.674311e+01
3.937436e+01 6.100091e+01
1.240581e+01 3.608138e+01
1.456867e+01 3.868741e+01
1.930350e+01 2.005014e+01
1.325069e+01 3.763055e+01
3.424143e+01 3.392743e+01
1.800680e+01 3.148681e+01
3.446744e+01 2.741222e+01
2.688517e+01 1.858510e+01
1.892208e+01 3.195153e+01
4.678116e+01 5.687555e+01
3.418397e+01 4.130115e+01
3.925526e+01 4.907847e+01
6.989286e+00 2.695967e+01
6.562834e+01 5.452712e+01
2.116462e+01 2.448753e+01
3.039812e+01 4.509244e+01
1.320259e+01 3.423673e+01
1.231957e+01 3.547969e+01
1.643762e+01 4.517931e+01
-1.823492e+01 3.109754e+01
1.200794e+01 2.753347e+01
-5.324404e+00 3.491981e+01
-8.207976e+00 3.270608e+01
2.895491e-03 4.484916e+01
1.016072e+01 5.302969e+01
2.109375e+01 4.672314e+01
5.697739e+00 2.873787e+01
8.132023e+00 4.794488e+01
3.104665e+01 4.769829e+01
2.389864e+01 5.407184e+01
7.507421e+00 3.248919e+01
-2.045200e+01 2.791400e+01
1.628065e+01 6.079490e+01
1.657889e+01 5.622865e+01
-8.946831e+00 3.093151e+01
-4.668013e+00 4.483441e+01
5.543594e+01 4.964464e+01
1.051836e+01 4.934019e+01
9.990723e+00 2.999632e+01
-2.798733e+00 2.895284e+01
-5.224273e+00 3.314338e+01
-1.351961e+01 3.916492e+01
1.173995e+01 3.888378e+01
-8.025220e+00 5.136477e+01
6.369165e+00 3.927526e+01
1.763432e+01 4.190948e+01
3.773193e+00 3.777686e+01
4.463866e+01 3.155091e+01
7.162490e+00 3.525759e+01
-4.662559e+00 3.645382e+01
1.325666e+01 2.403603e+01
-1.949496e+00 3.039737e+01
3.704493e+01 3.926767e+01
3.233368e+01 3.520552e+01
4.858417e+01 4.154419e+01
4.530439e+01 4.863133e+01
7.048101e+01 6.909932e+01
5.040021e+01 5.328783e+01
5.432030e+01 4.561024e+01
9.916891e+00 3.388267e+01
3.944079e+01 4.833348e+01
2.801248e+01 4.279797e+01
3.055114e+01 4.843990e+01
3.355312e+01 2.659735e+01
1.204694e+01 3.157526e+01
2.264413e+01 5.366721e+01
1.389834e+01 2.313241e+01
1.093525e+01 2.093991e+01
2.637299e+01 3.558051e+01
1.004682e+01 4.203271e+01
1.468978e+01 2.968172e+01
1.652581e+01 2.798994e+01
2.969529e+00 1.723417e+01
7.458456e+00 4.240147e+01
1.301617e+01 3.506247e+01
2.257373e+01 3.689996e+01
-4.240538e+00 3.861454e+00
3.613833e+01 4.013518e+01
3.001599e+01 3.641011e+01
7.673612e+00 2.516728e+01
1.103693e+01 3.246341e+01
3.093893e+01 4.351219e+01
3.837976e+01 4.210959e+01
2.768326e+01 4.623489e+01
2.866896e+01 4.221045e+01
3.245478e+01 4.059831e+01
3.353095e+01 5.031071e+01
2.213255e+01 2.736082e+01
2.629863e+01 1.746090e+01
5.488003e+01 5.080957e+01
4.215115e+01 4.751693e+01
3.971903e+01 5.118969e+01
2.816753e+01 4.779120e+01
3.243626e+01 6.282815e+01
2.475705e+01 2.818857e+01
7.768018e+01 4.821983e+00
2.299003e+01 3.067661e+01
7.265868e+01 4.333884e+01
6.916985e+01 7.002589e+01
5.138078e+01 5.996419e+01
8.514642e+01 6.502605e+01
6.513901e+01 5.810354e+01
3.110985e+01 4.881839e+01
2.801352e+01 4.572158e+01
9.527381e+01 6.817697e+01
5.384602e+01 4.702079e+01
3.632714e+01 4.089529e+01
1.319417e+01 3.770982e+01
2.183664e+01 4.916399e+01
4.793443e+01 5.768571e+01
2.161988e+01 3.593523e+01
-7.110694e+00 4.225849e+01
2.730786e+01 5.730469e+01
3.419510e+01 4.951057e+01
6.043843e+01 4.538195e+01
4.352760e+01 4.326144e+01
5.248922e+00 4.032724e+01
4.108515e+01 5.519822e+01
1.429416e+01 4.094463e+01
2.633308e+01 5.016986e+01
2.439170e+01 4.246247e+01
4.871429e+01 6.074004e+01
2.211544e+01 3.204251e+01
1.601407e+01 4.343867e+01
3.286943e+01 4.045091e+01
3.781967e+01 3.922431e+01
1.078907e+01 2.768778e+01
3.705513e+01 4.024222e+01
6.285241e+01 7.530873e+01
1.760577e+01 4.688069e+01
2.951204e+01 2.871947e+01
5.415493e+01 4.226514e+01
3.063812e+01 5.358544e+01
7.045019e+01 6.346434e+01
1.009388e+02 3.926862e+01
7.344919e+01 3.168563e+01
8.664419e+01 -4.404018e-01
8.232110e+01 1.486789e+01
6.371465e+01 3.821543e+01
6.917989e+01 6.116663e+01
4.903976e+01 4.052323e+01
6.323069e+01 7.646736e+01
5.363843e+01 5.907592e+01
4.845963e+01 4.872359e+01
-5.376044e+00 3.766079e+01
4.627176e+01 2.011804e+01
5.395160e+01 4.994856e+01
5.279951e+01 9.792381e+00
5.763179e+01 5.035604e+01
4.854314e+01 1.739283e+01
-1.506885e+01 3.508846e+01
7.168619e+01 2.661330e+01
5.096728e+01 3.198890e+01
5.943004e+01 5.980944e+01
2.570509e+01 4.604333e+01
1.814221e+01 5.397732e+01
4.606124e+01 2.841809e+01
-9.140927e+00 6.871270e+01
-1.921695e+01 4.521473e+01
1.966636e+01 7.598163e+01
4.075825e+01 5.333147e+01
-1.083912e+01 2.768426e+01
3.217790e+01 6.216297e+01
-1.799588e+01 3.675552e+01
-7.295902e+00 4.299397e+01
-6.978354e+00 4.266133e+01
5.132390e+00 2.692436e+01
2.235422e+01 5.848806e+01
2.607672e+01 5.099071e+01
-1.291391e+00 4.409003e+01
4.365968e+01 5.236232e+01
3.786868e+00 5.991669e+01
-3.212600e+00 4.154166e+01
-2.080621e+00 5.111606e+01
2.055817e+01 5.480715e+01
8.986520e+00 5.448460e+01
9.145252e+00 4.776867e+01
1.597291e+01 5.672624e+01
2.634440e+01 7.782589e+01
2.411791e+01 5.613577e+01
4.089554e+00 3.559302e+01
-1.191048e+01 3.916705e+01
-1.362025e+01 4.301574e+01
-1.362825e+01 5.687521e+01
1.974516e+01 7.388448e+01
1.625226e+01 6.920026e+01
-1.899284e+01 4.948030e+01
7.904750e+00 5.314530e+01
3.978848e-01 6.706349e+01
-2.136024e+01 6.185012e+01
1.754966e+00 6.183447e+01
8.964715e+01 1.863251e+01
4.788277e+01 6.349612e+01
5.856338e+01 3.449631e+01
7.119216e+01 6.275200e+01
3.958359e+01 5.155768e+01
2.216234e+01 4.545787e+01
3.639736e+01 5.920713e+01
5.021646e+01 5.967973e+01
5.639281e+01 5.700642e+01
1.659514e+01 4.928222e+01
1.265905e+01 3.543067e+01
1.627849e+01 4.891399e+01
2.564738e+01 4.482025e+01
1.138424e+01 6.254771e+01
2.111114e+01 5.837097e+01
6.935477e+00 4.504408e+01
1.856062e+01 6.536620e+01
2.470396e+01 7.094403e+01
1.608537e+01 5.959037e+01
1.181552e+01 7.536588e+01
3.061126e+01 7.462312e+01
4.465642e+01 6.096426e+01
2.339588e+01 5.504392e+01
3.110251e+01 6.024627e+01
1.417136e+01 6.455221e+01
2.594290e+01 4.629558e+01
2.498664e+01 5.512664e+01
7.271289e+00 6.088210e+01
3.452538e+01 7.349097e+01
1.953157e+01 7.358177e+01
5.635941e+00 4.676963e+01
1.852889e+01 3.722768e+01
2.917553e+01 4.328143e+01
1.393192e+01 4.798276e+01
3.334509e+01 6.200005e+01
2.886444e+01 4.714270e+01
-5.060113e+00 3.728509e+01
3.192362e+00 5.775890e+01
-5.129012e+00 5.499002e+01
6.400884e+00 4.686465e+01
1.756318e+01 7.245055e+01
7.853855e+00 7.074638e+01
4.796248e+01 4.934045e+01
3.953043e+01 5.450368e+01
1.291520e+01 4.865301e+01
3.295602e+01 5.593889e+01
2.636464e+01 6.171885e+01
2.020341e+01 6.148228e+01
-1.404789e+00 5.066459e+01
3.358380e+01 5.922949e+01
3.451552e+01 4.037262e+01
1.636267e+00 5.305648e+01
7.225756e+00 5.367073e+01
2.745289e+01 5.373238e+01
-3.257650e+00 4.687008e+01
3.510903e+01 7.087094e+01
1.965689e+01 5.770527e+01
2.863021e+01 5.093400e+01
7.152201e-01 5.318115e+01
4.869037e+01 7.445726e+01
1.888459e+01 3.163721e+01
1.907675e+01 4.513544e+01
-3.373640e+00 4.955679e+01
2.184734e+01 7.336862e+01
2.191203e+01 5.335890e+01
3.640826e+01 4.166946e+01
3.054058e+01 4.038502e+01
3.508726e+01 5.309326e+01
8.344370e+00 4.770421e+01
2.395277e+01 4.988538e+01
-2.429085e+00 4.003493e+01
2.671278e+01 5.212643e+01
-1.041464e+01 4.636042e+01
1.770756e+01 5.806278e+01
3.671210e+01 7.183743e+01
4.054783e+01 7.779311e+01
3.628324e+00 6.926004e+01
1.899547e+01 5.986049e+01
2.759787e+01 6.472671e+01
1.142697e+01 7.126593e+01
3.079625e+01 6.347164e+01
1.823058e+01 5.906246e+01
1.482490e+01 5.712288e+01
3.198142e+01 6.009118e+01
2.321755e+01 6.711338e+01
2.857235e+01 5.522233e+01
2.795791e+01 5.076013e+01
3.204544e+00 6.879404e+01
1.056480e+01 4.329561e+01
1.943364e+01 6.669106e+01
1.636151e+01 4.913255e+01
2.350755e+01 6.366392e+01
3.573021e+01 6.487596e+01
3.275739e+01 6.701041e+01
3.230201e+01 6.342061e+01
2.025374e+01 4.969946e+01
3.449426e+01 7.895439e+01
3.935675e+01 7.651994e+01
5.543136e+01 5.199221e+01
1.235082e+01 4.423908e+01
3.415425e+01 2.867337e+01
1.339028e+01 2.932392e+01
2.165214e+01 4.451605e+01
2.557727e+01 4.452589e+01
2.775555e+00 4.233613e+01
1.054748e+01 3.370580e+01
9.251609e+00 6.779929e+01
-7.482452e+00 7.037473e+01
-1.578016e+01 4.265189e+01
1.020625e+01 6.160968e+01
4.639913e+01 4.628437e+01
1.907961e+01 4.123349e+01
6.502703e+00 5.529558e+01
-1.501242e+01 4.626797e+01
8.880394e+01 3.269658e+01
7.825825e+01 2.658953e+01
-6.005457e+00 5.114149e+01
1.628135e+00 3.419312e+01
-2.145403e+01 4.794273e+01
8.336486e+01 4.249166e+01
2.065491e+01 3.195202e+01
1.048884e+01 5.218405e+01
1.062462e+01 6.729482e+01
3.231519e-01 6.037673e+01
9.655237e+00 6.326734e+01
1.996001e+01 6.494560e+01
-7.313754e+00 3.942230e+01
5.204546e+01 5.518785e+01
3.985648e+01 4.209544e+01
4.325533e+01 4.132396e+01
4.054678e+01 3.777475e+01
4.257452e+01 4.225030e+01
3.977873e+01 4.074206e+01
3.612613e+01 5.205342e+01
3.009022e+01 5.338418e+01
2.952618e+00 5.039327e+01
-1.272955e+01 2.148612e+01
-3.482926e+00 4.041863e+01
5.466706e+00 2.485639e+01
6.177808e+00 4.057708e+01
-5.751654e+00 4.805642e+01
-1.411585e+01 2.847950e+01
3.052937e+01 5.176353e+01
2.972347e+01 6.004367e+01
2.002663e+01 4.363649e+01
3.077503e+01 4.064551e+01
2.055053e+01 4.014373e+01
9.592574e+00 3.004325e+01
3.161909e+01 7.443112e+01
7.348939e+01 6.341622e+01
2.432185e+01 5.626020e+01
2.405821e+01 6.170509e+01
9.864270e+00 4.729492e+01
5.410319e+00 3.175047e+01
-1.670249e+00 4.243853e+01
6.623459e+01 7.196773e+01
5.056478e+01 6.638145e+01
1.846560e+01 5.259282e+01
4.206863e+01 5.533773e+01
2.090999e+01 4.784659e+01
1.751640e+01 3.960075e+01
-7.349692e-01 5.292410e+01
1.378110e+01 5.451082e+01
4.794244e+01 4.758871e+01
1.170727e+01 5.603327e+01
2.119020e+01 6.559835e+01
2.321979e+01 5.688976e+01
2.411494e+01 6.361102e+01
1.594965e+01 5.979800e+01
2.303170e+01 7.774486e+01
-6.698083e+00 4.297141e+01
1.772184e+01 4.922979e+01
-3.674519e+00 3.424983e+01
8.478873e+00 4.888970e+01
1.919515e+01 4.538629e+01
5.029363e+00 3.297338e+01
5.933417e+00 3.296892e+01
1.809492e+00 4.361619e+01
2.302151e-01 4.250681e+01
-9.134259e+00 4.294261e+01
1.586571e+01 5.861229e+01
-2.480845e+00 4.382619e+01
4.973127e+01 3.775152e+01
2.519906e+01 7.680107e+01
4.786490e+01 3.779548e+01
2.499153e+01 5.720163e+01
6.496988e+01 6.613565e+01
1.848706e+01 4.329494e+01
-3.633980e+01 4.843820e+01
-3.506667e+01 4.583841e+01
2.955175e+01 5.166405e+01
4.552516e+01 5.054033e+01
2.756721e+01 5.723320e+01
8.104750e+00 4.491628e+01
3.633038e+01 6.486946e+01
2.100996e+01 6.298075e+01
1.382215e+01 5.000303e+01
9.112818e+00 4.922967e+01
1.668316e+00 4.348973e+01
1.737941e+01 6.090791e+01
3.524066e+01 6.279152e+01
3.192094e+01 5.836276e+01
2.438302e+01 5.612266e+01
1.636907e+01 6.954660e+01
8.638312e-01 5.928445e+01
4.324798e+01 4.772908e+01
1.384556e+01 4.724282e+01
3.374855e+01 5.097069e+01
7.952501e+00 5.973827e+01
1.401626e+01 5.231222e+01
3.628126e+01 5.777250e+01
9.963344e+00 3.490225e+01
1.306457e+00 3.993239e+01
9.323765e+00 5.276779e+01
3.074409e+00 4.502582e+01
5.522951e+01 6.051185e+01
1.812713e+01 5.007669e+01
2.116022e+01 6.188013e+01
4.171944e+00 6.741133e+01
2.707339e+01 7.906610e+01
3.212898e+01 6.221556e+01
3.403700e+01 5.292680e+01
3.115633e+01 6.129695e+01
1.686501e+00 6.703610e+01
3.127925e+01 7.362214e+01
4.327255e+01 6.132355e+01
5.063977e+01 8.026805e+01
2.913106e+01 7.899837e+01
1.582321e+01 5.797349e+01
1.970725e+01 6.445105e+01
5.675803e+01 1.833211e+01
1.020598e+01 5.629581e+01
6.879002e+00 2.163625e+01
-1.346916e+01 4.379033e+01
3.119146e+00 4.598955e+01
-1.511062e+00 5.783566e+01
2.643746e+01 5.491763e+01
2.421028e+01 2.800052e+01
-1.234139e+00 3.092596e+01
1.575379e+01 4.324826e+01
2.693430e+01 6.994458e+01
9.677652e+00 5.383524e+01
-1.235133e+01 4.047415e+01
3.938237e+01 6.249673e+01
5.674614e+01 5.249559e+01
1.232296e+00 3.495570e+01
-1.235859e+01 2.735384e+01
1.030823e+01 2.770825e+01
7.604229e+01 5.830892e+01
2.266969e+01 5.115022e+01
4.032426e+01 6.042884e+01
5.491091e+01 6.411164e+01
6.056157e+01 6.719552e+01
1.092340e+01 5.041493e+01
2.151191e+01 5.425167e+01
9.096690e-01 7.300523e+01
4.205384e+01 5.622151e+01
3.604313e+01 7.607984e+01
3.623910e+01 6.555907e+01
-4.882566e+00 4.354295e+01
2.591937e+01 5.756199e+01
1.270452e+01 5.988894e+01
3.390682e+00 4.536348e+01
1.132890e+00 5.690138e+01
4.070608e+01 5.381762e+01
2.997935e+01 4.962795e+01
1.368950e+01 5.988724e+01
-1.658561e+01 3.046550e+01
5.446865e-01 6.458924e+01
-1.384580e+01 6.571167e+01
9.309334e+00 5.639247e+01
4.340069e+01 5.400272e+01
2.490481e+01 2.776851e+01
1.688736e+01 5.371587e+01
3.490228e+01 6.093838e+01
7.825583e+00 4.763600e+01
3.053268e+01 5.133548e+01
2.947405e+01 6.180226e+01
1.921718e+01 5.061528e+01
1.075325e+01 3.624426e+01
-1.153220e+01 4.618883e+01
1.170292e+01 5.692138e+01
3.530537e+01 6.720702e+01
2.984624e+01 5.593836e+01
3.036987e+01 7.170873e+01
3.282851e+01 6.143355e+01
2.622057e+01 6.432561e+01
2.367829e+01 7.065109e+01
1.983070e+01 6.974843e+01
2.278452e+01 5.728805e+01
1.585813e+01 5.157006e+01
-1.521928e+01 4.747363e+01
-5.306569e+00 5.639493e+01
1.420647e+01 6.586395e+01
4.166883e+00 5.313112e+01
1.853149e+01 6.167807e+01
8.183019e+00 5.068563e+01
9.243847e+00 5.700632e+01
3.415849e+01 6.241601e+01
2.677276e+01 5.205285e+01
2.285451e+01 4.229022e+01
6.966764e+01 3.787925e+01
5.086534e+01 5.084260e+01
9.903036e+00 5.614952e+01
-1.477429e+01 4.156616e+01
2.820365e+00 4.582653e+01
1.984264e+01 4.983812e+01
8.840357e+00 5.282290e+01
1.714278e+00 4.073783e+01
5.709241e+01 7.465502e+01
2.376110e+01 8.903147e+01
1.850533e+01 6.552744e+01
1.112651e+01 6.472182e+01
3.535627e+01 6.188243e+01
3.426564e+01 5.911407e+01
1.962425e+01 3.752650e+01
2.528034e+01 7.036878e+01
2.311141e+01 5.428762e+01
3.968278e+01 5.546214e+01
3.030985e+01 6.237461e+01
2.155011e+01 6.110701e+01
6.289326e+01 5.956107e+01
1.524710e+01 4.346474e+01
2.057227e+01 3.119468e+01
2.185983e+01 4.784792e+01
8.654344e+01 1.494468e+01
2.213949e+01 5.437301e+01
4.706307e-01 4.212763e+01
-1.166960e+01 5.570970e+01
-2.478969e+01 3.101641e+01
3.749679e+01 4.010215e+01
4.502503e+01 3.688194e+01
3.888091e+01 5.911532e+01
-1.656086e+01 4.554962e+01
-1.714038e+01 3.352036e+01
1.907323e+01 4.922210e+01
4.830702e+00 4.642023e+01
1.532786e+01 5.259175e+01
6.514066e+01 7.322714e+01
1.598368e+01 4.647809e+01
5.039027e+01 7.572155e+01
7.972624e+00 6.586763e+01
3.591090e+00 5.686085e+01
8.802704e+00 3.879852e+01
8.701392e+00 5.275712e+01
2.597594e+01 6.206985e+01
2.072005e+01 5.077981e+01
1.472016e+01 5.690571e+01
4.875884e+01 7.853845e+01
-8.718433e-01 3.271381e+01
8.444671e+00 4.350872e+01
1.654758e+01 2.639769e+01
8.613798e+00 4.725798e+01
2.194804e+01 4.929618e+01
5.638712e+01 -7.650252e-01
2.764891e+01 6.328115e+01
5.814732e+01 7.794043e+01
2.873666e+01 6.820018e+01
3.166713e+00 4.366906e+01
7.311417e+01 8.879373e+01
-2.206249e+00 4.425898e+01
1.453754e+01 5.695351e+01
2.062771e+01 6.214533e+01
1.322155e+01 5.427054e+01
1.832477e+01 4.016916e+01
1.041881e+01 3.947248e+01
1.755171e-01 4.503965e+01
1.070117e+01 6.625349e+01
4.269467e+01 7.904349e+01
3.834099e+01 5.391687e+01
2.536099e+01 7.401761e+01
2.356434e+01 6.513234e+01
4.662637e+00 7.619591e+01
3.554152e+01 7.537086e+01
2.559986e+01 3.594612e+01
4.698836e+01 6.921793e+01
2.107930e+01 4.374219e+01
3.036362e+01 6.017045e+01
-2.217892e+01 4.812915e+01
-2.105776e+00 3.442530e+01
2.442779e+01 3.169791e+01
5.205995e+00 4.673457e+01
3.791308e+00 2.280456e+01
-2.144692e+01 4.016058e+01
-1.519461e+01 6.173974e+01
1.034643e+00 4.571698e+01
3.526937e+01 6.291386e+01
2.453019e+01 5.089647e+01
1.783213e+01 3.686674e+01
3.362867e+01 6.922482e+01
4.069345e+01 6.442917e+01
1.782629e+01 4.526124e+01
2.417055e+01 5.192781e+01
2.249110e+01 6.298609e+01
-7.114307e+00 4.333355e+01
2.489070e+01 6.589960e+01
-1.876330e+00 4.811010e+01
1.049177e+01 4.266432e+01
1.817600e+01 5.218385e+01
2.673769e+01 6.627140e+01
1.673511e+00 5.008290e+01
4.083406e+01 5.146122e+01
2.892189e+01 6.147634e+01
-1.027156e+01 3.978241e+01
1.537418e+01 4.035616e+01
-1.981137e+01 4.828495e+01
4.157514e+00 3.176733e+01
2.589521e+01 6.204161e+01
3.184570e+01 5.186855e+01
1.196581e+01 3.592442e+01
1.519181e+01 5.352389e+01
1.840925e+01 3.532078e+01
-8.439209e+00 5.533610e+01
4.967465e+00 4.793516e+01
-2.445921e+01 5.028977e+01
1.501529e+01 4.868552e+01
1.498934e+01 6.793061e+01
-3.110041e+00 4.913974e+01
8.814937e+00 5.585642e+01
1.963312e+01 4.617691e+01
9.522496e+00 4.393731e+01
4.754366e+00 3.644975e+01
-7.036693e+00 5.333322e+01
1.039980e+01 5.514689e+01
2.662451e+01 6.938061e+01
-1.031651e+01 3.909631e+01
-3.127656e+01 4.258360e+01
3.006263e+00 3.446721e+01
-1.856515e+01 3.855200e+01
-1.158255e+01 3.042184e+01
3.022332e+00 4.163389e+01
-1.437574e+01 3.850147e+01
1.579871e+01 6.387103e+01
-1.662406e+00 3.813051e+01
4.034234e+00 5.292210e+01
6.178803e+00 4.593906e+01
-1.487632e+00 4.938250e+01
1.141564e+01 5.454612e+01
1.694059e+01 5.242461e+01
1.267516e+01 5.601691e+01
3.113170e+01 3.627050e+01
3.958119e+01 5.605368e+01
1.301064e+01 5.759158e+01
1.982356e+01 5.290541e+01
2.584781e+01 4.674587e+01
3.377748e+01 4.220664e+01
4.274380e+00 4.062302e+01
2.262358e+01 4.276157e+01
3.079792e+01 7.530515e+01
4.736140e+01 5.501592e+01
4.152900e+01 6.127744e+01
3.974403e+01 2.911349e+01
5.889025e+01 7.129165e+01
1.394363e+01 6.037804e+01
6.290653e+01 6.159889e+01
5.095026e+01 6.751638e+01
3.117690e+01 3.559966e+01
5.646597e+01 7.569210e+01
7.616689e+01 6.248427e+01
3.858025e+01 7.024745e+01
5.842687e+01 7.618210e+01
5.864138e+01 7.971354e+01
4.500933e+01 3.595701e+01
8.505299e+01 9.252376e+01
2.639222e+01 6.913595e+01
2.176939e+01 7.284273e+01
3.340592e+01 8.521510e+01
3.459803e+01 6.372095e+01
4.345402e+01 5.603882e+01
2.084381e+01 5.085746e+01
2.891287e+01 6.677513e+01
3.220771e+01 5.980655e+01
2.602035e+01 4.967079e+01
4.232365e+01 5.800940e+01
5.594752e+01 5.962104e+01
2.806917e+01 6.461036e+01
4.346046e+01 5.249800e+01
2.790093e+01 7.297710e+01
1.560016e+01 4.721818e+01
2.366186e+01 5.172154e+01
6.339261e+00 5.170486e+01
1.439704e+01 4.996059e+01
2.850414e+01 5.399223e+01
1.169715e+01 3.314164e+01
2.027314e+01 4.977090e+01
1.688139e+01 4.493517e+01
6.040088e+00 4.360214e+01
3.372928e+01 4.199820e+01
-1.687254e+01 2.442415e+01
1.376583e+01 4.860357e+01
4.912883e+01 7.301739e+01
2.124449e+01 4.584334e+01
3.557153e+01 4.278457e+01
4.565354e+01 6.499832e+01
5.087065e+01 6.601340e+01
3.296513e+01 4.917754e+01
7.075138e+01 6.764719e+01
2.608318e+01 5.412359e+01
4.480890e+01 4.805284e+01
1.975195e+01 5.092956e+01
5.769470e+01 5.561554e+01
5.182157e+01 5.727973e+01
2.705105e+00 4.663654e+01
2.922425e+01 2.763796e+01
9.691743e+00 3.914609e+01
6.661036e+00 7.006350e+01
1.178971e+01 7.814886e+01
3.899520e+01 3.690532e+01
-9.854679e+00 4.159154e+01
2.078903e+01 4.868187e+01
4.320810e+00 4.404895e+01
3.693263e+01 5.681394e+01
4.398289e+01 5.750264e+01
2.953803e+01 2.238410e+01
1.439500e+01 4.616590e+01
1.611150e+01 4.948052e+01
1.714605e+01 5.233133e+01
9.619004e+00 4.946290e+01
2.069487e+01 5.090486e+01
4.610303e+01 6.705973e+01
4.331947e+01 5.726591e+01
1.232631e+01 5.926462e+01
1.335929e+01 4.947687e+01
4.321812e-01 4.879569e+01
2.083145e+01 4.774319e+01
3.232494e+01 7.240493e+01
2.314286e+00 5.125931e+01
1.343580e+01 6.493318e+01
