-1.853046e+01 -2.244002e+01 2.138375e+01 -1.906784e+01
-1.366527e+01 -2.239924e+01 -2.625111e+01 -2.870677e+01
-1.915269e+01 -2.237654e+01 3.653424e+01 -1.295310e+01
-1.804979e+01 -2.530167e+01 1.923528e+01 -1.019461e+01
-2.523821e+01 -2.281149e+01 -8.311188e+00 -1.433991e+01
-1.305395e+01 -2.318216e+01 -7.496386e+00 -1.833566e+01
-1.473366e+01 -1.656589e+01 1.087130e+01 -2.521432e+01
-2.366464e+01 -2.862400e+01 1.863133e+01 -2.258650e+01
-3.200460e+01 -1.801163e+01 -8.140684e+00 -1.333878e+01
-3.248498e+01 -1.793224e+01 -1.142735e+00 -8.638036e+00
-8.883641e+00 -2.137837e+00 6.084153e+00 1.162161e+01
-1.530980e+01 -1.212856e+01 3.904155e+00 -3.270759e+01
-1.085322e+01 3.724126e+00 1.207975e+00 -1.231487e+01
-2.435200e+00 -4.943139e+00 -1.862316e+01 -4.761699e+00
-6.881047e+00 3.918443e+00 6.558912e+00 -1.225281e+01
-1.253391e+01 -5.828922e-01 2.954088e+00 -1.289246e+01
-2.043107e+01 -3.220829e+00 -5.425789e-01 8.089152e+00
-9.120038e+00 -3.702644e+00 -1.395939e+01 -1.104842e+01
-6.522094e+00 -2.705997e-01 2.116247e+01 -9.997588e+00
-4.500662e+00 2.927623e+00 1.722760e+01 -1.252249e+01
5.686322e-01 1.018466e+01 3.062604e+00 -9.319569e+00
-7.929607e+00 3.650310e+00 -3.698169e+00 -1.191324e+01
-1.017804e+01 6.000256e+00 1.688062e+01 -1.481768e+01
8.353607e+00 1.736861e+01 -2.732287e+00 -1.997971e+00
-8.837853e+00 -2.435390e+00 -3.461182e+00 -1.977332e+01
-5.069020e-01 4.875111e+00 -1.078058e+01 -1.094523e+01
-3.708948e+00 -7.028964e+00 -1.578117e+01 7.704696e-01
-1.179387e+01 2.827268e+00 -7.348180e-01 -5.146552e+00
-2.622692e+00 -7.204896e+00 -5.071271e+00 -5.839220e+00
-3.512104e+00 -7.422241e+00 -4.186538e+00 -2.730443e+01
-7.741870e-01 -1.052042e+01 9.817542e+00 -2.332742e+01
-1.689556e+01 -4.095597e+00 2.833557e+00 -1.516734e+01
-1.323968e+01 1.357206e+00 4.950074e+00 -1.819506e+01
-1.163397e+01 -1.116547e+01 2.256080e+00 -1.873492e+01
3.460712e+00 -6.059969e+00 2.794329e+01 -3.213376e+01
-5.156117e+00 7.064528e+00 -1.237651e+01 -3.417492e+00
-2.610267e+00 -1.467136e+00 -1.822452e+01 -7.507564e+00
-1.088844e+01 2.788077e+00 1.052087e+01 -3.140347e+00
-1.252394e+01 6.991038e+00 2.780666e+00 -4.908676e+00
-3.079692e+00 -2.099773e+01 2.423035e+01 -3.965709e+01
-1.778704e+01 3.427309e+00 3.726059e+01 -1.773429e+01
1.703014e+01 1.290911e+01 1.975839e+01 4.335727e+00
9.861396e-01 1.229680e+01 2.630645e+01 -9.275566e+00
-1.115469e+01 9.600155e+00 3.066154e+01 -1.824822e+01
-4.465485e+00 1.109639e+01 2.154080e+01 -1.788973e+01
1.305439e+01 1.183479e+01 3.634331e+01 -1.464932e+01
1.411344e+01 -1.891693e+01 4.673441e+00 -2.569571e+01
-4.705678e+00 2.387721e+00 3.771301e+00 -3.330609e+01
2.102468e+01 2.191583e+00 4.794040e+00 -2.516495e+01
-1.634046e+01 -8.294087e+00 -1.829765e+01 -1.395515e+01
1.836477e+01 -6.259568e+00 1.414167e+01 -3.093226e+01
9.647843e+00 1.778589e+01 -1.074086e+01 -4.072584e+00
1.644410e+01 9.868974e+00 6.179177e+00 -1.529525e+01
-1.465330e-01 1.183795e+01 1.149106e+00 -1.503463e+01
1.642442e+01 2.288890e+01 -8.121619e+00 -1.231032e+01
1.676609e+01 2.044278e+01 -5.947267e+00 -1.004733e+01
2.772831e+01 2.381668e+01 -9.928582e+00 -4.266723e+00
1.316996e+01 2.018003e+00 1.929939e+01 -2.716533e+01
-7.753376e+00 4.352072e+00 -2.799731e+01 -1.588987e+01
-1.378406e+01 -7.820447e+00 -3.379021e+00 -2.351152e+01
-1.478958e+01 -1.273836e+01 -2.627542e+01 -3.676144e+00
-4.289344e+00 5.217361e-01 -1.381038e+01 -2.411682e+01
-5.086804e+00 1.057805e+00 -1.627051e+01 -1.686733e+01
-1.431175e+00 4.389585e+00 -2.550290e+01 -1.347383e+01
-1.334486e+01 -7.631422e-01 -1.090156e+01 -1.415893e+01
2.143252e+00 1.712897e+01 -7.124667e+00 -9.777482e+00
1.502659e+01 8.364313e+00 -5.741759e+00 -1.152287e+01
3.513005e+00 1.799759e+00 -2.449765e+01 -1.551023e+01
-6.597231e+00 3.650399e+00 -2.981616e+00 -1.738025e+01
-1.628846e+01 -2.683216e+00 -2.248001e+01 -1.346682e+01
3.762946e+00 1.757995e+01 -6.255491e+00 -1.562057e+01
-1.987665e+01 -6.402303e+00 -9.994816e+00 -1.960252e+01
-1.112652e+01 7.735527e-01 -7.900113e+00 -8.239926e+00
-1.100848e+01 -5.283556e+00 -1.178345e+01 -9.555624e-01
-1.785690e+01 -1.035697e+01 -3.196191e+01 -5.981287e-02
-5.520765e+00 -3.707705e+00 -7.785812e+00 -2.523504e+01
-1.123567e+01 -1.530764e+01 -9.469632e+00 9.767601e+00
-7.136257e+00 -7.448572e+00 -1.128740e+01 7.894282e+00
-9.614804e+00 -8.712407e+00 -1.054955e+01 -3.997661e+00
-1.898520e+01 9.117606e+00 -1.826348e+01 1.212060e+01
-1.988519e+01 2.000559e+00 7.773165e+00 -1.372518e+01
-3.970189e+00 6.481247e+00 -1.925257e+01 1.146056e+00
-2.344744e+01 -3.552847e+00 -1.681846e+01 -5.239621e+00
-1.192692e+01 -4.082902e+00 -1.870090e+00 -8.340419e+00
-1.458760e+01 2.560094e+00 -1.667742e+01 -1.952392e+00
1.856861e+00 5.365371e+00 -1.707705e+01 -8.746782e+00
-8.045687e+00 5.648793e+00 -2.155165e+01 -2.045264e+01
7.125599e+00 1.149250e+01 -3.375763e+01 1.065165e+00
-3.591375e+00 -5.708587e+00 -1.971396e+01 -1.388103e+01
-1.376169e+01 -5.316198e+00 -5.011355e+00 -5.893840e+00
-1.176457e+01 3.978921e-01 -4.363227e+01 3.769640e+00
-6.407063e+00 9.229928e+00 5.645664e+00 -8.240241e+00
7.884059e+00 1.104474e+01 1.090951e+01 -2.605967e+01
-8.917438e+00 1.160363e+00 5.343810e+01 -1.743802e+01
-2.279272e+01 2.334737e+00 1.364683e+01 -1.448033e+01
-5.460117e+00 7.190041e+00 1.622027e+01 -1.911898e+01
1.268979e+01 3.467565e+00 1.140825e+01 -2.394397e+01
-6.491437e+00 1.065989e+01 1.683585e+00 -2.944802e+01
-8.615388e+00 -1.925263e+01 2.876072e+01 -4.093233e+01
-3.238479e+01 8.531553e+00 8.906627e+00 -1.443300e+01
5.736040e+00 1.233276e+00 -3.062397e+01 3.403045e+00
-2.236119e+00 -9.837803e+00 -5.414658e+00 -1.267986e+01
4.586728e+00 1.148959e-01 -2.562282e+01 3.145236e-01
-1.372240e+01 -1.478774e+01 7.276459e+00 -2.988821e+01
-2.960546e+00 -5.849196e+00 -1.148023e+01 1.698380e+00
-1.613764e+01 6.978973e+00 5.564870e+00 -2.221287e+01
1.056485e+01 4.547353e+00 -2.237811e+01 -3.757145e+00
-1.022142e+01 -2.012839e+01 -1.580820e+01 -1.202402e+01
-6.570850e+00 -2.631613e+00 7.051405e+00 -2.323205e+01
-9.594779e+00 -1.103851e+01 1.742679e+01 -1.764675e+01
8.861214e+00 -4.272652e+00 -2.078078e+01 -1.337564e+01
1.616436e+00 -9.327734e+00 2.604708e+00 -2.125227e+01
-1.563973e+00 6.900534e-01 -5.158460e+00 -1.237339e+01
1.481006e+00 -6.495443e-01 6.755408e+00 -2.266048e+01
-1.812979e+01 -4.034378e+00 -2.847291e+01 3.470630e+00
-3.768195e+00 -1.069263e+01 7.137371e+00 -1.934527e+01
-1.772972e-01 -2.271733e+00 -2.317667e+01 -1.568138e+00
-1.515834e+01 -1.479461e+00 -9.796891e+00 -9.168075e+00
-2.553757e+01 -9.658008e+00 4.115786e+00 -3.518488e+00
-1.809700e+01 -3.517442e+00 -4.585015e+00 5.590564e+00
5.522844e+00 4.120747e+00 8.909033e-01 -1.096171e+01
-5.792691e+00 -7.671858e+00 -4.567587e+00 -1.453252e+01
5.095627e+00 -4.035119e+00 1.459844e+01 -2.550624e+01
1.221676e+01 2.682800e+00 -1.820285e+01 -1.641608e+01
-4.686337e+00 5.756958e+00 -1.074458e+01 -2.113280e+01
-2.686957e+01 1.074218e+01 4.465342e-02 1.312283e+00
-1.317115e+01 -6.115645e+00 -1.612614e+01 -5.171220e+00
-1.106360e+01 -7.014960e+00 -2.889611e+01 -1.763416e+01
-7.014638e+00 9.927305e-01 -1.093320e+01 1.612789e+00
4.342126e+00 -4.426697e+00 -1.972231e+01 -9.565649e+00
-2.088785e+00 -2.023651e+00 -1.361127e+01 -9.081113e+00
3.294215e+00 -8.282285e+00 -6.006059e+00 -9.855573e+00
-1.560335e+01 2.102413e+00 -4.059596e+00 -7.202325e+00
-1.518398e+01 6.363842e-01 -1.636373e+01 -9.425039e+00
-1.558222e+01 7.001891e+00 -7.976426e+00 -5.572325e+00
-3.098760e+01 -2.534652e-01 3.675802e+00 -1.899088e+01
8.688209e+00 1.290337e+01 6.792869e+00 -5.303386e+00
1.330203e+01 9.278579e+00 -1.412201e+01 7.706965e+00
3.283455e+00 5.692312e+00 -1.485177e+01 1.676239e+01
1.548869e+01 9.295904e+00 -1.701775e+01 1.175387e+01
-9.429161e+00 7.766977e+00 3.085886e+00 -6.008429e+00
1.651132e+01 1.186835e+01 -8.050435e+00 7.326216e+00
-6.820897e+00 8.406352e+00 -2.735326e+01 3.921280e+00
-8.067842e+00 8.879714e+00 -1.731338e+01 2.349930e+00
-1.403597e+01 -3.101637e+00 -3.716363e+01 1.305718e+01
-3.724940e+00 -1.265368e+01 -6.666000e-01 -1.222045e+01
1.919783e+00 -7.972338e+00 -2.627331e+01 -4.741886e+00
-1.558961e+01 4.171269e+00 -3.408851e+01 1.111771e+01
-1.514701e+01 -2.361227e+01 -2.423393e+01 8.480418e-01
6.352032e+00 1.714860e+01 -4.174437e+00 -2.535388e+00
1.618947e+01 1.724048e+01 -1.815912e+01 1.082804e+00
9.209362e+00 1.632035e+01 -4.402335e+00 -4.582778e+00
5.858076e+00 3.916947e+00 -1.393390e+01 -6.328584e+00
-3.068211e-01 -2.013922e+00 -2.626343e+00 -1.313758e+01
9.599663e-01 1.416368e+01 -3.791331e+00 -5.886158e+00
-1.012641e+01 -2.946382e-01 -2.470018e+01 6.674080e+00
5.118631e+00 2.122816e+00 2.821196e+01 -2.384267e+01
7.233175e+00 -1.120515e+01 -8.058322e+00 -2.392978e+01
6.044948e+00 -8.168496e+00 -1.055560e+01 -2.213307e+01
-2.375739e+00 9.352444e+00 -2.121075e+01 -1.954838e+01
1.439683e+00 1.297675e+00 -3.184349e+00 -2.269829e+01
-1.466193e+01 -4.239432e+00 -4.478541e+00 -1.320976e+01
7.487721e+00 4.012437e+00 -1.158154e+00 -3.017501e+01
1.191064e+01 5.006803e+00 -1.304629e+01 -1.701271e+01
-1.558702e+01 -1.126878e+01 1.272388e+00 -1.184997e+01
-8.620208e+00 -1.752594e+01 1.399391e+01 -2.768453e+01
3.309188e+00 -1.454930e+01 -7.374328e+00 -2.768916e+01
-6.491037e+00 -1.000433e+01 1.101946e+01 -1.273757e+01
-6.746597e+00 -7.311966e+00 3.058390e-01 -7.357630e+00
-4.538429e+00 -8.240151e+00 2.421406e+01 -2.412219e+01
-2.807340e+00 -6.186484e+00 -9.156075e+00 -8.213318e+00
8.296238e+00 -3.328566e+00 -8.441703e+00 -2.468180e+01
-1.326408e+01 -7.672680e+00 -1.760875e+01 -1.547643e+01
-1.355796e+01 -8.061435e+00 -2.431783e+01 -4.252178e+00
-2.325399e+01 -1.268260e+01 -1.619990e+01 -5.654250e+00
4.612040e+00 -2.502153e-01 -3.772242e+01 -1.119372e+01
-3.140578e+01 1.325840e+00 1.304700e+01 -1.909650e+01
-7.894839e+00 -7.671641e-01 -1.191525e+01 -9.703196e+00
-3.608860e+01 1.336828e+01 -2.277089e+01 -1.095225e+00
-3.143641e+01 7.045417e+00 -3.754460e+01 -6.468149e+00
-1.784373e+01 2.552626e+00 9.576913e+00 -1.253841e+01
4.838110e+00 2.126986e+01 -2.867647e+00 -1.452223e+01
-1.730295e+01 1.845970e+01 -5.628584e-01 -1.047532e+01
-5.632816e+00 8.754287e+00 -1.705518e+00 -1.399720e+01
-1.497750e+01 2.670969e+00 2.686718e+01 -2.552689e+01
3.247484e-01 -1.867447e+00 -2.011456e+01 -1.183572e+01
-3.429985e+00 3.190121e+00 8.143093e+00 -1.744620e+01
3.733361e+00 -2.199222e+00 -4.661022e+00 -2.266743e+01
1.876195e+01 2.609201e-01 1.972414e+01 -2.125200e+01
9.713226e+00 1.966575e+00 1.941226e+01 -3.241733e+01
-1.125325e+00 -9.076576e+00 -1.328382e+01 -8.883166e+00
-1.797104e+00 2.438883e+00 -3.836287e+00 -1.665429e+01
4.162545e+00 -3.984431e+00 -1.906417e+00 -1.616263e+01
-1.313575e+01 1.008807e+01 -2.446315e-01 -1.902319e+01
-1.841403e+00 9.242610e+00 1.195114e+01 -2.975403e+01
-9.809313e+00 -2.477358e-01 2.312750e+01 -2.361645e+01
-7.151569e+00 1.156273e+00 2.306829e+01 -2.122572e+01
-3.691885e+00 -7.986844e-02 -8.373536e+00 -1.520454e+01
-6.071872e+00 7.458966e-01 2.030247e+01 -1.594845e+01
-3.157302e+01 1.744637e+01 -5.309852e+00 -7.850910e+00
-1.086142e+01 -9.218125e+00 5.370619e+00 -2.938797e+01
-1.112937e+01 1.622214e+01 2.357294e+01 -1.288090e+01
-1.584251e+00 7.515578e+00 2.402254e+01 -2.053748e+01
1.786190e+00 5.097338e-01 4.319698e+01 -2.349936e+01
-8.929244e+00 -4.220925e+00 -3.493786e+01 -3.294167e+00
6.907663e+00 1.355216e+01 -1.746226e+01 -2.977252e+00
1.660579e+01 -1.372129e+00 -2.083976e+01 -1.015507e+01
-9.671312e+00 -1.016211e+01 -1.605513e+01 -1.134889e+01
1.798721e+00 1.425931e+00 -1.522242e+01 -3.606285e+00
-8.337355e+00 -3.440264e+00 -1.153546e+01 -1.340046e+00
-1.261419e+01 -1.010911e+01 -2.861006e+01 9.521201e+00
-1.303461e+01 -1.232266e+01 -1.235863e+01 6.027108e-01
-1.462893e+01 -1.088063e+01 2.174655e+01 -2.236542e+01
2.832334e+00 -1.140280e+01 1.837307e+01 -3.029141e+01
-1.261308e+01 -8.317123e+00 -1.852280e+01 -5.450146e+00
-3.660191e+00 -4.332005e+00 -4.720047e+00 -2.943515e+00
2.339248e+00 -6.105584e-01 -7.845463e+00 -1.537314e+01
-9.355732e+00 -8.201287e+00 5.126639e+00 -2.523851e+01
-2.163932e+01 -4.423960e+00 1.675731e+01 -2.007566e+01
3.556077e+00 7.205647e-02 -1.633656e+01 4.267056e+00
-7.321472e+01 5.893189e+00 1.373409e+00 -2.378463e+00
8.307028e-01 6.436158e-01 2.565038e-01 -1.623803e+01
1.578661e+01 1.465650e+01 2.283309e+01 -4.091585e+00
8.546302e+00 1.464101e+01 1.417484e+01 -1.240401e+01
-5.758288e+00 8.400774e+00 2.435689e+01 -9.269428e+00
-1.858582e+01 3.898144e+00 2.396533e+01 -2.113946e+01
1.473724e+01 -9.035066e+00 6.419341e+00 -2.721335e+01
5.725256e-01 -1.225433e+01 -1.226873e+01 -2.751108e+01
2.784828e+00 -3.946233e+00 -3.235642e+00 -3.627162e+01
-2.971502e+00 3.044851e+00 -2.868030e+01 -7.777458e+00
1.340591e+01 -2.547691e-01 1.662750e+01 -2.283872e+01
2.181768e+00 1.169857e+01 2.488560e-01 -1.342241e+01
1.860816e+01 1.973906e+01 3.706223e+00 -1.413773e+01
-7.945771e+00 -9.736867e+00 -8.319467e+00 -3.432885e+00
-6.806484e+00 -1.433773e+01 -1.566535e+01 -2.847693e+01
-1.025346e+01 -1.491594e+01 -3.446287e+01 -7.789827e+00
-7.219268e+00 -4.016666e-01 -2.833933e+01 1.494188e-01
-1.075222e+01 -3.091527e+00 -1.429893e+01 -7.355473e+00
-2.708949e+00 1.147552e+01 -1.341194e+01 2.855286e+00
1.991783e+00 1.826299e+00 -7.822888e+00 -1.169773e+01
-3.466960e+01 -6.624864e+00 8.301937e+00 -1.105932e+01
-1.434280e+01 9.427126e+00 -7.572323e+00 -1.013606e+01
1.299986e+00 -6.072511e+00 6.458394e+00 -2.567351e+01
-2.553516e+01 -7.820360e+00 -7.157988e+00 -7.108960e+00
-1.299056e+01 -1.090143e+00 -5.415304e+00 1.123434e+00
3.886716e-01 7.265717e-01 -3.032515e+01 1.775476e+01
1.520812e+01 1.156738e+01 3.317496e+01 -2.055309e+01
-2.702294e+01 8.122917e+00 1.318798e+01 -1.763616e+01
3.244142e+01 1.716228e+01 1.269950e+01 -1.402557e+01
-1.307928e+01 9.169071e+00 -2.056532e-01 -1.515292e+01
-1.724352e+01 1.643438e+00 1.654085e+01 -1.285469e+01
-1.688908e+01 5.653032e+00 1.555261e+01 -7.771626e+00
-3.020975e+01 6.193353e+00 9.923830e+00 -2.980241e+00
-1.184376e+01 -5.471853e+00 9.232738e+00 -3.279415e+01
1.048649e+01 1.866751e+01 -1.529434e+01 6.378707e-01
-1.186310e+01 7.627464e+00 -1.194633e+01 -4.063497e+00
1.010652e+01 -4.076384e+00 -3.561058e+00 -7.120042e+00
-8.036805e+00 -4.956258e+00 2.838677e+01 -3.169822e+01
-5.381291e+00 2.035045e-01 -1.201116e+01 -1.903929e+01
-1.512976e+01 1.207645e+01 -1.788341e+01 -9.944225e-01
-1.636490e+01 -1.431763e+01 9.765295e+00 -2.049302e+01
3.617293e+00 2.475713e+00 1.017890e+01 -3.125161e+01
-3.714482e+00 3.959261e+00 -1.801351e+01 -1.359092e+01
-7.797862e+00 -7.770204e+00 1.311399e+01 -1.771198e+01
-1.482146e+01 7.772232e+00 -9.098957e-01 -6.544266e+00
-2.043538e+01 -2.410875e+00 -7.049811e+00 -2.434070e+00
-6.122703e+00 -9.644749e-01 -1.391337e+01 -8.913403e+00
-4.572755e+00 2.304962e+00 -2.102256e+01 -5.269794e+00
-5.052844e+00 2.319565e-01 -1.256455e+01 -8.219671e+00
-3.470559e+01 4.196685e+00 6.946822e+00 -1.523602e+01
1.104421e+01 1.561027e+01 -1.520103e+01 1.475016e+00
-8.747463e+00 -2.394930e+00 -3.066951e+01 6.887694e+00
-1.721236e+00 1.400464e+00 -1.644185e+01 -4.692609e+00
1.475220e+01 1.593570e+01 -7.474386e+00 3.441675e+00
9.836407e+00 7.463977e+00 1.994288e+01 -2.159078e+01
9.476737e+00 7.601997e+00 -9.349996e+00 -2.184520e+01
-1.408528e+01 -1.558856e+01 -8.969569e+00 -6.567013e+00
1.704201e+00 1.493819e+00 -2.699557e+01 -1.510839e+01
8.716821e+00 1.690729e+00 -1.962369e+01 -2.268980e+01
-1.000432e+01 6.622737e-01 1.591884e+01 -1.583568e+01
4.796590e+00 -7.473680e+00 7.404360e+00 -3.144170e+01
-2.782059e+01 -7.449670e+00 4.741926e+00 -1.065318e+01
-3.215714e+00 5.881860e-01 -2.661188e+01 6.744199e+00
1.655055e+00 1.246333e+01 -6.609920e+00 -6.048936e-01
-4.361616e+00 1.265568e+01 -3.033617e+00 -3.958892e+00
1.126064e+00 5.445842e+00 4.027238e+01 -1.917455e+01
-1.614136e+01 -1.776370e+00 1.094775e+01 -2.143895e+01
-2.176532e+01 1.473458e+00 4.619320e+01 -1.614214e+01
1.963017e+00 9.639499e+00 9.218422e+00 -1.958550e+01
3.235427e+00 -2.128437e+00 2.256762e+01 -1.326141e+01
3.265104e+00 1.729167e+00 1.287021e-01 -9.982019e+00
-1.323190e+01 6.643381e+00 -3.230595e+01 2.226784e+00
9.582116e-01 -2.428719e+00 -8.717900e+00 -6.241417e+00
-1.507130e+01 -5.623543e+00 4.505765e+00 -5.533079e+00
-1.257848e+01 -1.324978e+01 -9.494226e-01 -2.947616e+01
-1.629744e+01 -6.468177e+00 -1.537087e+01 6.981831e+00
-1.439413e+01 -1.253852e+01 3.955649e+01 -2.963021e+01
6.963423e+00 -4.989598e+00 -1.184413e+01 -1.740847e+01
-1.453517e+01 -7.195892e+00 -9.996545e+00 -1.686385e+00
-1.485695e+01 -5.013312e+00 1.720061e+01 -1.982301e+01
-3.738451e+00 -6.469465e+00 3.536838e-01 -1.421372e+01
-1.372626e+01 -6.048682e+00 -6.768820e+00 -6.866544e+00
-5.046824e+00 9.493274e+00 1.639191e+01 -1.035844e+01
-6.571610e+00 -2.750884e+00 -8.680018e+00 5.883386e+00
-3.089051e+00 1.391240e+01 -1.161937e+01 1.688783e+00
4.092374e+00 3.298948e+00 -1.450083e+01 2.216486e-01
-1.975285e+01 3.520960e+00 6.697648e+00 -1.095939e+01
-3.066940e+00 -4.251206e+00 -4.205162e+00 -3.214940e+00
-9.395882e+00 -1.291500e+01 1.400933e+01 -2.469302e+01
3.245481e+00 -1.059996e+01 -1.067780e+01 -1.119911e+01
-6.985322e-01 -6.525725e+00 7.347520e-01 -8.908814e+00
-8.138956e+00 1.059981e+01 3.890995e+00 -2.164227e+01
-1.311806e+01 1.309797e+01 6.380211e+00 -1.715342e-01
-8.074262e+00 9.158593e+00 1.577437e+01 -1.331460e+01
3.793864e-01 -8.125386e+00 1.120115e+01 -1.740511e+01
-3.171455e+01 -8.504579e-01 2.273323e+01 -1.552659e+01
-3.224832e+01 2.232086e+00 6.994987e+00 -1.417751e+01
9.746700e+00 1.007367e+01 3.023695e+01 -1.117137e+01
1.682198e+01 -7.381169e-01 -2.041611e+00 -1.671843e+01
-1.867973e+00 -7.248975e+00 -2.018295e+00 -2.537299e+01
1.678851e+00 -6.480215e-01 -1.900957e+01 -2.362756e+01
3.745904e+00 -5.547415e+00 -6.542485e+00 -2.046508e+01
1.067154e+01 1.514571e+01 -3.020045e+00 -1.566012e+01
1.505174e+01 1.635836e+01 4.082880e+00 -1.694976e+01
1.111249e+01 1.539887e+01 -1.303099e+00 -1.305394e+01
-1.031199e+01 -1.008213e+01 -2.530217e+01 -1.024524e+01
-1.723100e+01 -1.046174e+01 -1.871749e+01 -1.584433e+01
-1.413554e+01 -8.808774e+00 -1.655447e+00 -2.538163e+01
-1.819189e+01 -1.393458e+00 -1.320599e+01 -1.970122e+01
9.843750e+00 1.264214e+01 -1.453067e+01 -2.425213e-01
-3.119268e+01 -3.958873e+00 1.063438e+01 -1.552183e+01
-3.719865e+00 5.179508e-01 -1.327695e+01 -9.568019e+00
-2.532301e+01 -7.967756e+00 -2.184588e+01 6.507897e-01
-7.516237e+00 9.057747e+00 -3.577547e+01 -1.600901e+00
-2.898920e+01 -2.370738e+00 -1.086768e+00 -8.050617e+00
-1.044671e+01 -1.189013e+00 -2.521397e+01 4.396649e+00
2.696164e+00 5.434537e+00 -4.243105e+01 1.789284e+00
-3.277022e+00 -2.418049e+00 -1.058448e+01 1.285751e+00
-1.580269e+01 -1.219422e+01 -2.696504e+01 1.404416e+01
5.712877e+00 8.402465e+00 -3.225191e+01 -3.500185e+00
-1.913120e+00 7.738611e-01 -2.983670e+01 9.866193e-01
-6.376806e+00 8.836061e+00 -2.098311e+01 -1.705546e+00
-3.111098e+00 -4.738342e+00 -3.688551e+01 7.642295e+00
-1.248591e+01 5.446329e+00 -2.195212e+01 -5.126989e+00
-1.761616e+01 7.416724e+00 -1.699710e+01 -2.315082e+01
-8.092706e+00 -3.462811e+00 9.498796e+00 -3.487087e+01
-2.841062e+01 -3.737811e+00 3.054991e+01 -4.099460e+01
-1.050391e+01 -9.361315e-01 1.121966e+01 -3.148485e+01
2.882685e+00 5.991186e+00 -1.322665e+00 -7.475145e+00
-3.635658e+01 1.463192e+01 6.027812e+00 -1.021435e+01
-3.254191e+00 1.087659e-01 1.180372e-01 -1.482875e+00
2.670340e+00 1.730844e+00 -1.163003e+01 -1.262825e+01
7.413097e-01 -5.193484e+00 1.264505e+01 -2.613958e+01
-2.356071e+01 -3.815763e+00 -1.070012e+01 5.007854e+00
-1.279188e+01 -5.275547e+00 -4.231167e+00 -3.491524e+00
-1.259370e+01 2.671178e+00 -3.469345e+00 -8.172884e+00
-8.236644e+00 -1.093878e+00 1.243238e+01 -1.765853e+01
-1.735218e+01 -2.150412e+00 -7.808246e+00 -4.253791e-01
-1.626685e+01 -6.142792e+00 6.745062e+00 -1.467106e+01
-1.880200e+01 -8.136480e+00 -9.231659e+00 -9.252029e+00
-6.929149e+00 2.498500e+00 5.050760e+00 -2.031683e+01
-1.620782e+01 -9.182990e+00 -3.561444e+00 -7.339065e+00
-1.006795e+00 7.133980e+00 -1.931171e+01 -1.568236e+01
-1.216874e+01 -1.820547e+00 -1.273758e+01 -2.530212e+00
3.950334e+00 1.143269e+01 -1.406413e+01 -1.251728e+01
7.355360e+00 -2.809133e+00 1.213741e+01 -2.464919e+01
-3.242533e+00 1.656733e+01 1.693112e+00 -4.583673e+00
-5.281033e+00 2.209362e+01 -4.787524e+00 3.452784e+00
1.998616e+01 1.054132e+01 -1.006787e+01 6.339556e+00
1.277906e+00 6.975073e+00 -7.536970e+00 -5.066843e+00
1.144463e+01 1.926492e+01 -2.033689e+01 1.103877e+01
7.635789e+00 1.237426e+01 1.519088e+01 -8.230149e+00
-5.538268e+00 -5.406481e+00 -1.747154e+01 7.810572e+00
-5.429190e-01 4.957185e-01 9.739871e-01 -1.449530e+01
-9.972411e+00 -4.345375e+00 -2.365365e+01 7.422748e+00
-3.630327e+00 -2.483991e+00 -2.211324e+01 -1.278159e+01
-8.939552e+00 6.111836e+00 -2.161581e+01 -9.327475e+00
8.644782e+00 1.245393e+01 -4.020324e+00 -3.777869e+00
3.875674e+00 1.614130e+01 -2.203022e+01 -3.511751e+00
3.900233e+00 3.124090e+00 -9.791608e-01 -1.964912e+01
2.039414e+00 2.521622e+00 -7.795679e+00 -2.564401e+01
-7.717897e+00 -7.486119e+00 1.784572e+01 -2.726009e+01
1.000988e+01 4.513031e+00 -9.572002e+00 -1.669778e+01
-1.136689e+00 -9.264801e+00 -5.553678e-01 -3.007989e+01
7.480543e+00 -7.614996e+00 1.978225e+01 -3.512057e+01
1.856750e+00 -1.191208e+00 9.003450e+00 -3.098003e+01
-2.036583e+01 -1.342120e+01 -8.204000e+00 -2.289359e+00
-4.469038e+00 -7.025986e+00 -1.307522e+01 -1.409595e+01
-6.882858e+00 -1.113456e+01 -1.069030e+01 -2.826390e+01
-2.669253e+00 -3.557525e+00 -1.342581e+01 -1.964346e+01
-4.603252e+00 2.015785e+00 1.185663e+01 -3.614676e+00
-2.496118e+01 2.549489e+01 -2.679047e+01 -1.438180e+01
-3.423203e+01 1.531010e+01 -1.422409e+01 3.512958e+00
-7.999294e-01 4.286925e+00 1.343051e+01 -2.644503e+01
-4.458114e+01 3.267309e+00 1.888575e+01 -4.209506e+00
1.079932e+01 3.330548e+00 -1.589927e+01 -2.689769e-01
-1.352216e+01 3.059770e+00 -3.691926e+01 7.274545e+00
7.257954e+00 6.429005e+00 -1.858500e+01 -9.440231e+00
2.856856e+00 2.068127e+00 -8.717232e+00 -2.155382e+01
1.199003e+01 8.256393e+00 6.269845e+00 -1.514947e+01
-9.789662e+00 1.090547e+01 4.015373e+00 -1.292058e+01
-1.037683e+00 1.351070e+01 -1.172381e+00 -1.067724e+01
-1.386316e+01 2.277179e+00 -5.056051e+00 -1.225713e+01
8.857964e+00 1.281437e+01 -1.762090e+01 -2.646956e+00
-1.816153e+01 3.023117e+00 -2.590269e+01 -1.659671e+01
-1.625038e+01 5.050071e+00 -1.336260e+01 -1.596247e+01
8.843389e+00 3.265880e+00 2.536722e+00 -1.794670e+01
-9.033121e+00 -4.531486e+00 -1.248982e+01 -1.188323e+01
-1.302187e+01 1.142309e+01 -2.075896e+01 -6.546226e+00
2.944837e+00 5.120826e+00 -3.349927e-01 -1.067420e+01
-1.361860e+01 1.915101e+00 -9.421930e+00 -1.780907e+01
2.167676e+01 1.216051e+01 1.495956e+01 9.145132e-01
-1.496655e+00 2.971130e+00 -4.742075e-01 -2.194357e+00
-1.413838e+01 3.634331e+00 -1.573545e+01 -1.674291e+01
-2.173823e+00 9.169842e-01 -9.519685e+00 2.167936e+00
5.978794e+00 1.012418e+01 -3.788911e+00 -8.759606e+00
-1.309982e+01 2.959844e+00 -8.562614e+00 -5.640821e+00
3.890929e-01 -3.588844e+00 -1.374310e+01 -2.693803e+01
-1.303993e+01 5.576712e+00 1.012304e+00 -5.236738e+00
5.419009e+00 -1.199156e-01 -5.759407e+00 -2.079141e+01
-2.496847e+00 -4.126192e+00 2.975450e+00 -1.528449e+01
-6.675268e+00 3.232839e+00 -2.517910e+00 -1.255030e+01
-7.690917e+00 1.062996e+00 4.926637e+00 -1.465939e+01
-7.929382e+00 4.563658e+00 1.481869e+01 -8.419808e+00
-1.437756e+01 1.738722e+01 8.888781e+00 -1.959981e+00
4.466715e+00 2.442904e-01 -1.007514e+01 -2.220953e+01
-1.001026e+01 3.379479e+00 1.634313e+01 -2.169331e+01
4.807309e+00 4.773798e+00 -2.073145e+01 8.389664e-01
-1.551536e+01 6.333908e+00 4.878839e+00 -1.489575e+01
9.155866e+00 1.202613e+01 1.152099e-01 -1.656506e+01
-1.196402e+01 5.657360e+00 1.435866e+01 -2.206175e+01
5.842864e+00 9.802651e+00 -1.215720e+01 -4.295665e+00
-1.513020e+00 1.019579e+00 4.848669e+00 -1.719380e+01
-1.051409e+01 3.378309e+00 -2.095274e+00 -1.452771e+01
-2.196109e+00 3.890042e+00 -8.694086e+00 -4.761270e+00
9.640496e+00 4.943622e+00 -6.185317e+00 -1.588238e+01
6.187894e+00 1.409197e+00 -1.055597e+01 -9.385317e+00
-1.219959e+01 1.664812e+00 -1.374564e+01 3.782947e+00
2.494644e+00 4.508933e+00 -1.718508e+01 1.703045e+00
-1.464384e+01 -2.965438e+00 -7.476445e+00 -8.237403e+00
4.053829e+00 -2.433937e+00 -1.553340e-02 -1.310107e+01
-2.433673e+01 4.333325e+00 -1.204857e+01 -1.692858e+01
-1.818133e+01 -7.484237e+00 -1.938448e+01 -1.478229e+01
-3.074242e+01 -1.441493e+01 4.957351e-01 -2.031090e+01
-1.616171e+01 -3.223277e+00 -5.213101e+00 -2.987995e+01
-2.119183e+01 -1.197510e+01 -3.564144e+00 -1.315529e+01
-7.324113e+00 -2.292865e+00 -1.743639e+00 -2.647739e+01
-2.983731e+00 2.187755e-02 -1.023760e+01 -2.055402e+01
4.263611e+00 -1.467355e+00 1.811190e+01 -2.884768e+01
-1.262771e+00 -6.823453e-01 -3.532962e+00 -2.033140e+01
6.348907e+00 -8.031040e+00 -2.952668e+00 -3.161724e+01
2.062170e-01 2.662551e+00 6.209836e+00 -2.990096e+01
-3.785943e+01 -1.136090e+01 2.146535e+00 2.621232e+00
-2.019410e+01 -2.578196e+00 1.612296e+00 -1.069962e+01
-1.264097e+01 6.136885e+00 -2.196982e+01 -1.767171e+01
-2.638988e+01 -3.748158e+00 1.124319e+00 -2.462973e-01
-3.272376e+01 7.106333e-01 6.539842e-01 -1.169527e+01
-2.513077e+01 1.983078e+00 -1.851794e+01 -6.956109e+00
-3.887502e+01 -1.249231e+00 2.012766e+01 -1.190005e+01
-3.678308e+01 -5.786055e+00 7.005799e+00 -9.313544e+00
-2.897530e+01 -1.413431e+00 1.277810e+01 -1.232124e+01
-2.097522e+01 -4.192044e+00 1.960058e+01 2.606785e-01
-2.941964e+01 -8.703901e-01 1.176327e+01 -2.291015e+01
-1.870370e+01 3.534067e+00 6.216371e+00 -7.351992e+00
-3.221788e+01 -8.414125e+00 2.351809e+00 -1.201302e+01
-2.892244e+01 3.608038e+00 7.744194e+00 -1.348680e+01
-2.248439e+01 9.285387e+00 -6.819902e+00 -2.590719e+01
-1.779478e+01 2.568463e+00 7.003727e+00 -1.286247e+01
-3.359726e+01 -8.360415e+00 1.627532e+01 -1.940972e+01
-1.920938e+01 1.409216e+01 -5.931726e+00 -9.777857e+00
-1.648781e+01 2.974312e+00 1.744369e+01 -1.293149e+01
-1.792492e+01 1.004901e+01 -1.146889e+01 -4.468579e+00
-5.249951e+00 4.264499e-01 2.041922e+00 -1.094315e+01
-2.341268e+01 7.318186e+00 1.957151e+01 -1.822256e+01
-1.707433e+01 3.892525e+00 5.713002e+00 -1.210287e+01
-4.762348e+00 -9.088805e+00 9.903696e+00 -2.111129e+01
-1.328258e+00 -4.708552e+00 5.221907e+00 -2.638237e+01
-1.032981e+00 7.567494e+00 6.376692e+00 -1.066539e+01
6.350522e+00 -8.758947e+00 6.512136e+00 -2.573459e+01
5.529477e+00 2.483185e+00 -9.652304e+00 -6.106348e+00
-6.780779e+00 -6.842529e+00 -1.717935e+01 -7.656394e+00
5.548091e-01 -9.561094e+00 -2.260456e+01 -9.661711e+00
1.375829e+00 -1.267943e+00 -1.286311e+01 -1.554740e+01
-3.367393e+00 -1.472522e+01 -1.111928e+01 -9.851048e+00
-2.302981e+01 1.648608e+01 -1.174641e+01 -1.382018e+01
-2.298412e+01 6.695991e+00 -1.216398e+01 -5.548151e+00
-4.410273e+00 9.081934e+00 1.738797e+00 -1.377018e+01
8.089468e+00 2.476137e+00 -8.476587e+00 -2.371900e+01
-6.671035e+00 3.077829e+00 -2.159758e+01 -1.588978e+01
-1.237984e+00 -3.775139e-02 -9.985012e+00 -2.420934e+01
-3.908248e+00 4.944882e+00 6.457014e+00 -1.125703e+01
-1.730802e+01 -1.671841e+00 -2.456608e+01 4.972488e+00
1.251290e+00 -9.699586e-01 -3.475020e+01 -1.873196e+01
3.398776e+00 4.542465e+00 -1.108839e+01 -2.653266e+01
-6.016716e+00 -5.243421e+00 -9.785210e+00 -4.087054e+01
-8.467152e+00 -1.935565e+00 -3.180223e+01 -4.717382e+00
-4.463402e+00 1.577467e+00 -3.354080e+01 -9.315559e+00
-2.647389e+01 5.232241e+00 -2.097179e+01 1.630787e+01
-5.656649e+00 9.264893e+00 -2.090506e+01 -3.054106e+00
-2.742546e+01 -1.115997e+00 -1.016428e+01 3.619301e+00
-8.875529e+00 -3.099184e+00 -2.492337e+01 1.695645e+01
-2.886398e+01 7.582778e+00 -2.578134e+01 -8.920344e+00
-1.262884e+01 -1.135477e+01 -3.524443e+01 -1.287165e+01
-2.682627e+00 5.999255e+00 -4.246376e+01 5.030409e+00
-8.171245e+00 9.087333e+00 -1.012707e+01 5.259143e+00
-1.336258e+01 2.583640e+00 -2.473796e+01 1.310174e+01
-5.680739e+00 7.836426e+00 -1.046345e+01 1.076682e+01
-1.029748e+01 -4.965167e-01 -7.764364e+00 -1.344760e+01
-7.820163e+00 1.492864e+01 -2.077261e+01 -5.480287e-01
-1.124523e+01 1.339146e+01 -1.616725e+01 -9.512001e+00
-1.190833e+01 6.970384e-01 -2.413382e+01 9.867684e-01
-7.847899e+00 3.375146e+00 -1.665380e+01 -2.536900e-01
-3.085580e-01 7.586937e+00 -2.559268e+01 8.693592e+00
-1.098418e-01 1.197016e+01 -3.561497e+01 7.960084e+00
-6.890075e+00 -5.918601e-01 1.819416e+01 1.368769e+01
2.543560e-01 8.034724e+00 -3.053600e+01 1.420166e+01
9.548807e-01 9.172238e+00 -4.335313e+00 -7.047912e+00
-3.103729e+00 9.706018e+00 -8.618955e+00 -5.464312e+00
-1.502549e+01 1.184133e+01 -4.112896e+00 -1.107687e+01
-2.089565e+01 7.127193e+00 -2.650743e+01 1.295182e+01
3.691248e+00 2.659066e+01 -1.608897e+00 2.358970e+01
-1.883707e+01 1.617901e+01 -2.427774e+01 1.038577e+00
9.177110e+00 1.962027e+01 -1.568502e+01 2.533232e+00
5.215830e+00 -5.071535e-02 2.213351e+00 -9.186976e+00
-1.883717e+01 1.103516e+01 -1.882821e+01 -5.524566e+00
-4.244556e-01 9.071674e+00 -4.908469e+00 -3.279379e+00
-1.213823e+01 4.191018e+00 -1.584731e+01 -9.466647e+00
6.539337e+00 1.934870e+01 4.171012e+00 1.827526e+00
-2.188979e+00 1.394397e+01 -4.988385e+00 -7.500086e+00
-3.721558e+00 9.964015e+00 -1.728409e+01 -2.346878e-01
4.592421e+00 6.189415e+00 -1.856295e+01 5.628472e+00
-8.921752e+00 7.036513e+00 -2.416349e+01 -3.545520e+00
6.214145e+00 3.582897e+00 -2.228018e+01 -3.739091e+00
-1.109924e+01 -2.902885e+00 -1.731849e+01 7.912735e+00
-1.641979e+00 -4.848563e+00 9.497662e-01 -1.511524e+01
-1.870020e+01 1.357174e+00 -8.586501e+00 -1.149383e+01
-2.059085e+01 9.931224e+00 -1.166280e+01 -1.683815e+00
-1.672937e+01 -4.649936e-01 -2.558045e+01 4.684187e+00
-1.869347e+00 1.723220e+00 -1.303044e+01 9.808591e-01
7.810442e+00 6.671068e+00 -1.651638e+00 -2.206372e+00
-4.596921e+00 -2.893760e+00 -3.229843e+01 -3.935878e+00
-2.047580e+01 2.306986e+00 -4.492739e+00 -1.041946e+01
-2.120151e+00 5.856120e+00 -1.355160e+01 4.240676e+00
-5.847557e+00 -1.352189e+01 -1.355984e+01 -2.891842e+01
-5.258726e+00 -3.359465e+00 -7.451432e+00 -1.643964e+01
1.298454e+00 -1.493314e+01 -9.314840e+00 -2.862195e+01
-5.580173e+00 -4.886068e+00 -1.136625e+01 -7.162702e+00
3.415521e+00 6.697850e+00 -3.847954e-01 -1.863192e+01
-1.064135e+01 -7.055428e+00 -1.526989e+01 -8.872508e+00
1.163820e+00 5.610554e+00 -5.753388e+00 -1.315714e+01
-4.410371e+00 -1.771373e+00 -3.061715e+01 -6.809422e-02
3.409909e+00 5.467091e+00 -1.485023e+01 -8.483106e+00
-6.987831e+00 -1.394739e+00 -1.033676e+01 -7.048583e+00
-9.533766e+00 -1.147561e+01 -7.940217e+00 -6.242283e+00
-2.291159e+01 -4.730981e+00 -8.198884e+00 3.216102e+00
5.538846e+00 8.138227e-01 -1.020870e+01 -1.165347e+01
-2.147894e+01 1.100121e+01 -8.496033e+00 -3.543142e+00
-2.795821e+01 6.810580e+00 1.844461e+01 -1.666286e+01
7.971586e+00 1.324448e+01 -5.387699e+00 -7.049109e+00
1.966985e+01 1.203181e+01 -1.303519e+00 5.647232e+00
1.430165e+01 1.297167e+01 7.191355e+00 5.315354e+00
2.552138e+01 1.385073e+01 4.229826e+00 8.480751e+00
-4.790643e+00 5.071579e+00 -5.158602e+00 8.693765e+00
-1.801558e+00 2.295234e+00 -7.908103e+00 8.362299e+00
2.926358e+00 1.135382e+01 9.470980e+00 -9.895196e+00
-2.375925e+01 8.654109e+00 -1.606041e+01 -1.390751e+01
-9.580883e+00 1.632687e+00 2.536824e+01 -1.689316e+01
-1.004851e+01 8.156930e+00 2.870732e+00 -6.995505e+00
-9.326500e+00 3.538963e+00 -4.882290e+00 -2.110408e+01
-3.614555e+00 3.800056e+00 3.466377e+01 -2.470866e+01
-1.958532e+00 1.811650e+01 -4.015729e-01 1.597267e+00
1.289768e+01 8.369598e+00 2.268816e+01 -1.138559e+01
-9.826021e+00 2.224027e+01 -3.701509e+00 1.335956e+01
-1.043977e+01 1.453842e+01 2.364133e+00 -6.306848e-01
-1.310205e+00 1.950046e+01 -7.699581e+00 9.780901e+00
-2.982095e+01 -9.272582e+00 2.546526e+01 -2.963053e+01
-1.850905e+00 9.640450e+00 -1.479160e+01 3.198664e+00
-5.292389e+00 1.898471e+01 6.876340e+00 -1.351915e+01
-3.031040e+00 1.569667e+01 -1.408573e+01 -6.509690e+00
-1.442742e+01 3.193793e+00 1.395066e+01 -1.463798e+01
-1.390223e+00 5.601809e+00 5.637167e+01 -2.081869e+01
-5.680453e+00 8.152708e+00 7.486706e+00 -6.259651e+00
-6.937626e+01 -6.306487e+00 4.828005e+00 5.067108e+00
-5.324820e+01 2.193962e+00 1.265648e+01 -1.386953e+01
-7.345088e+01 -2.363085e+01 1.025058e+01 -7.442279e+00
-1.525183e+00 1.146240e+01 1.894401e+01 -4.924762e+00
-5.256421e+01 -7.437756e+00 1.709951e+01 5.288496e+00
-2.233200e+01 -1.681079e+01 -2.119801e+01 -5.586330e-01
-4.266870e+01 3.398701e+00 5.414185e+00 -9.331921e-01
-6.409030e+01 -7.416458e+00 1.115279e+00 -4.558767e+00
-3.335264e+01 -2.752727e+00 2.287363e+01 -4.316937e+00
-8.179990e+00 -2.086480e+00 3.102397e+01 -4.663420e+00
-3.873827e+01 -1.683581e+01 3.522450e+01 2.065925e+00
-3.215015e+01 -1.495974e+01 2.360790e+01 5.356888e-01
-4.344114e+01 -1.893104e+01 3.729544e+01 -2.569377e+00
-2.709906e+01 -1.705257e+01 2.280760e+01 1.045994e+00
-5.317226e+01 -1.626839e+01 1.952511e+01 -7.825792e+00
-3.146455e+01 2.803121e+00 -5.759204e-01 -1.331710e+01
-2.122010e+01 8.385576e+00 -1.693364e+01 -4.142295e+00
-7.572130e+00 4.323964e+00 -6.872040e+00 -2.115380e+01
-3.473832e+01 -8.658889e+00 -4.122795e+00 -1.712730e+01
-1.568242e+01 4.112342e+00 -1.080114e+01 -1.940649e+01
-7.080284e+01 -1.444670e+01 2.146379e+01 -3.977995e+00
-7.095053e+01 -2.242960e+01 2.401353e+01 6.657490e+00
-6.334168e+01 -2.447056e+01 4.253847e+01 -5.058007e+00
-4.627848e+01 1.703850e+00 2.531773e+01 7.350173e+00
-5.630160e+01 -5.377364e+00 1.830237e+01 -1.314130e+01
-6.466216e+01 -6.987729e+00 1.062383e+01 -6.233409e+00
-7.287251e+01 -1.416267e+01 7.782047e+00 -1.418230e+01
-6.582831e+01 -5.047599e+00 2.544000e+01 8.452416e+00
-5.370774e+01 3.878570e+00 1.718646e+01 7.543508e+00
-4.942623e+01 2.267900e+00 1.022321e+01 6.251265e+00
-2.301030e+01 5.133783e+00 -1.061690e+01 -1.826237e+01
-4.893370e+01 3.249772e+00 4.087310e+01 -4.086777e+00
-6.393838e+01 6.246759e+00 5.202320e+00 -8.716099e+00
-5.504990e+01 -6.736241e+00 3.193176e+01 -4.691147e+00
1.859047e+01 9.266254e+00 2.347409e+01 -5.785886e-01
-9.991618e+00 6.873850e-01 3.483079e+01 -3.444133e+00
-3.912242e-02 -4.489379e+00 4.666993e+01 -1.332820e+01
-5.875714e+00 3.502584e+00 3.814900e+01 -5.212483e+00
-6.632687e+00 1.469065e+01 1.517715e+01 -9.272652e+00
-2.784390e+01 1.722166e+00 1.191047e+01 -1.929317e+01
-1.074094e+01 1.126657e+01 1.166965e+01 -1.191305e+01
-1.399039e+01 -2.304605e+00 2.030703e+01 -1.462794e+01
1.475434e-01 1.075190e+00 4.035819e+01 -1.851831e+01
-2.693295e+00 -4.543011e-01 -1.369731e+01 -4.448267e+00
-1.604434e+01 -7.081225e+00 6.541969e+00 -2.973269e+01
-3.256034e+01 -1.662156e+01 4.979739e+00 -1.949858e+01
-1.727897e+01 -2.759122e+00 4.161363e+00 -2.245244e+01
-1.820812e+01 -9.601797e+00 -1.895742e+01 -2.179380e+01
-3.856751e+01 -1.435528e+01 9.709645e+00 -2.544809e+01
-2.745111e+01 -8.601173e+00 -1.077650e+01 4.355757e+00
-3.044187e+01 -7.585953e+00 -2.496924e+01 -7.464570e+00
-3.675396e+01 -1.225868e+01 -8.015475e+00 -2.072349e+01
-4.209929e+01 -1.729670e+01 -4.696264e+00 -9.926711e+00
-3.504450e+01 -1.644292e+01 -1.482778e+01 -1.109263e+01
-2.947338e+01 -1.271713e+01 -1.529258e+01 -4.355878e-01
-3.308690e+01 -1.372012e+01 -1.997802e+01 -1.923333e+00
-1.878515e+01 -1.768236e+01 -2.083969e+01 -2.477640e+01
-2.286708e+01 -1.829810e+01 -7.199216e+00 -1.380928e+01
-2.909719e+01 -2.334426e+01 -1.189922e+00 -1.451010e+01
-1.943036e+01 -1.340025e+01 -3.195759e+00 -1.341428e+01
-3.254818e+01 -2.457668e+01 -4.037410e+00 -1.683237e+01
-3.159083e+01 -1.634586e+01 -8.129205e+00 -9.869921e+00
-3.273434e+01 -2.808454e+01 1.006828e+00 -2.714130e+01
2.226928e+00 -4.098239e+00 -1.209932e+01 -2.019777e+01
-3.166075e+01 -1.046282e+01 -1.339240e+01 -3.161105e+01
-9.799779e+00 7.131476e+00 -1.884834e+01 9.615493e+00
-7.245388e+00 3.050483e+00 -1.884458e+01 1.107611e+01
-1.295640e+01 8.797399e-01 -7.787826e+00 -2.326113e+01
-1.018590e+01 8.765819e-03 -2.759125e+01 5.553922e+00
-1.360297e+01 -1.288602e+00 -1.862996e+01 1.159455e+01
-2.039654e+01 -6.936143e+00 2.391019e-01 1.859975e+00
-2.974537e+01 -1.290250e+01 -1.560123e+00 -1.952396e+01
-2.100637e+01 -1.417734e+01 1.421422e+01 -2.464703e+01
-1.429416e+01 -8.171798e+00 5.947880e+00 -1.263769e+01
-3.191226e+01 -2.116032e+01 -1.744049e+01 -2.542341e+01
-2.270289e+01 -9.650781e+00 2.229078e+00 -2.711245e+01
3.402700e+00 1.215210e+01 -4.036852e+01 1.809464e+01
-7.632434e-01 -8.664328e-01 -1.933228e+01 8.659278e+00
-2.627685e+01 -6.946772e+00 -1.603795e+01 -4.904838e+00
-5.424163e+00 3.607254e+00 -2.406974e+01 9.363874e+00
-2.050284e+01 -4.812873e+00 -7.870100e+00 -7.823175e+00
-3.335481e+01 -1.936660e+01 -1.044816e+01 1.648129e+00
-4.985804e+01 -9.333384e+00 1.507854e+00 -7.098981e+00
-3.181113e+01 -1.835940e+01 -1.248916e+01 -1.034067e+01
-2.034307e+01 -3.587890e+00 -2.107496e+01 -1.882014e+01
-2.913352e+01 -7.375073e+00 -5.952250e+00 -1.790149e+01
-2.026028e+01 -3.609206e+00 1.732076e+01 -2.521922e+01
-1.950509e+01 -1.065084e+00 1.345840e+01 -2.133475e+01
-2.277117e+01 2.186614e+00 2.194496e+01 -3.648715e+01
-1.596313e+01 1.097707e+00 -7.077533e+00 -4.890614e+00
-3.573822e+01 -2.191463e+00 3.029464e+01 -1.060799e+01
-1.385259e+01 -1.604977e+01 -4.601871e+00 -3.134795e+01
-1.738917e+01 -1.135157e+01 1.588286e+01 -2.206720e+01
-1.332652e+01 7.211089e+00 -1.541813e+01 6.302403e+00
-2.355553e+01 -7.448097e+00 5.003684e+01 -1.946784e+01
-3.497873e+01 1.241886e+01 4.448553e+00 -1.067771e+01
-5.145116e+01 3.328970e+00 -1.869636e+00 1.207497e+00
-5.374263e+01 1.112570e+01 1.723730e+01 5.141531e+00
-1.064585e+01 -1.528889e+00 -2.349406e+01 1.419247e+01
-1.234313e+01 1.292092e+01 -1.868268e+01 3.407863e+00
-5.461045e+00 6.633879e+00 -1.836476e+01 1.524194e+01
-4.888245e+00 2.334888e+00 -3.249347e+01 1.032027e+01
-2.083726e+01 2.409498e+00 -5.525901e+00 -9.951866e+00
-2.031722e+01 5.126810e+00 -1.419055e+01 6.901859e+00
-2.775704e+01 7.641461e+00 -1.559274e+01 1.168702e+01
-1.774423e+01 -1.289292e+00 -2.954393e+01 1.640871e+01
-1.110314e+00 5.986747e+00 -1.503777e+01 -9.281514e+00
-1.156497e+01 -3.608391e+00 -3.191837e+00 -6.944150e+00
-2.386028e+01 -1.365134e+01 2.075008e+00 -2.635761e+01
-8.785394e+00 -9.493680e+00 -7.515768e+00 -2.561695e+01
-2.711628e+01 -1.670938e+01 -1.058543e+01 -2.289881e+01
-1.539776e+01 -1.885638e+01 -7.914976e+00 -2.221491e+01
-8.157013e+00 -6.333287e+00 -2.269221e+01 -1.660493e+01
-3.064314e+01 -2.591704e+01 5.771708e+00 -3.770886e+01
-2.881802e+01 -2.866634e+01 1.136445e+01 -2.727834e+01
-2.670459e+01 -1.528008e+01 -5.537237e+00 -1.521599e+01
-3.376060e+01 -1.451007e+01 6.112575e+00 -7.566519e+00
-1.878873e+01 -1.596804e+01 5.189650e+00 -1.721118e+01
-2.534377e+01 -1.832149e+01 8.142094e+00 -2.497909e+01
-2.175202e+01 -1.067111e+01 -6.851889e-01 -2.150700e+01
-1.776164e+01 -1.612023e+01 -1.283663e+01 -1.600635e+01
-1.926988e+01 -1.285183e+01 -9.509166e+00 -2.775995e+01
-2.272312e+01 -1.926352e+00 1.760237e+01 -2.943130e+01
-1.225100e+01 -8.645703e+00 -2.793597e+01 5.070551e+00
-1.918093e+01 -4.283428e+00 -1.593989e+01 -8.148898e+00
-1.804505e+01 -1.220218e+01 -1.937922e+01 6.188675e+00
-2.214393e+01 -1.377829e+01 -2.886526e+01 -5.324752e+00
6.222188e+00 -4.056172e+00 -1.732239e+00 -7.901094e+00
-3.114809e+01 -2.240742e+01 4.764456e+00 -2.115501e+01
-2.156498e+01 -6.004996e+00 -1.083895e+01 -1.568854e+01
-3.301890e+01 -2.167977e+01 -9.971744e-01 -1.331209e+01
-4.266773e+01 -1.999285e+01 -1.160223e+01 -2.840589e+01
-1.196223e+01 -8.793139e+00 1.724047e+01 3.587883e+00
-1.023457e+01 5.404229e+00 -3.096643e+01 -1.242491e+01
-3.587995e+00 3.533727e+00 2.080958e+01 -6.434274e+00
-1.966917e+01 -4.199766e+00 1.025333e+01 -2.798283e+01
-2.057335e+01 -8.528242e+00 -7.100394e+00 -1.951744e+01
-8.388226e+00 -1.906194e+00 -6.412642e+00 -2.761277e+01
-3.805967e+01 -1.159082e+01 2.116924e+01 -2.036595e+00
-1.806132e+01 -9.199458e+00 1.664268e+01 -3.215957e+00
-2.858152e+01 -1.826270e+01 3.299929e+01 1.390181e+00
-5.099879e+01 -1.671586e+01 3.115099e+01 -1.563122e+01
-3.238968e+01 -4.814773e+00 2.637763e+01 -3.112902e+00
-5.345126e+01 -2.013958e+01 2.357551e+01 5.458219e+00
-3.841470e+01 -2.151692e+01 2.755235e+01 9.437571e+00
-1.966214e+01 -7.765765e+00 2.251938e+01 -1.151930e+00
-2.605682e+01 -9.610158e+00 3.219342e+01 1.932069e+00
-4.558320e+01 4.744069e+00 5.904413e+00 -1.184799e+01
1.936799e+01 1.197234e+01 2.430861e+01 8.962313e+00
1.747084e+01 5.163095e+00 1.368227e+01 -3.155425e+00
-4.422714e+01 -7.879143e+00 2.497852e+01 -1.417979e+01
-1.790675e+01 6.827628e+00 1.492007e+01 8.355218e+00
-5.130427e+01 -3.905295e+00 2.115204e+01 -2.057801e+01
1.257587e+01 8.580044e+00 2.571667e+01 6.875227e+00
2.292250e+00 6.856807e+00 1.904536e+01 3.141534e-01
-3.130630e+01 -7.771657e+00 -7.770886e+00 -1.437198e+00
-4.708867e+01 -2.254604e+01 -1.487135e+00 -2.185738e+01
-2.760700e+01 -1.519710e+01 -7.841553e+00 -1.590741e+01
-1.376799e+01 -7.393951e+00 -1.547151e+01 -1.327176e+01
-7.667868e+00 -1.070441e+01 -2.882380e+01 -1.207000e+01
-2.931575e+01 -7.824514e+00 -8.735928e-01 -2.400664e+01
1.649524e+00 -2.675758e+00 -9.629416e+00 -7.817893e+00
-6.378896e+00 -2.444059e+00 2.494979e+01 -1.102569e+01
-7.294338e+00 -1.115918e+01 5.208205e+00 -2.188432e+01
-1.263412e+01 5.165206e+00 2.543302e+01 7.828469e+00
1.755892e+00 4.259175e-01 1.586167e+01 -2.005521e+01
-5.652273e+00 -2.038109e+00 2.237137e+01 -1.000501e+01
-4.480896e+00 -1.101378e+01 1.353566e+01 -2.478917e+01
-2.393153e+01 -1.131510e+01 2.769094e+01 2.768119e+00
-3.874867e+01 8.811712e+00 4.681558e+01 -5.476220e+00
-4.479290e+01 -9.815515e+00 3.420979e+01 -1.250059e+01
-3.836292e+01 4.689913e-01 2.386748e+01 6.194097e-01
-1.330991e+01 6.765497e+00 2.160378e+01 4.339391e+00
-3.066490e+01 5.567239e+00 3.873433e+01 -6.009494e+00
-3.982729e+01 7.559898e+00 -2.051169e+00 -8.739604e+00
-3.272439e+01 1.492672e+00 2.683816e+01 -5.981401e+00
-1.851452e+01 1.161903e+01 -2.512892e+01 -3.877077e+00
-6.532868e+00 6.295304e+00 -2.482267e+01 -2.824559e+00
-8.849247e+00 6.314686e+00 -1.862960e+01 -6.191838e+00
-2.605769e+01 1.208334e+01 -8.794935e+00 -1.321158e+01
-2.362261e+01 1.387805e+01 -1.752805e+01 -6.151758e+00
-2.716898e+01 1.637637e+01 -3.393486e+01 -3.858075e+00
-6.902261e+00 2.920778e+00 2.715761e+00 -2.082721e+01
3.448585e-01 -2.755078e+00 1.741327e+01 -3.481193e+00
-1.961418e+01 5.573307e+00 -6.211658e+00 -5.297584e+00
-1.147805e+01 -1.348962e+01 -2.298331e+01 -6.422954e+00
-1.462477e+01 5.133452e+00 7.171833e-01 -4.912011e+00
-2.118701e+01 4.617748e+00 1.444394e+01 -6.809651e+00
-3.457252e+01 -1.282036e+01 1.412999e+01 -2.165361e+01
7.185914e-01 -2.678874e+00 -7.409972e+00 -8.105282e+00
-2.659288e+00 7.366711e+00 -2.737917e+01 1.759489e+00
-3.755840e+01 1.729688e+01 1.548151e+01 1.412709e+01
-1.112724e+01 6.832200e+00 3.713582e+01 -1.383497e+00
-3.716272e+01 1.524958e+01 2.177778e+01 1.201412e+01
-3.311543e+01 1.179140e+01 2.640375e+01 9.362378e+00
-5.452575e+01 -6.784586e+00 3.506882e+01 -1.047748e+01
-4.104890e+01 6.080477e+00 1.817991e+01 -2.694629e+00
-1.130183e+01 4.106913e+00 3.563447e+01 -4.391338e+00
-6.397311e+00 8.743429e-01 -1.178033e+01 -1.372504e+01
-9.718078e+00 -6.057854e+00 -3.470513e+01 3.482547e+00
-1.657504e+01 2.196373e+00 -1.662131e+01 1.893055e+01
-1.236021e+01 -1.275058e+01 -2.474812e+01 1.012156e+01
-1.906240e+01 -2.844990e+00 -3.003263e+01 -3.292027e+00
-3.050697e+01 -1.752746e+01 -1.582805e+01 1.189514e+01
-5.762792e+01 -1.332657e+01 2.054735e+01 -6.474614e+00
-6.706674e+01 -1.125607e+01 6.002624e+00 9.050539e+00
-5.529528e+01 -1.022895e+01 5.732331e+00 -1.253746e+01
-4.195009e+01 -1.970746e+01 2.568840e+01 -5.154348e-02
-2.748764e+01 -4.214942e+00 1.556814e+01 3.810526e+00
-2.316751e+01 -7.142224e+00 2.982197e+01 4.978075e+00
-1.950489e+01 -7.401238e-01 2.482654e+01 -4.003228e-01
-2.242564e+01 2.840281e+00 -1.459249e+01 -6.381948e+00
-2.961213e+01 -2.930383e-01 -5.707559e+00 -2.407001e+01
-5.766165e+01 -8.738137e+00 2.982302e+01 5.190681e+00
-6.697542e+01 -1.674113e+01 3.380109e+01 -5.567331e+00
-5.202988e+01 -8.734057e+00 2.591892e+01 -7.903941e+00
5.885381e-01 2.080081e+01 2.447929e+01 1.240646e+01
-3.679939e+01 1.813637e+01 2.601385e+01 9.462237e+00
-1.757493e+01 8.716867e+00 1.833321e+01 -1.147590e+01
-1.853238e+01 3.739042e-01 3.451211e+01 -1.898456e+01
5.107057e-01 5.220791e+00 3.070856e+01 -6.872322e+00
-1.174578e+01 1.015072e+01 2.291558e+01 -2.099787e+01
-1.943293e+01 1.216611e+01 -1.952761e+01 -1.658448e+00
-4.486633e+01 -7.667194e+00 -1.191620e+00 -2.220151e+01
-2.511104e+01 -1.198448e+01 -1.805257e+01 -1.838928e+01
-1.183684e+01 3.798656e+00 -2.385403e+01 8.332633e+00
-1.451564e+01 -8.450168e+00 -5.022283e+00 -1.224416e+01
-6.860366e+00 -1.322001e+00 -2.778488e+01 -1.099018e+00
-5.676966e+00 -5.945974e+00 -2.323061e+01 4.323587e+00
-3.563347e+01 -1.586631e+01 -4.711747e+00 -1.907527e+01
-3.193941e+01 -1.134449e+01 7.194658e-01 -8.613160e+00
-1.308628e+01 1.845863e+00 -1.776737e+01 8.208236e+00
-1.042232e+01 -2.467535e+00 -1.237181e+01 8.074160e-01
-2.004512e+01 -3.404054e+00 -1.412375e+01 -1.541134e+01
-9.944827e+00 -3.475291e+00 -2.111257e+01 1.517228e+00
-3.138225e+01 -1.242832e+01 -1.570500e+01 -7.440912e+00
-2.088776e+01 -1.041675e+01 -2.611830e+01 1.697753e+00
-3.493903e+01 -1.822895e+01 -3.070382e+00 -1.466449e+01
-4.378594e+01 -1.744569e+01 -1.239074e+01 2.105564e+00
-2.159755e+01 -9.815746e+00 -2.007954e+01 -2.741251e+00
-3.122966e+01 -2.928300e+00 -4.979443e+00 -1.057364e+01
-1.214882e+01 -6.904567e+00 -2.760980e+01 4.537175e+00
-2.733972e+01 -4.205198e+00 -1.082807e+01 -1.399071e+01
-3.523208e+01 -1.236226e+01 3.128431e+01 -2.690325e+01
-7.985341e+00 -1.435756e+01 -3.720353e+00 -2.610426e+01
-2.983750e+01 -6.784435e+00 3.212387e+01 -2.970997e+01
-1.793197e+01 5.513253e+00 2.077947e+01 1.143071e+01
-4.738555e+01 1.563086e+01 -6.469361e+00 1.334575e+01
-2.984099e+01 1.528956e+00 1.565001e+01 -1.063074e+01
-1.301162e+01 9.730603e+00 3.734643e+01 -7.695649e+00
-2.047312e+01 -1.686771e+00 -9.236905e+00 4.462863e+00
-2.569577e+01 -2.578056e+01 6.154585e+00 -3.412998e+01
-1.849405e+01 -1.391442e+01 -3.080233e+00 -1.707733e+01
-3.676390e+01 -3.095691e+01 -5.822311e+00 -1.926295e+01
-8.807922e+00 -1.115804e+01 -6.065767e+00 -1.543285e+01
-2.305746e+01 -2.218231e+01 -5.872526e+00 -2.133911e+01
-6.087431e+00 -1.539384e+01 -1.028409e+01 -1.345965e+01
-5.274969e+00 -5.820474e+00 -2.098078e+01 4.937037e+00
-7.995433e+00 -1.198251e+01 -5.477357e+00 -1.178004e+01
-2.207362e+01 -1.132103e+01 1.403439e-01 -2.861020e+01
-9.096373e+00 -7.281283e+00 -1.582004e+01 -1.172215e+01
-2.887639e+01 -1.583279e+01 2.430462e+00 -2.272726e+01
-3.291997e+01 -1.571509e+01 -7.723486e+00 -2.176533e+01
-5.051560e+01 -1.804272e+01 7.094457e+00 -2.444597e+01
3.267675e+00 -5.712279e+00 1.671574e+01 -8.899886e+00
-3.899575e+00 1.247217e+00 -4.399940e+00 -2.724019e+01
-2.561606e+01 -2.067529e-01 6.056456e+00 -1.721959e+01
-2.490794e+01 8.895812e-01 -7.810500e+00 -8.123554e+00
-4.505310e+01 -1.554079e+01 3.396216e+01 -4.521374e+00
-6.901116e+00 6.551738e-02 3.497224e+01 -3.868642e+00
-4.086293e+01 -2.725755e+01 3.164917e+01 2.745891e+00
-4.621290e+00 -1.621095e-01 2.846480e+01 -3.730776e+00
-2.216633e+01 6.865767e+00 1.599508e+01 1.219362e+00
-2.735347e+01 3.639538e+00 2.974907e+01 1.159505e+01
-7.661007e+00 -1.388893e+00 -4.473496e+00 -1.415988e+01
-1.926709e+01 -2.995575e+00 -5.002632e+00 -1.525840e+01
-1.859345e+01 6.932571e+00 -1.878346e+01 -7.995775e+00
-9.905526e-01 5.259999e+00 -2.365926e+01 1.127385e-01
-6.885769e+00 -1.808730e+00 2.296213e+01 -1.792199e+00
-3.103671e+01 -1.034610e+01 2.437577e+01 -2.203919e+00
-4.057938e+01 4.950185e+00 1.951346e+01 -4.658876e+00
-1.588997e+01 2.087841e+00 2.798602e+01 -2.647537e+00
-9.504897e-01 5.624529e+00 2.524471e+01 -3.182493e+00
-2.475042e+01 1.241955e+01 -1.319786e+01 -1.179926e+01
-1.877657e+01 1.005100e+01 -1.084124e+01 -7.095049e+00
-1.107011e+01 1.169256e+00 -4.067852e+00 -9.500574e+00
2.894038e+00 1.515717e+01 -9.952733e+00 -9.644062e+00
-2.589762e+01 1.222245e+01 2.408431e+01 3.801174e+00
-3.803474e+01 2.168752e+00 3.328957e+01 7.881658e-01
-4.156683e+01 -3.996433e+00 -9.710096e+00 1.135016e-01
-3.140836e+00 4.819318e+00 4.563376e+00 -1.144269e+01
-8.149377e+00 -4.523551e+00 -6.263663e+00 -1.757963e+01
-9.975970e+00 -5.969430e+00 -3.278045e+01 1.142850e+01
-6.180604e+01 -2.302697e+01 2.267996e+00 -1.107242e+01
-4.068362e+01 -2.181570e+01 -6.002339e+00 -9.219925e+00
-3.872640e+01 -1.667965e+01 2.137734e+01 -7.274141e+00
-3.025738e+01 -5.637889e+00 2.776627e+01 1.079685e+00
-8.603404e+00 4.545726e+00 -1.282369e+01 -2.122293e+01
-2.046934e+01 3.269212e+00 -9.591319e+00 -8.466663e+00
-2.409421e+01 2.931310e+00 -6.555285e+00 -5.719433e+00
-1.601419e+01 -8.075782e-02 -1.569250e+01 -2.571152e+01
-2.806147e+01 -5.035660e+00 5.908906e-02 -1.986633e+01
-5.830085e+01 3.899737e+00 2.484849e+01 -2.415730e+00
-5.208331e+01 1.062830e+00 1.698966e+01 7.100617e+00
-2.919110e+01 -3.848534e-01 2.235980e+01 7.762732e+00
-1.468324e+01 7.796138e+00 3.358786e+01 -1.071667e+01
-3.290666e+01 -7.242685e-01 -1.047337e+01 -4.936744e+00
-1.584951e+01 -1.272414e+01 -9.672998e+00 -1.383487e+01
-1.817008e+01 -1.220886e+01 -4.283915e+00 -9.568495e+00
-3.881371e+01 -1.845949e+01 -4.229633e+00 -2.309743e+01
-1.370555e+01 -8.576915e+00 -1.002674e+01 -1.458065e+01
-2.865521e+01 -2.277509e+01 1.016259e+01 -3.255442e+01
-2.475732e+01 -1.466655e+01 1.401338e-01 -2.913080e+01
-5.211668e+01 -1.946953e+01 -1.350149e+00 -7.689151e+00
-3.166320e+01 -1.116220e+01 7.321734e+00 -1.192972e+01
-3.158598e+01 -1.024682e+01 -1.617334e+01 -2.539346e+01
-3.254814e+01 -1.251306e+01 -3.531488e+01 -5.451671e+00
-1.900236e+01 -1.179238e+01 -1.154155e+01 -5.477301e+00
-2.775601e+01 -1.440709e+01 -1.347721e+01 -8.811755e+00
-2.389502e+01 -2.257188e+01 -1.663677e+01 -1.503334e+01
-3.769010e+01 -3.172611e+01 -8.516083e+00 -2.632002e+01
-4.020162e+01 -3.167474e+01 -9.182291e-02 -2.674939e+01
-2.940058e+01 -2.354816e+01 -1.176320e+01 -1.725480e+01
4.197462e+00 -7.542647e+00 -1.092711e+01 -1.452696e+01
-2.052596e+01 -1.249740e+01 -1.205431e+01 -3.193521e+01
-2.818140e+01 -2.803891e+01 1.169450e+01 -2.950296e+01
-3.447926e+01 -1.329307e+01 -1.254657e+01 -1.164847e+01
-3.078405e+01 -1.703385e+01 1.223097e+01 -1.329925e+01
-1.316585e+01 -1.052120e+01 -2.388774e+00 -2.770794e+01
-2.772748e+01 -1.502076e+01 -1.042764e-01 -1.522759e+01
-1.272763e+01 -1.564982e+00 -2.049333e+01 7.824390e+00
-3.406115e+01 -1.302960e+01 -1.281732e+01 2.553333e+00
-1.064507e+01 -8.882144e+00 -2.910360e+01 -2.819934e+00
-1.821833e+01 -4.625229e+00 -2.005140e+01 -1.791412e+00
-2.552176e+01 9.801785e+00 3.445016e+01 -1.072977e+01
3.132851e+00 1.622925e+01 2.297175e+01 1.519078e+00
-5.840109e+00 2.989312e+01 1.880042e+01 7.572033e+00
-3.445016e+01 6.129138e+00 2.045994e+01 5.216715e+00
-4.070626e+01 -1.297832e+01 2.868073e+01 -2.538971e+01
-3.596772e+01 2.877365e+00 2.293327e+01 -1.124657e+01
-1.729822e+01 -3.633300e+00 -2.586566e+01 4.745681e+00
-3.600696e+01 -1.138696e+01 -1.950324e+01 -7.348748e+00
-2.506475e+01 -3.105726e+00 -1.374838e+01 6.376307e+00
-6.949547e+00 6.320091e+00 -2.477574e+01 -1.024215e+01
-1.716601e+01 -1.775270e+01 -7.187429e+00 -3.180501e+01
-7.044218e+00 -4.627179e+00 -1.088683e+01 -1.503336e+01
-2.386281e+01 -6.457224e+00 1.141196e-01 -1.905038e+01
-3.746120e+01 -2.923843e+01 2.712236e+01 -3.109662e+01
-2.260031e+01 -3.093772e+01 3.998208e+00 -2.245695e+01
-2.549827e+01 -5.673064e+00 1.241038e+00 -1.489614e+01
-9.165248e+00 -9.200272e+00 -4.554514e+00 -1.187323e+01
-1.778981e+01 8.775778e-01 -1.025193e+01 -1.030412e+01
-2.484414e+01 -2.084382e+01 1.755814e+01 -2.953982e+01
-2.537042e+01 -1.242333e+01 -1.423170e+01 -1.876749e+01
-1.371027e+01 -3.271043e+00 -3.375365e+00 -1.925932e+01
-1.919544e+01 -1.276328e+01 8.528788e+00 -1.483635e+01
-2.026600e+01 -2.770193e+00 -5.172428e+00 -2.175864e+01
-5.501524e-01 9.856722e+00 2.727796e+01 4.320734e+00
-4.097242e+01 -8.979562e+00 2.905900e+01 -6.223579e+00
2.262234e+01 -9.877176e+00 2.987198e+01 -1.275920e+01
-2.863220e+01 -1.828626e+01 2.952535e+01 -2.309709e+00
-2.946269e+01 3.135834e+00 2.704528e+01 2.294577e+00
-5.337978e+01 -3.693117e+00 2.436654e+01 -6.536140e+00
-3.365270e+01 1.984405e+00 3.291067e+00 -1.488989e+01
-2.708538e+00 1.807295e+00 1.330145e+01 -8.929082e+00
-9.957146e+00 -5.880855e+00 2.114254e+01 -6.742942e+00
-2.796983e+00 8.191030e+00 2.461384e+01 -2.103416e+01
-4.594612e+01 1.314571e+00 3.299498e+00 -6.898228e+00
-5.355511e+01 5.695958e-01 1.286425e+01 -1.552817e+01
-3.935547e+01 6.217710e-01 2.286023e+01 -8.679695e+00
-3.226451e+01 -1.501231e+01 3.452240e+01 -2.795585e+01
-1.749044e+01 6.885791e+00 -3.776995e+00 -3.703032e+00
3.484566e+00 7.689785e+00 -1.638995e+00 -1.239193e+01
-1.781993e+01 -1.148976e+01 -1.604299e+01 -3.768750e+00
-8.101070e-02 -1.024905e+01 -1.210345e+01 -1.447647e+01
-4.857880e+01 -1.670275e+00 1.936655e+01 1.534819e+00
-5.012483e+01 -5.368019e+00 1.683973e+01 -1.691772e+00
-1.023870e+01 2.629926e+00 -1.052110e+01 -1.288451e+01
-1.817442e+00 4.558783e+00 -1.588998e+01 -7.094053e+00
-5.643878e+00 -4.638474e+00 -1.871012e+01 2.258886e+00
-2.156475e+01 -3.916687e+00 -2.474480e+01 -6.751108e+00
-3.010658e+01 -1.333786e+01 -1.697315e+01 4.819191e+00
-3.436139e+01 -3.858323e+01 1.308814e+01 -2.585171e+01
6.372033e+00 1.263126e+01 -1.945432e+01 -4.041908e+00
9.258210e-01 4.603997e+00 -5.172613e+00 -1.605887e+01
-1.136049e+01 1.097850e+01 -1.135237e+01 1.459981e+00
1.652992e+00 -7.080967e+00 1.360585e+00 -2.225940e+01
-1.653039e+01 -4.283075e-01 -8.460953e+00 -1.323569e+01
1.314086e+01 3.271016e+00 3.181390e+01 -1.354635e+01
1.761799e+00 4.141151e+00 -9.126964e+00 -1.213565e+01
-2.141528e+01 -6.361642e+00 -2.282286e+00 -6.987684e+00
6.420604e+00 6.800421e+00 -1.208233e+01 -6.491342e+00
-1.025614e+01 1.288811e+01 -1.580068e+01 8.534193e+00
1.003955e+01 -1.076688e+01 -8.895082e+00 8.376146e+00
-4.534366e+01 -1.514094e+00 -1.163190e+00 -2.145156e+01
-1.235632e+01 1.335668e+00 -2.194744e+01 -6.756681e+00
-1.704892e+01 8.370234e-01 3.106599e+00 -1.277421e+01
-1.216981e+01 5.728134e-01 -7.754282e+00 -1.713676e+01
-1.630169e+01 8.842092e+00 -1.404923e+01 -1.795204e+01
-2.605622e+01 -3.626003e+00 -5.305872e+00 -4.396067e-01
2.236192e+00 5.441782e+00 -1.590177e+01 -6.861620e+00
-2.538567e+01 -8.015470e+00 8.421190e+00 -2.692967e+01
-1.560642e+01 -9.383999e+00 8.628734e+00 -1.908626e+01
-1.974972e+01 -1.659136e+01 7.617720e+00 -2.161033e+01
-1.711140e+01 1.865761e+00 -3.213031e+00 -1.396029e+01
-3.719650e+01 -2.720524e+01 2.943642e+00 -2.104149e+01
-3.521965e+01 -2.290519e+01 1.080346e+01 -2.769154e+01
-1.877848e+01 -1.148728e+01 1.994630e+01 5.038762e+00
-4.523414e+00 -2.250923e+00 2.832852e+01 -2.538792e+00
-1.871390e+00 -7.163379e+00 -3.752229e+01 4.688625e+00
-1.254036e+01 5.729709e+00 -2.158516e+01 1.491737e+01
-1.873084e+01 -1.271273e+01 1.702172e+00 -5.729801e+00
-2.008331e+01 -1.530790e+00 -1.410177e+01 -5.872253e+00
-2.496670e+01 4.562497e+00 2.367952e+01 7.349203e+00
1.956816e+00 2.810295e-02 2.742642e+01 -3.659858e+00
-1.819531e+01 -9.660534e+00 2.410316e+01 1.043857e+01
1.077984e+00 4.747236e+00 3.022798e+01 -1.873369e-01
-4.801620e+01 -7.261091e+00 1.905105e+01 -5.281980e-01
-5.593771e+01 -9.906994e+00 2.915563e-01 -8.273012e+00
-3.064420e+01 -1.031468e+01 2.595091e+01 3.606532e+00
-1.683654e+01 -5.141719e+00 -5.537884e+00 -1.467453e+01
-1.897475e+01 -1.169341e+01 8.949495e-01 -7.604605e+00
-2.677802e+01 -1.340264e+01 -2.966914e+00 -1.266669e-01
-3.507009e+01 -2.503710e+01 2.116005e+00 -7.071273e+00
-3.472025e+01 -2.082460e+01 -3.921938e+00 -1.927255e+01
-2.409849e+01 2.408606e+00 -8.528438e+00 -1.760450e+01
-1.839877e+01 -8.185030e+00 -1.866352e+01 -2.303291e+01
-3.101433e+01 -2.156399e+01 1.118476e+01 -2.209142e+01
-3.223424e+01 -4.030981e+00 8.878055e+00 -2.681868e+01
-3.980306e+01 -2.614972e+01 2.405145e+00 -1.332273e+01
-2.875442e+01 -8.474707e+00 -3.805351e+00 -1.787908e+01
-2.808402e+01 -1.143478e+00 9.349350e+00 -1.043714e+01
-3.098892e+01 -9.651970e+00 -7.473650e+00 -1.910487e+01
-3.243147e+01 -1.643390e+01 -1.758910e+01 -9.201251e-01
-3.877151e+01 -1.225265e+01 -4.337124e+00 -1.001933e+01
-2.373050e+01 -1.372181e+01 -2.871555e+01 6.991149e+00
-3.933192e+01 -1.900210e+01 1.498625e+01 -1.101127e+01
-4.356256e+01 3.494893e+00 -1.184296e+01 -1.970305e+01
-4.399160e+01 -9.536746e+00 -9.546859e+00 -4.340921e+00
-3.725603e+01 -2.949997e+00 -8.571605e+00 -1.900088e+01
-1.950145e+01 -3.646515e+00 -1.573664e+01 -1.420293e+01
-4.705699e+01 -2.230111e+01 -1.183518e+01 -9.279656e+00
-4.366494e+01 -2.108324e+01 -2.019301e+01 -3.329948e+00
-2.728445e+01 8.374705e-01 -1.392175e+01 7.560744e-01
-2.644567e+01 -1.605307e+01 -2.429388e+01 -1.417993e+01
-3.760045e+01 -8.835843e+00 1.792283e+00 -1.975029e+01
-6.251896e+01 -6.590877e+00 5.099947e+00 -9.780378e+00
-5.175322e+01 -1.054243e+01 4.089082e+00 -3.342520e+00
-5.289921e+01 5.021267e+00 3.565089e+00 -3.181380e+00
-6.451898e+01 -1.410480e+01 9.457544e+00 1.566736e+00
-7.145968e+01 1.241149e+00 2.003359e+01 5.159568e+00
-4.701032e+01 -8.754333e+00 1.153678e+01 5.738445e-01
-5.061111e+01 1.730361e+00 1.019348e+01 1.842359e+00
-4.903492e+01 -1.217686e+01 1.665890e+01 5.423619e+00
-5.490862e+01 -5.402708e+00 1.340434e+01 -1.351262e-01
-5.606656e+01 -1.618957e+01 2.243816e+01 -5.584463e+00
-5.783590e+01 -1.121995e+01 8.623689e+00 2.911342e+00
-5.818992e+01 -1.045200e+01 1.261554e+01 -1.541984e+00
-5.581741e+01 6.463068e-01 2.495077e+01 1.327661e+01
-2.525543e+01 3.453977e-01 -2.201591e+01 -2.655652e+00
-4.819522e+01 -1.646612e+00 4.504226e+00 -1.888550e+01
-3.164655e+01 -1.533744e+00 -1.046963e+01 -8.483014e+00
-4.217399e+01 -8.886169e+00 -1.912305e+01 -1.098609e+01
-2.419865e+01 -5.231968e+00 -2.987271e+00 -7.627136e+00
-2.902547e+01 -7.390257e+00 -1.376207e+01 -1.166245e+01
-4.150221e+01 -6.838298e-01 -3.716585e+00 -7.860583e+00
-3.586964e+01 -2.695174e+01 -2.441285e+00 -2.957185e+01
-4.430607e+01 -6.719172e+00 8.773782e+00 -1.385355e+01
-2.158088e+01 -1.997361e+00 -9.679745e+00 1.109068e-01
-3.805022e+01 4.481835e+00 -1.422186e+01 -1.651367e+01
-2.541703e+01 9.514482e+00 -1.489726e+01 -4.187832e+00
-2.470748e+01 -2.057133e+00 -1.631747e+01 -9.058544e+00
-4.438325e+00 -3.970221e+00 -2.189116e+01 1.908417e+01
-1.704474e+01 -9.486519e+00 -1.990504e+01 8.714295e-01
-1.051017e+01 -1.569399e+00 -2.654774e+01 1.082738e+01
-5.525632e+00 -2.323454e+00 -2.455717e+01 9.823185e+00
-2.850634e+01 -1.242537e+01 -1.572679e+01 7.093609e+00
-1.983392e+01 -2.878175e+00 -2.988329e+01 1.015239e+01
-9.292241e+00 2.173878e+00 -1.123143e+01 1.694628e+01
-5.216923e+00 -4.558087e+00 -3.010761e+01 1.986573e+01
-3.468766e+01 -1.388112e+01 -1.840847e+01 7.208534e+00
-8.665122e+00 -4.995697e+00 -2.837208e+01 -1.669859e-02
-1.808301e+01 -6.444621e+00 -1.350037e+01 3.889368e+00
-2.090373e+00 -2.360842e+01 -9.046947e+00 -5.918807e+00
-1.065444e+01 -7.064442e+00 -2.463926e+01 -1.603308e+00
1.227945e+00 -3.695703e-01 1.944454e+01 -4.034430e+01
-1.586996e+00 -1.306886e+01 -3.141605e+00 9.337859e+00
-9.187468e-01 -1.651257e+01 -1.735900e+01 -1.197152e+01
-1.107217e+01 -2.185188e+01 2.025637e+01 -1.331537e+01
-5.528294e+00 -1.001684e+01 6.776718e+00 9.892523e-03
-1.488224e+01 -1.541445e+01 2.407928e+01 -1.836806e+01
-1.652827e+01 -1.386423e+01 -1.049714e+01 5.574248e+00
2.470106e-01 -1.144556e+01 -2.017381e+01 5.163229e+00
2.237242e-01 -1.987118e+01 6.979860e-01 -4.440562e+00
-7.744231e+00 -5.607511e+00 -4.954254e+00 -5.731629e+00
-2.136728e+00 3.183947e+00 -1.506964e+01 -1.751462e+01
-1.820634e+01 -4.170933e+00 7.378235e+00 3.217259e+00
2.365975e+01 -1.606677e+00 -1.238593e+01 4.626244e+00
-2.536638e+01 -1.585941e+01 -1.630228e+01 -6.477272e+00
-4.425923e+00 -1.665531e+00 -1.330654e+01 8.668727e+00
-3.664560e+01 -2.429876e+01 -8.215223e+00 -7.090660e+00
-1.216521e+01 -1.054556e+01 -2.944530e+01 -7.699842e+00
-2.047842e+01 -1.708626e+01 -1.483923e+01 -3.754042e+00
-6.781676e+00 2.182436e+00 -2.751332e+01 -1.337297e+01
-1.663402e+01 -5.866048e+00 -1.669736e+01 -7.869061e+00
-2.969324e+01 -1.826841e+01 3.945624e-01 -1.003744e+01
-1.260539e+01 -3.739958e-02 -2.487940e+01 -1.254021e+01
-1.413377e+01 -7.340112e+00 -2.418730e+01 -4.568294e+00
-1.972656e+01 -1.867714e+01 -8.436435e+00 -2.056174e+01
-7.013375e+00 -6.173790e-01 -2.152367e+01 -7.120356e-01
-1.295993e+01 -1.404618e+01 -1.979470e+00 -1.329203e+01
-1.765205e+01 -1.804925e+01 -3.085555e+01 -2.219547e-02
-1.352242e+01 1.318671e+00 -2.301277e+01 -1.367885e+01
-2.042561e+00 -3.182128e+00 -3.150049e+01 -1.487670e+01
-2.049125e+01 -2.179136e+01 -1.148544e+01 -1.708262e+01
-1.917140e+01 -9.862126e+00 -1.454498e+01 -2.080235e+01
-2.373381e+01 -1.533787e+01 -2.170538e+01 -1.441068e+01
-2.455933e+01 5.349309e+00 -1.286922e+01 1.347474e+01
-1.917460e+01 -7.034706e+00 -1.706559e+01 -1.412744e+01
-1.887917e+01 -6.479563e+00 -2.458495e+01 -5.394691e+00
-2.009509e+01 5.068270e-02 -8.461425e+00 -1.378147e+01
-5.204200e+00 -1.086144e+01 -1.903368e+01 -6.054540e+00
-2.580203e+01 1.501385e+00 -8.861390e-01 -1.527114e+01
-1.234006e+01 8.109859e+00 -1.732960e+01 6.020172e+00
-5.373705e+00 9.689452e+00 -1.239898e+01 -1.965882e+00
-6.037659e+00 9.161696e+00 -3.376742e+01 5.379238e+00
-4.124010e+00 1.784163e+00 -3.169821e+01 -3.167780e+00
-6.914051e+00 -3.264290e+00 -1.694784e+01 1.552257e+00
-3.056103e+00 -1.340447e+00 -3.057436e+01 8.443695e-01
-1.308645e+01 5.631918e-01 -3.635228e+01 1.545988e+01
3.896655e+00 -5.657256e+00 -4.280980e+01 8.281541e+00
-1.385214e+01 -2.710455e-01 -1.514874e+01 -2.094273e+00
-1.700385e+00 9.365972e+00 -4.135983e+01 1.427135e+01
-1.037383e+01 -3.498634e+00 -1.782504e+01 -7.459144e+00
-4.285284e+00 1.185223e+01 1.306604e+01 -1.062900e+01
-8.509139e+00 -6.775721e+00 -5.823805e+00 -1.646925e+00
-3.776599e+01 -2.941703e+00 1.861203e+01 -1.394303e+01
-3.300690e+01 1.827746e+01 2.529472e+01 5.945766e-01
-3.877077e+01 1.762252e+01 8.856218e+00 5.652175e+00
-6.496566e+01 8.177620e+00 1.156110e+01 3.659194e+00
-2.763828e+01 -4.353139e+00 2.792629e+01 7.703298e+00
2.494254e+00 6.471296e-01 5.159068e+01 -7.699022e+00
-3.307140e+01 -6.043713e+00 3.438224e+01 4.912180e+00
-1.109630e+01 1.187409e+01 -3.028052e+01 9.791610e+00
-2.145646e+01 -5.265276e+00 4.905632e+01 -4.885911e+00
-1.529663e+01 1.624629e+01 -2.279610e+01 -6.565877e+00
-1.430614e+01 -2.755667e+00 1.992416e+01 -6.475471e+00
1.079279e+01 7.256391e+00 5.051922e+01 -2.100088e+01
5.014676e+00 3.795041e+00 4.240984e+01 -8.429422e+00
-2.087359e+01 -1.221150e+00 -1.614305e+01 -3.797287e+00
-2.383547e+01 -7.979738e+00 -9.040686e+00 -1.589508e+01
-1.220651e+01 3.119086e+00 -1.436029e+01 1.239467e+00
-2.014973e+01 -6.130994e+00 7.482995e-02 -1.675054e+01
-1.056622e+01 -7.307731e+00 -1.163172e+00 -7.983319e+00
-1.499906e+01 -3.469020e+00 -1.407449e+01 -2.275537e+00
-1.987460e+01 -1.648243e+01 -8.327483e-01 -1.760127e+01
-1.629148e+01 -1.650682e+00 -1.935825e+01 -1.942310e+01
-2.498327e+01 -1.180589e+01 1.034064e+01 -2.634931e+01
-3.085453e+01 -1.592591e+01 1.137799e+01 -2.506282e+01
-2.640699e+01 6.036760e+00 1.197931e+01 -9.347032e+00
-2.800189e+01 -8.746916e+00 9.274730e+00 -1.407341e+01
-4.934127e+01 -2.196789e+01 2.036914e+01 -2.805214e+01
