-2.148114e+00 3.159950e+01
2.335848e+01 2.647682e+00
2.085495e+01 -2.045147e+01
2.340944e+01 2.141250e+01
2.796455e+01 4.883141e+00
2.654929e+01 -2.002379e+00
2.826185e+01 1.890347e+01
-2.963792e+00 7.638756e+00
1.726050e+01 3.561175e+00
1.801823e+01 -3.957742e+00
3.359678e+01 -2.220429e+01
3.955691e+01 -4.011264e+01
2.798300e+01 -9.000545e+00
3.329068e+01 -3.289465e+01
2.658067e+01 -1.636828e+01
2.877497e+01 -1.954096e+01
4.735021e+01 -2.040008e+01
3.324792e+01 -5.636831e+00
1.686180e+01 1.672647e+01
3.022317e+01 2.992419e+00
3.071461e+01 5.996556e+00
3.253770e+01 2.222560e+00
3.064181e+01 1.777293e+01
3.442884e+01 -7.018459e+01
3.692036e+01 -8.292743e+01
4.280245e+01 -3.399005e+01
3.465832e+01 -3.399873e+01
3.895367e+01 -3.105596e+01
2.293232e+01 -3.064099e+01
5.141141e+01 -5.452567e+01
3.542700e+01 -4.084979e+01
5.139585e+01 -1.205313e+01
3.054474e+01 -3.898505e+00
4.525469e+01 -2.385507e+01
3.241415e+01 2.137270e+00
4.347355e+01 -2.746655e+01
3.248990e+01 -5.077196e+01
1.247056e+01 -3.871477e+01
4.988565e+01 -1.761585e+01
4.538098e+01 -4.844188e+01
5.506888e+01 -1.199788e+01
3.196854e+00 -4.379943e+01
3.262830e+01 -1.778871e+01
3.531781e+01 -1.360487e+01
5.360019e+01 -1.837822e+01
1.405780e+01 -1.883432e+01
3.625839e+01 -2.978113e+01
5.747898e+01 -2.697211e+00
5.109095e+01 -2.972035e+01
8.072887e+01 -2.194839e+01
4.936478e+01 -1.041499e+01
4.843354e+01 -9.898215e+01
4.920172e+01 -7.113352e+01
7.622832e+01 -3.040550e+01
4.469739e+01 -7.969164e+01
4.195442e+01 -8.206701e+01
7.535053e+01 -6.173288e+01
5.308031e+01 -7.486996e+00
7.060685e+01 -3.177621e+01
5.039293e+01 -2.040753e+01
5.976045e+01 -2.038851e+01
4.575138e+01 -2.850213e+01
5.647334e+01 -1.345853e+01
6.056926e+01 -3.528922e+01
5.369233e+01 -4.498190e+00
8.039553e+01 -3.767868e+01
5.559467e+01 -5.080323e+01
7.057999e+01 -4.715444e+01
7.301064e+01 -1.352820e+01
6.822185e+01 -2.784322e+01
7.984367e+01 -4.005685e+01
8.236411e+01 -2.310264e+01
6.506861e+01 -2.561496e+01
6.498869e+01 -9.966921e+00
6.026833e+01 -3.828733e+01
4.359285e+01 -7.820941e+00
6.996837e+01 -4.398908e+01
3.579373e+01 -3.891569e+01
5.323895e+01 -3.810238e+01
4.945646e+01 -6.602054e+01
2.755246e+01 -3.335928e+01
3.692551e+01 -4.944136e+01
3.151862e+01 -5.046030e+01
7.185301e+01 -6.879625e+01
5.433309e+01 -1.083670e+01
6.156322e+01 -3.424924e+01
6.217691e+01 -4.939753e+01
6.176869e+01 -4.546310e+01
6.558171e+01 -3.306616e+01
4.974587e+01 -7.732280e+00
5.738833e+01 -3.478966e+01
4.737429e+01 -4.775563e+01
5.184816e+01 -3.282648e+01
1.720678e+01 -3.167137e+01
4.059758e+01 -5.910570e+00
5.061842e+01 -1.889922e+01
5.353214e+01 -3.221483e+01
4.991221e+01 -5.024465e+01
2.653187e+01 -1.471184e+01
6.059163e+01 -3.071335e+01
1.463647e+01 -8.419697e+01
1.633437e+01 -4.107912e+01
2.749171e+01 -3.868220e+01
3.599725e+01 -4.897815e+01
2.727108e+01 -3.953915e+01
4.673873e+01 -1.421934e+01
1.371792e+01 -7.474474e+01
1.879094e+01 -5.546687e+01
3.756720e+01 -6.072584e+00
2.078788e+01 -3.209193e+00
6.872195e+01 -6.527374e+01
5.601466e+01 -3.550280e+01
5.653819e+01 -4.375885e+01
4.506819e+01 -2.997835e+01
6.095527e+01 -3.610163e+01
3.731794e+01 -1.848006e+01
8.504796e+01 -3.790355e+01
5.462859e+01 -3.279274e+01
5.348398e+01 -1.919928e+01
4.564503e+01 -2.437318e+01
6.519381e+01 -4.331137e+01
6.467575e+01 -2.049969e+01
4.326895e+01 -7.795443e-01
7.516345e+01 -5.267529e+01
7.156531e+01 -2.904664e+01
5.612211e+01 -4.907712e+00
6.434969e+01 -3.074441e+01
7.147625e+01 -3.332027e+01
5.641335e+01 -1.230497e+01
6.348957e+01 -2.930140e+01
6.186511e+01 -2.882330e+01
2.510148e+01 -1.469388e+01
6.919478e+01 -1.161054e+01
5.697989e+01 -1.517157e+01
5.985955e+01 -6.777172e+00
4.355069e+01 3.743116e+00
6.027061e+01 -4.913449e+01
2.990459e+01 -7.136955e+01
3.762580e+01 -5.922484e+01
1.063692e+01 -6.439571e+01
6.537456e+01 -3.472387e+01
1.737305e+01 -6.396074e+01
6.961939e+01 -5.517459e+01
5.726597e+01 -4.123592e+01
7.508730e+01 -5.724934e+01
3.584162e+01 -4.322719e+01
5.080417e+01 -5.293164e+01
6.764224e+01 -4.921249e+01
3.760375e+01 -5.529021e+01
-7.784617e+00 -2.118872e+01
2.997916e+01 -5.850677e+01
1.860364e+01 -4.743275e+01
2.905680e+01 -3.673835e+01
7.025641e+01 -3.448697e+01
4.457723e+01 -5.518634e+01
8.338538e+01 -4.727814e+01
2.612224e+01 -3.539166e+01
4.679165e+01 -1.560083e+01
5.230488e+01 -3.051211e+01
6.539127e+01 -1.296416e+01
4.762239e+01 -1.307917e+01
4.769870e+01 -7.447469e+00
5.500439e+01 -2.901379e+00
6.483133e+01 -4.407584e+01
2.916920e+01 -1.683363e+01
3.202596e+01 -2.301944e+01
5.314194e+01 -2.201847e+01
3.331795e+01 -5.815342e-01
2.132068e+01 1.095881e+01
1.503247e+01 6.808520e-01
3.208021e+01 -4.917143e+00
4.700799e+01 -1.565570e+01
6.267678e+01 -2.545539e+01
4.510712e+01 -7.644396e+00
6.477749e+01 -2.528810e+01
6.165978e+01 -4.574043e+01
5.771467e+01 9.474575e+00
5.831675e+01 -2.560910e+01
8.111642e+01 -8.059681e+01
6.392929e+01 -3.459219e+01
5.441678e+01 -1.044961e+01
4.773342e+01 -6.747016e+01
6.923395e+01 -3.353018e+01
5.531824e+01 -4.999632e+01
4.584802e+01 -9.142060e+00
4.433882e+01 -5.350765e+01
4.847522e+01 -2.129205e+01
5.621590e+01 -3.683569e+01
1.607560e+01 -7.243945e+01
5.716762e+01 -1.733117e+01
5.743457e+01 -2.642357e+01
2.430096e+01 -3.966971e+01
2.494241e+01 -2.733251e+01
7.893974e+01 -3.292592e+01
4.456901e+01 5.454686e+00
3.274530e+01 -1.334153e+01
2.859665e+01 -2.290911e+01
3.985493e+01 -3.766340e+01
2.769963e+01 8.667512e+00
6.420834e+01 -2.773416e+01
3.083072e+01 -4.216678e+00
3.804732e+01 -3.987839e+01
3.310337e+01 -4.362233e-01
1.505305e+01 -2.963742e+01
5.572712e+01 -4.188391e+01
7.186571e+01 -4.736425e+01
8.449271e+01 -8.380926e+01
7.173370e+01 -5.614388e+01
6.303101e+01 -4.738600e+01
3.886465e+01 -3.301168e+01
2.526985e+01 -4.116784e+01
3.994301e+01 -3.098563e+01
2.635244e+01 -2.097322e+01
4.811742e+01 -3.372267e+01
5.538224e+01 -4.340300e+01
4.623104e+01 -1.664494e+01
7.154363e+01 -4.271419e+01
4.078147e+01 -1.961289e+01
3.808448e+01 -2.746480e+00
4.474285e+01 -6.611538e+01
6.091555e+01 -3.051297e+01
2.467249e+01 -3.220952e+01
2.102556e+01 -2.857206e+01
3.345190e+01 -8.599236e+00
2.665515e+01 -1.259274e+01
4.229734e+01 -5.112788e+00
4.653077e+01 -2.733189e+01
6.348424e+01 -4.369012e+01
5.656773e+01 -1.337266e+01
8.493913e+01 -3.930630e+01
4.462309e+01 -5.868219e+01
5.700095e+01 -4.691418e+01
5.920438e+01 -7.497878e+01
2.920307e+01 4.961329e+00
3.908185e+01 -4.554785e+01
5.414654e+01 -4.870346e+01
5.862168e+01 -3.056274e+01
8.172111e+01 -3.160064e+01
3.368739e+01 -4.787354e+01
5.953102e+01 -3.902431e+01
6.260939e+01 1.097370e+01
3.970873e+01 -1.511265e+00
4.555203e+01 -2.856846e+01
5.599893e+01 -2.943142e+01
4.772631e+01 -1.703205e+01
4.083608e+01 -1.848459e+01
3.102281e+01 -1.626278e+01
6.536911e+01 -3.747457e+01
3.093184e+01 -2.647221e+01
6.046335e+01 6.538065e+00
3.995560e+01 -9.924654e+00
1.504227e+01 -5.118816e+01
4.045784e+01 -2.350015e+01
4.357106e+01 -1.015358e+01
3.523896e+01 -4.735937e+01
4.249019e+01 -5.669537e+01
8.973868e+01 -5.823229e+01
5.246782e+01 -4.744100e+01
3.072464e+01 -6.359727e+01
1.764194e+01 -5.931879e+01
3.125962e+01 -5.652184e+01
4.334122e+01 -8.827935e+00
7.054319e+01 -3.231256e+01
2.737910e+01 -3.305333e+01
4.404594e+01 -1.309739e+01
6.392779e+01 -3.055202e+01
5.152011e+01 -1.931051e+01
5.649157e+01 -2.281151e+01
8.073028e+01 -2.737024e+01
4.804535e+01 2.401800e+01
3.856097e+01 -6.984275e+01
4.134948e+01 -3.843044e+01
4.242774e+01 -4.592588e+01
2.931604e+01 -3.717368e+01
4.483507e+01 -2.571571e+01
5.790666e+01 -1.598543e+01
4.368556e+01 -1.123962e+01
6.764512e+01 -4.021281e+01
6.511326e+01 -3.396188e+01
7.163282e+00 1.192401e+01
4.085623e+01 -1.823502e+01
6.042652e+01 -8.239094e+00
3.474671e+01 -2.421604e+01
3.058849e+01 -8.512105e+01
2.132283e+01 -5.744877e+01
3.369758e+01 -2.883080e+00
4.763677e+01 1.884539e+01
1.802618e+01 -1.446514e+01
6.321660e+01 -1.960603e+01
6.270542e+01 -8.233171e+00
5.921358e+01 -4.651999e+01
8.880025e+01 -5.898928e+01
6.625561e+01 -2.156492e+01
3.068420e+01 -3.026717e+00
3.945773e+01 -3.733212e+01
4.103567e+01 -5.619668e+01
1.034521e+01 -2.534044e+01
6.542756e+01 -5.843291e+01
5.351632e+01 -5.052106e+01
3.817092e+01 9.700967e+00
4.172844e+01 -1.866764e+01
2.502303e+01 -5.492984e+00
3.674732e+01 1.769127e+01
3.375391e+01 -4.028018e+01
1.013295e+01 -8.629180e+01
2.301661e+01 -9.732824e+01
5.716721e+01 -3.665333e+01
6.612800e+01 -7.522892e+01
2.338572e+01 -1.425931e+01
4.665491e+01 -2.198068e+01
3.078085e+01 -4.112203e+00
2.904580e+01 6.784245e-01
4.373632e+01 -3.110122e+01
1.430480e+01 -2.806391e+01
2.778359e+01 -2.060302e+01
3.899962e+01 -2.545991e+00
4.850728e+01 -2.222139e+01
2.590368e+01 -9.432352e+00
4.414275e+01 -3.278321e+01
6.939472e+01 -3.267226e+01
7.244864e+01 -4.979163e+01
4.794366e+01 -9.780890e+00
5.571276e+01 -7.086751e+01
4.640716e+01 -5.309838e+01
4.705167e+01 -8.446694e+01
5.529110e+01 -2.487481e+01
3.688587e+01 -1.425097e+01
6.704413e+01 -4.679596e+01
9.043748e+01 -3.762996e+01
6.141918e+01 -4.162591e+01
5.018181e+01 1.508585e+01
5.308668e+01 -2.110140e+01
5.248892e+01 -2.759031e+01
5.638445e+01 -3.292626e+01
5.962659e+01 -1.002516e+01
5.829586e+01 -2.544830e+01
5.279650e+01 -4.995567e+01
3.767082e+01 -1.783809e+01
5.320556e+01 -6.363767e+01
4.546480e+01 -3.524468e+01
5.066182e+01 -2.214224e+01
5.371257e+01 -2.689977e+01
6.367773e+01 -3.546876e+01
6.733448e+01 -1.610681e+01
7.760118e+01 -4.542867e+01
6.747133e+01 -1.874560e+01
5.581796e+01 -3.047814e+01
6.201194e+01 -2.139216e+01
3.451890e+01 -1.925784e+01
2.888950e+01 -5.726735e+01
2.602681e+01 -3.352494e+01
5.722223e+01 -3.437234e+01
4.360210e+01 -3.797209e+01
7.914607e+01 -1.399740e+01
4.795990e+01 -1.518658e+01
3.467424e+01 -1.541190e+01
4.086170e+01 -1.836032e+01
6.637681e+01 -1.483649e+01
4.720800e+01 -1.192532e+01
6.712351e+01 -1.185107e+01
4.694646e+01 -5.588423e+00
5.498183e+01 -2.507608e+01
6.719484e+01 -2.892998e+01
4.967975e+01 -6.905035e+00
5.971219e+01 -2.481913e+01
4.186777e+01 -2.607626e+01
4.975853e+01 -4.488542e+01
3.142760e+01 -5.760999e+01
2.581576e+01 -5.676573e+01
6.595135e+01 -5.013793e+01
2.036399e+01 -7.861963e+01
3.216857e+01 -1.882877e+01
4.813850e+01 -3.826312e+01
2.938139e+01 -4.225564e+01
5.710926e+01 -4.682160e+01
5.446105e+01 -5.849800e+01
8.510663e+01 -6.039812e+01
6.149710e+01 -3.697950e+01
3.199064e+01 -5.925629e+01
4.506698e+01 -6.048522e-01
6.168589e+01 -2.468097e+01
2.838307e+01 1.063150e+01
3.186433e+01 -4.949599e+00
4.516823e+01 -3.071753e+01
3.817556e+01 -1.854482e+01
2.541552e+01 -5.733674e+00
5.829641e+01 -2.850788e+01
6.265994e+01 -3.211311e+01
4.539805e+01 -2.395486e+01
5.200717e+01 -3.376041e+01
4.221500e+01 -5.225161e+01
5.196548e+01 -3.013675e+01
5.838800e+01 -8.654102e+01
4.150512e+01 3.688130e+00
4.525943e+01 -4.036203e+01
5.624999e+01 -4.064462e+01
8.255163e+01 -6.899058e+01
5.907013e+01 -6.073035e+01
5.525250e+01 -3.692086e+01
5.716766e+01 -2.776487e+01
5.725394e+01 -2.673605e+01
4.193618e+01 -3.293548e+01
6.361482e+01 -3.799166e+01
4.322791e+01 -5.260494e+01
6.771815e+01 -4.573411e+01
7.758697e+01 -4.541712e+01
5.360929e+01 -4.848525e+01
5.404164e+01 -3.398948e+01
7.361569e+01 -4.747220e+01
5.986640e+01 -6.147424e+01
7.767240e+01 -5.054209e+01
2.281071e+01 -5.982759e+01
4.729133e+01 -4.444314e+01
8.612862e+01 -5.239188e+01
3.531602e+01 -4.462804e+01
4.131355e+01 -3.833800e+01
7.059279e+01 -1.925872e+01
7.012454e+01 -3.956565e+01
4.875587e+01 -2.638879e+00
6.332061e+01 -2.651936e+01
5.064980e+01 -1.769281e+01
4.049559e+01 -4.304876e+01
4.163300e+01 -4.110176e+01
4.077853e+01 -1.535382e+01
4.972205e+01 -5.959812e+01
6.671807e+01 -3.092651e+01
5.609403e+01 -2.272902e+01
4.044315e+01 -3.276616e+01
5.800984e+01 -6.527198e+00
5.518345e+01 -4.047090e+01
4.974495e+01 -8.162205e+00
5.421792e+01 -1.973648e+01
4.080386e+01 -1.565240e+01
5.347221e+01 -1.721323e+01
5.939756e+01 -3.068922e+01
4.321547e+01 -4.683998e+01
4.510086e+01 -5.477288e+01
4.426473e+01 -2.338660e+01
3.540152e+01 -2.468275e+01
2.715217e+01 -9.137692e+00
7.357738e+01 -1.533660e+01
6.383032e+01 -1.042449e+01
5.036817e+01 -3.393056e+01
4.975927e+01 -1.997687e+01
5.179779e+01 -2.292116e+01
5.341686e+01 -1.097631e+01
5.829176e+01 -1.401645e+01
5.639096e+01 -3.233248e+01
5.286678e+01 -5.820517e+00
7.048632e+01 -4.298734e+01
4.954649e+01 -3.068709e+01
4.581501e+01 -7.090732e+00
6.771777e+01 -1.304270e+01
4.649913e+01 -8.639662e+00
4.094235e+01 -5.955913e+01
7.862799e+01 -3.908113e+01
6.716355e+01 -3.560037e+01
7.536639e+01 -2.962150e+01
5.041416e+01 -2.158214e+01
4.974799e+01 -3.115827e+01
6.834642e+01 -3.987129e+01
3.691498e+01 -1.203670e+01
3.199212e+01 -1.817392e+01
6.378013e+01 -2.757753e+01
5.395975e+01 -2.208753e+01
6.008518e+01 -2.228070e+01
6.423944e+01 -8.225537e+00
4.317918e+01 -3.283462e+01
5.536452e+01 -8.186261e+00
6.510565e+01 -2.451558e+00
6.012944e+01 -1.030749e+01
6.104947e+01 -1.299995e+01
4.101510e+01 -1.033780e+01
6.211797e+01 3.873616e-01
6.401313e+01 -2.006685e+01
4.253639e+01 -1.564233e+01
5.005575e+01 -1.948254e+01
4.275130e+01 -3.826716e+01
4.883224e+01 -4.330166e+01
4.442321e+01 -4.332988e+01
6.577720e+01 -4.002122e+01
4.126471e+01 -4.373595e+01
3.168959e+01 -4.506062e+01
4.137807e+01 -5.779573e+01
4.775295e+01 -4.465430e+01
3.991108e+01 -6.641313e+01
5.418307e+01 -2.839633e+01
5.768243e+01 -4.058475e+01
5.907347e+01 -3.774375e+01
4.505935e+01 -3.251682e+01
3.846680e+01 -3.275502e+01
5.556753e+01 -4.593067e+01
4.749865e+01 -5.277853e+01
6.488346e+01 -3.691384e+01
5.312908e+01 -7.008193e+01
5.649851e+01 -4.621925e+01
5.096788e+01 -5.170129e+01
5.369037e+01 -3.354739e+01
6.989648e+01 -4.970464e+01
6.384212e+01 -4.438025e+01
5.162140e+01 -3.821890e+01
3.177042e+01 -3.972526e+01
4.556553e+01 -3.649258e+01
7.496116e+01 -6.988752e+01
5.184338e+01 -3.438425e+01
6.354074e+01 -3.823030e+01
4.196557e+01 -2.146325e+01
4.574170e+01 -1.011398e+01
7.393080e+01 -2.613907e+01
6.956167e+01 -2.971114e+01
9.226513e+01 -4.568609e+01
5.591042e+01 -2.721407e+01
4.468644e+01 -4.212997e+01
5.344917e+01 -3.669526e+01
1.723674e+01 -4.325131e+01
5.514850e+01 -2.068434e+01
6.124645e+01 -3.966455e+01
7.981699e+01 -3.536202e+01
6.728887e+01 -4.112053e+01
5.997863e+01 -3.301187e+01
8.407895e+00 -8.864800e+01
6.356212e+01 -1.733337e+01
3.627685e+01 -4.045331e+01
4.907846e+01 -2.378896e+01
8.608949e+01 -4.818498e+01
5.715204e+01 -4.506889e+01
6.705532e+01 -3.748883e+01
4.881242e+01 -5.823809e+01
6.988915e+01 -4.654217e+01
5.451185e+01 -7.102544e+01
5.016051e+01 -4.201342e+01
6.255166e+01 -1.482783e+01
6.365740e+01 -5.531806e+01
7.177601e+01 -3.498931e+01
4.328188e+01 -3.130870e+01
6.389795e+01 -6.182414e+00
6.498055e+01 -1.914582e+01
8.537217e+01 -3.208966e+01
5.666612e+01 -3.528246e+01
3.217803e+01 -2.758056e+01
7.535737e+01 -3.899796e+01
7.094451e+01 -9.858953e+00
5.521485e+01 -4.113255e+01
7.114587e+01 -1.810606e+01
6.920945e+01 -1.512974e+01
5.571360e+01 -3.514666e+01
4.865522e+01 -3.047762e+01
6.446233e+01 -2.776280e+01
7.487599e+01 -3.627979e+01
6.043026e+01 -2.176847e+01
6.258992e+01 -3.202734e+01
5.622160e+01 -3.117578e+01
5.499138e+01 -2.938397e+01
5.409544e+01 -1.158952e+01
5.929921e+01 -2.048288e+01
4.198976e+01 -2.918274e+01
4.186393e+01 -4.621037e+01
5.344094e+01 -1.998373e+01
4.392700e+01 -3.935229e+01
3.091955e+01 -6.747037e+01
1.904961e+01 -6.667547e+01
3.561314e+00 -5.491919e+01
2.790172e+01 -6.592311e+01
1.298784e+01 -8.048969e+01
6.372474e+01 -3.162315e+01
5.707348e+01 -5.027935e+01
5.468014e+01 -2.226675e+01
5.068673e+01 -3.047727e+01
6.560686e+01 -3.459858e+01
4.060393e+01 -4.066031e+01
2.087635e+01 -8.343015e+01
3.671029e+01 -8.493801e+01
3.900056e+00 -9.545082e+01
3.116625e+01 -6.559925e+01
2.423970e+01 -8.577725e+01
3.864436e+01 -5.056975e+01
7.981955e+00 -8.713831e+01
2.838046e+01 -6.631104e+01
5.342324e+01 -6.224239e+01
4.652572e+01 -2.614115e+01
1.804144e+01 -4.886102e+01
4.124812e+01 -4.492277e+01
2.424595e+01 -7.324293e+01
3.552727e+01 -1.180567e+01
2.890367e+01 -6.486316e+01
1.564465e+01 -8.663956e+01
8.749713e+00 -6.219330e+01
3.732048e+01 -2.075614e+01
1.908253e+01 -2.177516e+01
2.767239e+01 -5.582966e+01
4.803357e+00 -4.270258e+01
-9.320379e-01 -4.485090e+01
5.568375e+00 -3.426107e+01
1.079698e+01 -1.538085e+01
3.852997e+00 -2.482261e+01
9.320522e+00 -5.199014e+01
1.563294e+01 -4.259241e+01
2.357612e+01 -1.924802e+00
3.670028e+01 -5.594846e+00
8.238379e+01 -3.892098e+01
4.576920e+01 -2.151766e+01
5.622477e+01 -8.389062e+00
3.642658e+01 -7.656551e+01
3.315049e+01 -6.536651e+01
3.020583e+01 -5.475147e+01
2.472274e+01 -4.590695e+01
3.056028e+01 -3.166678e+01
3.425941e+01 -2.503538e+01
3.040003e+01 -4.104819e+01
2.909200e+01 -7.395867e+01
5.686546e+01 -2.230217e+01
2.308170e+01 -6.749309e+01
4.747289e+01 3.616633e+00
3.620035e+01 -3.575242e+01
4.122231e+01 -4.915610e+01
2.244938e+01 -2.783175e+01
3.280271e+01 -5.511473e+01
2.728383e+01 -9.797212e+00
2.718457e+01 -3.670414e+01
4.951951e+01 1.118825e+01
4.736630e+01 -3.851188e+00
4.105229e+01 -8.624616e+00
5.079202e+01 -2.020688e+01
4.413590e+01 1.226627e+01
3.802270e+01 -4.077747e+00
5.478205e+01 -7.822479e+00
2.775891e+01 -5.001887e+00
4.908476e+01 -6.855632e+00
4.515662e+01 -1.721824e+01
7.231978e+01 -4.397269e+01
3.687308e+01 -1.401129e+01
2.794518e+01 -3.769741e+01
3.531256e+01 -3.254118e+01
5.344075e+01 -3.372955e+01
4.878485e+01 -1.019078e+01
3.708173e+01 -3.020850e+01
4.582633e+01 -1.242616e+01
5.613319e+01 -3.995562e+01
4.582925e+01 -3.178094e+01
2.273327e+01 -1.276151e+01
2.081875e+01 -3.021763e+00
2.489083e+00 7.331145e+00
2.140545e+01 -3.277523e+00
2.639685e+01 -8.703546e+00
3.455958e+01 -1.318705e+01
6.878409e+01 -6.577637e+01
4.637135e+01 -3.495987e+01
6.946181e+01 -4.258254e+01
4.602456e+01 -1.888824e+01
5.774718e+01 -1.562756e+01
8.949440e+01 -5.191089e+01
6.367123e+01 -3.759675e+01
6.109650e+01 -4.584713e+01
2.735589e+01 -1.268131e+01
5.106921e+01 -7.628448e+00
4.039591e+01 -1.380926e+01
3.609750e+01 -2.525715e+01
5.236752e+01 -2.412802e+01
6.499478e+01 -5.147374e+01
3.848481e+01 -1.402281e+01
4.914368e+01 -2.950623e+01
5.247418e+01 -1.682565e+01
4.553613e+01 -1.777091e+01
3.837026e+01 -2.771044e+01
4.077494e+01 -6.485410e+00
3.657109e+01 -2.051039e+01
5.083109e+01 -3.466970e+01
1.498692e+01 -2.717189e+01
2.202716e+01 1.031831e+01
4.506613e+01 1.474363e+01
2.901892e+01 1.187700e+01
8.364030e+01 -2.074652e+01
1.844914e+01 -6.166209e+01
3.542035e+01 -1.689589e+00
1.538995e+01 8.454525e+00
8.505813e+01 -6.633010e+00
1.200791e+01 3.131737e+01
4.345986e+01 -4.886535e+01
3.996610e+01 -6.230073e+01
6.702612e+01 -4.464412e+01
2.661690e+01 -8.355596e-01
4.318995e+01 -2.464629e+01
2.351730e+01 -1.166315e+01
6.172560e+01 -3.922514e+01
4.568384e+01 -2.394053e+01
6.075084e+01 -2.887769e+01
1.868004e+01 -2.461332e+01
4.252200e+01 -2.312635e+01
7.615310e+01 -3.994859e+01
5.117785e+01 -1.321397e+01
5.104335e+01 -2.227897e+01
6.722694e+01 -3.129795e+01
5.783063e+01 -3.589185e+01
1.750883e+01 -9.338437e+00
7.683865e+01 -4.839654e+01
2.875595e+01 -2.231898e+01
4.253426e+01 2.041250e+00
8.764828e+00 3.313975e+00
4.835405e+01 -1.450069e+01
3.209255e+01 -1.452985e+00
4.543285e+01 5.879645e+00
2.899420e+01 -7.876121e+00
1.225808e+01 -3.169839e+00
5.460732e+01 -3.564580e+01
2.956652e+01 4.838844e+00
8.147866e+01 -4.635148e+01
5.865469e+01 -2.008199e+01
5.902400e+01 -3.340241e+01
4.161050e+01 -1.664674e+01
3.534412e+01 -3.510007e+00
3.548351e+01 -1.459969e+01
7.268079e+01 -5.603776e+01
4.443789e+01 -2.712912e+01
6.235504e+01 -5.731699e+01
1.305044e+01 -4.266906e+01
3.858188e+01 -2.968177e+01
1.034363e+01 -4.531549e+01
7.747413e+00 5.889624e+00
1.055161e+01 -4.903000e+00
2.225758e+01 1.950507e+00
7.119908e+00 -5.961358e+01
-4.971827e+00 -6.020893e+01
-4.901080e+00 -4.601109e+01
2.514003e+01 -4.146261e+01
6.468637e+00 -5.141256e+01
7.389675e+00 -4.542317e+01
-1.765826e+00 -5.849529e+01
-8.503103e+00 -6.210782e+01
4.340559e+00 -4.097401e+01
3.603822e+01 -1.846423e+01
1.975999e+01 -4.590220e+01
8.706590e+00 -5.285671e+01
1.145787e+01 -1.631709e+01
1.936747e+01 -4.185479e+01
3.046647e+01 -2.606964e+01
4.068483e+01 -3.829271e+01
-5.297806e+00 -3.198650e+01
2.974722e+01 -1.990716e+01
2.694738e+01 -8.380480e+00
8.078372e+00 -7.912254e+00
4.578030e+01 -1.615429e+01
3.906997e+01 -2.795140e+01
1.992156e+01 1.067738e+01
3.117535e+01 -7.327447e-01
4.010002e+00 3.654293e+01
9.676985e+00 9.508713e+00
5.441592e+00 2.147699e+01
6.618919e+00 3.259408e+01
-8.042116e+00 3.845717e+01
8.501105e+00 1.517640e+01
1.032843e+01 -1.714326e+01
2.721058e+01 -4.074888e+01
9.065228e+00 7.256115e+00
1.032256e+01 -3.387921e+01
5.012208e+00 -1.976315e+01
1.914524e+01 -1.170939e+01
3.422654e+01 -4.854372e+00
1.651832e+00 -3.506260e+00
7.088562e+01 -3.412863e+01
6.368368e+01 -2.253953e+01
1.945289e+01 -9.873023e+00
4.394602e+01 -8.021657e+00
5.442211e+01 -2.260852e+01
5.512703e+01 -3.690095e+01
6.200250e+01 7.971224e+00
5.555725e+01 -3.694488e+00
5.691946e+01 -1.547081e+01
3.654942e+01 -9.036995e+00
1.709640e+01 2.054690e+01
1.947244e+01 1.042400e+01
2.681277e+01 -2.207059e+01
8.039920e+01 -3.266072e+01
7.143590e+01 -2.966960e+01
5.349363e+01 -5.473271e+01
4.894254e+01 -3.720389e+01
4.245504e+01 -3.919963e+01
3.698876e+01 -5.009548e+01
3.879048e+01 -2.426463e+01
5.152928e+01 -6.214246e+01
2.559861e+01 1.256037e+01
5.205441e+01 -6.581103e+00
3.893644e+01 -4.377257e+01
6.601439e+01 -3.849730e+01
4.245661e+01 -2.435380e+01
3.285066e+01 -2.496841e+01
5.450527e+01 -2.369862e+01
1.486518e+01 -3.827414e+01
1.603979e+01 -5.334868e+01
1.354151e+01 -4.604230e+01
3.581916e+00 -1.435707e+01
1.951929e+01 -7.181785e+01
3.828471e+00 -3.750456e+01
1.457109e+01 -2.116849e+01
4.451425e+01 -3.379144e+01
4.097466e+01 -9.739500e+00
1.759761e+01 -4.373333e+01
3.321357e+01 -5.389596e+01
1.881118e+01 -2.976623e+01
2.851156e+01 -2.753571e+01
6.764716e+01 -4.527149e+01
4.825605e+01 -3.210825e+01
1.759525e+01 -2.218780e+01
5.728360e+01 -1.100126e+01
4.950922e+01 -2.273936e+01
3.938963e+01 -3.380787e+01
1.825424e+01 -1.691738e+01
2.392259e+01 -7.794211e+00
5.058508e+01 -1.744311e+01
5.128481e+01 -5.154535e+00
6.993750e+01 -4.282539e+01
5.982667e+01 -2.200075e+01
3.148294e+01 -1.782350e+01
3.177110e+01 -1.144826e+01
5.645514e+01 -1.527023e+01
1.043501e+01 -1.172830e+01
6.262144e+01 -1.498228e+01
5.829858e+01 -1.971654e+01
5.037365e+01 -3.293253e+01
3.685542e+01 -5.110412e+01
3.175511e+01 -1.567814e+00
3.869002e+01 -3.202695e+01
2.800148e+01 -3.639383e+01
3.473664e+01 -2.226811e+01
2.431933e+01 -2.207848e+01
3.926444e+01 -9.739426e+00
1.195899e+01 -2.518193e+01
4.817049e+01 -1.896160e+01
2.413933e+01 5.494720e+00
2.312485e+01 -3.244844e+01
5.568116e+01 -5.891369e+01
2.494694e+01 -1.968898e-01
4.962941e+01 -2.302194e+01
3.663095e+01 -9.564651e+00
2.450825e+01 -2.237395e+00
5.005566e+01 -1.261083e+01
3.787936e+01 -2.937295e+01
3.500641e+01 1.213310e+00
1.903678e+01 -2.028348e+01
2.409314e+01 -1.330187e+00
8.059202e+01 -4.743749e+01
8.141635e+01 -4.935546e+01
4.603155e+01 -1.722140e+01
5.453171e+01 -2.229512e+01
4.858569e+01 -2.846046e+01
4.604602e+01 -1.621072e+01
5.154454e+01 -4.353645e+01
8.353080e+00 -3.784655e+01
4.496744e+01 -2.505207e+01
7.313163e-01 1.036273e+01
2.024325e+01 -9.226381e+00
1.616964e+00 -3.283259e+01
6.698592e+00 -4.079611e+01
-4.230814e+00 -2.341866e+01
2.250698e+00 -4.069672e+01
4.405526e+01 -2.995315e+01
3.017996e+01 1.753515e+01
5.894981e+01 -8.842110e+00
3.117407e+01 -3.382343e+00
3.360434e+01 -1.834139e+01
9.695690e+01 -3.653257e+01
1.996239e+01 2.495160e+01
2.506197e+00 2.419375e+00
4.113361e+00 -8.072727e+00
7.511865e+00 -5.762056e+01
6.660087e+01 -3.696318e+01
5.870202e+01 -1.279332e+01
6.286558e+01 -7.936972e+00
6.599085e+01 -1.785149e+01
6.319239e+01 -2.191982e+01
3.973608e+01 -2.651256e+01
3.816081e+01 -1.731065e+01
1.875690e+01 -4.964141e+01
2.861596e+01 8.081813e+00
6.681617e+01 -3.487210e+01
4.819567e+01 -3.614513e+01
2.399918e+01 -4.504937e+01
3.793070e+01 -1.241372e+01
7.988106e+00 -1.167380e+01
9.949166e+00 -4.040929e+01
5.589313e+01 -3.419158e+01
6.672419e+01 -1.723516e+01
5.449279e+01 -1.382065e+01
5.854992e+01 -3.116367e+01
8.930679e+00 5.578798e+00
4.048800e+01 -4.373508e+01
2.510471e+01 -4.583824e+01
2.138480e+01 -2.569829e+01
5.199122e+01 -4.636879e+00
3.350397e+01 -1.058959e+01
6.756863e+01 -4.379276e+01
4.365057e+01 -1.150686e+01
2.758547e+01 -1.209923e+01
5.113815e+01 -7.243497e+00
2.753688e+01 1.288335e+00
6.750621e+01 -4.117646e+01
2.039095e+01 -1.568239e+01
2.654459e+01 -1.611185e+01
6.274128e+01 -4.539969e+01
5.194518e+01 -4.950316e+01
3.507498e+01 -9.880423e+00
5.602693e+01 -3.348252e+01
2.307755e+01 -1.852401e+01
2.167818e+01 -1.863301e+01
3.033842e+01 -8.724216e+00
3.508901e+01 -1.775484e+01
9.497644e+01 -6.690049e+01
5.861868e+01 -3.704466e+01
2.512458e+01 -3.019238e+01
4.137272e+01 -2.478635e+01
4.477225e+01 -2.437066e+01
5.388354e+01 -4.303107e+01
6.569009e+01 -3.996690e+01
2.219339e+01 -1.371914e+01
6.463994e+01 -4.801118e+01
5.301379e+01 -3.860380e+01
5.171079e+01 -3.786109e+01
1.524464e+01 -4.269525e+01
3.717238e+01 -7.837222e+01
5.963267e+01 -7.174584e+01
2.913697e+01 -3.369429e+01
1.084813e+01 -5.294507e+01
3.228391e+01 -8.068128e+00
3.247524e+01 -1.522068e+01
3.342747e+01 -4.277690e+01
1.629542e+01 -2.050920e+01
6.071529e+01 -3.977993e+01
5.377774e+01 -2.066459e+01
6.168405e+01 -1.677325e+01
4.413324e+01 -1.314600e+01
3.230776e+01 6.549205e-01
2.597570e+01 7.327209e+00
3.326600e+01 -9.017351e+00
7.311394e+01 -3.201075e+01
5.218351e+01 -6.500673e+00
2.555982e+01 1.129150e+01
5.599141e+01 -2.933498e+01
5.136577e+01 -1.783717e+01
4.454506e+01 -5.500660e+00
4.218488e+01 -7.221746e+00
1.252063e+01 -4.769816e+01
1.720640e+01 -3.793593e+01
1.165486e+01 -4.546819e+01
5.479043e-01 -3.414548e+01
2.935214e+01 -1.524257e+01
2.662720e+01 -5.754589e+01
1.685571e+01 2.753556e-01
5.749267e+00 2.216138e+01
2.790924e+00 1.558685e+01
3.138273e+01 3.093361e+01
2.148141e+01 -1.806420e+01
1.856830e+01 -2.595390e+01
4.351526e+01 3.195088e+00
2.638669e+01 6.826070e+00
4.534092e+01 -1.384673e+01
5.243112e+01 -3.409443e+01
1.945649e+01 -7.774113e+00
6.010164e+01 -2.023293e+01
2.043482e+01 -4.872658e+01
2.346944e+01 -5.061920e+01
5.999477e+01 -2.078526e+01
8.432297e+01 -4.250341e+01
5.442795e+01 -2.856161e+01
5.783393e+01 -2.958339e+01
3.843822e+01 -1.712255e+01
5.450512e+01 -4.765534e+01
7.730707e+01 -6.711387e+01
7.994871e+01 -4.440118e+01
7.708190e+01 -5.761452e+01
7.327192e+01 -5.577105e+01
5.370100e+01 -1.736279e+01
2.359307e+00 -3.458867e+01
7.419929e+01 -3.325770e+01
6.650791e+01 -3.555247e+00
5.623165e+01 -1.354014e+01
5.375799e+01 -2.003482e+01
5.659607e+01 -1.386157e+01
3.562590e+01 -7.905806e+00
5.715951e+01 -1.927971e+01
4.764289e+01 -1.423466e+01
5.007246e+01 4.137280e+00
5.034824e+01 -2.530080e+01
2.991951e+01 -1.565847e+01
5.350579e+01 -1.600769e+01
5.763221e+01 -1.751270e+01
4.182806e+01 -1.968450e+01
2.871394e+01 -7.927718e-01
6.859411e+01 -2.111330e+01
4.167718e+01 -1.330408e+01
2.855991e+01 -1.509494e+01
1.706118e+01 -4.839647e+01
-1.189797e+01 -4.850563e+01
4.135043e+01 -1.673112e+01
3.511004e+01 -1.860339e+01
2.318391e+01 6.118457e-01
1.519182e+01 -2.239612e+01
1.018062e+01 -5.106834e+01
-6.394903e+00 -2.697067e+01
-6.749271e+00 -1.701029e+01
1.672726e+00 -4.341495e+01
1.530667e+01 -3.748425e+01
2.379765e+01 -3.084947e+01
-4.259425e+00 -3.555638e+01
4.051374e+01 -2.539357e+00
4.213796e+01 -2.423571e+00
2.818833e+01 -4.414524e+00
4.498840e+01 -2.286637e+01
5.875887e+01 -3.153349e+01
3.541190e+01 -6.497015e+00
3.346261e+01 -1.798524e+01
3.116730e+01 -1.458281e+01
3.769139e+01 -4.885775e+00
4.484835e+01 -2.750350e+01
1.846944e+01 -8.250140e+00
2.329210e+01 -2.886148e+00
3.941482e+01 -7.272955e+00
1.881325e+01 -2.390854e+01
1.194801e+01 -1.208572e+00
4.233383e+01 -5.029503e+01
1.643897e+01 -5.790787e+01
3.992806e+01 -3.551417e+01
4.649519e+01 -3.062617e+01
1.021200e+01 -3.627841e+00
2.177601e+01 -2.535152e+01
3.491697e+01 -1.882194e+01
3.425911e+01 -2.079815e+01
4.327747e+01 -1.110853e+01
1.868303e+01 -2.096077e+01
4.239593e+01 -1.034783e+01
2.812264e+01 -5.343438e+01
1.915724e+01 -4.939527e+01
3.350946e+01 -4.478510e+01
2.468555e+01 -5.697877e+01
4.337639e+01 -7.883201e+01
2.056709e+01 -4.704587e+01
3.088442e+01 -6.363477e+01
1.191277e+01 -4.277989e+01
1.173668e+01 -4.255449e+01
9.947768e+00 -5.629985e+01
2.214815e+01 -6.319592e+01
1.938749e+01 -3.770811e+01
2.471109e+01 -8.569768e+01
5.622078e+01 -3.172842e+01
2.874717e+01 -6.284687e+00
4.019391e+01 -3.454628e+01
2.927367e+01 -2.725891e+01
6.107600e+01 -3.501497e+01
2.129806e+01 -1.126030e+01
5.354986e+01 -1.030681e+01
2.530513e+01 -1.202823e+01
2.246825e+01 -4.089698e+00
3.483146e+01 -1.247379e+00
3.336649e+01 -2.469665e+01
2.793450e+01 -7.107705e+00
5.194407e+01 -3.164538e+01
7.072552e+01 -3.737026e+01
3.755287e+01 -2.638285e+01
5.400093e+01 -4.864750e+01
3.064381e+01 -8.932511e+00
3.952615e+01 -1.604651e+01
6.109521e+01 -3.430174e+01
4.482876e+01 -1.204301e+01
6.118169e+01 -3.913882e+01
3.664829e+01 -2.207756e+01
5.550150e+01 -5.931248e+01
2.807353e+01 -1.701044e+01
5.682999e+01 -3.126972e+01
3.654502e+01 -4.274765e+01
3.007275e+01 -4.417719e+00
4.485661e+01 -4.001252e+01
4.212397e+01 -4.439739e+01
2.540709e+01 1.361093e+01
6.318727e+01 -5.211462e+01
1.071013e+01 1.974741e+01
3.630945e+01 -3.337351e+01
7.009451e+00 -5.332509e+01
7.162295e+01 -6.649846e+01
5.820458e+01 -3.520453e+01
5.395899e+01 -4.728230e+01
3.501303e+01 -5.892258e+01
4.261181e+01 -3.596008e+01
5.729132e+01 -2.767180e+01
7.319918e+01 -4.089897e+01
4.987257e+01 -4.134043e+01
3.133712e+01 -1.707790e+01
1.911504e+01 1.929740e+00
2.825318e+01 -2.238290e+01
5.618992e+01 -1.920464e+01
3.003787e+01 -1.909023e-01
2.120476e+01 -4.822418e+00
3.662436e+01 -2.500824e+00
3.780650e+01 -1.419072e+01
5.085812e+01 -6.821710e+00
2.940017e+01 1.329675e+01
4.056283e+01 -5.962677e+01
3.614554e+01 -2.307079e+01
1.107496e+01 -1.772868e+01
1.768678e+01 -1.786363e+01
2.916292e+01 -9.365784e+00
1.037051e+01 -1.345113e+01
2.254268e+01 -7.441009e+00
3.582896e+01 -2.160175e+01
3.620667e+01 -1.975947e+01
1.517035e+01 -8.034341e+00
3.918897e+00 -1.648786e+01
9.076826e+00 -3.506400e+01
4.191802e+01 -1.383275e+01
6.397900e+01 -1.980287e+00
5.192263e+01 -2.773051e+01
4.875417e+01 -8.737742e+00
4.224209e+01 -6.415177e+00
7.443068e+01 -2.872685e+01
7.201213e+01 -4.079956e+01
5.018932e+01 -2.789522e+01
3.107887e+01 1.003752e+01
6.458531e+01 -3.562052e+01
2.226194e+01 -9.152819e+00
4.123900e+01 9.706878e+00
3.305269e+01 9.532417e+00
1.764604e+01 -2.579034e+01
2.812275e+01 -3.348314e+01
5.028493e+01 -3.990791e+01
5.376905e+01 -5.677364e+01
1.986324e+01 -4.841399e+01
4.853376e+00 -4.132004e+01
1.203721e+01 -2.461977e+01
5.135652e+01 -1.458337e+01
1.057142e+01 -4.084845e+01
7.629519e+01 -3.469779e+01
5.822315e+01 -2.659106e+01
6.968688e-01 -3.994846e+01
5.918326e+00 -5.590604e+01
5.200461e+01 -2.303337e+01
4.022179e+01 -1.289584e+01
4.749369e+01 -5.896991e+00
4.216899e+01 9.869855e+00
4.072954e+01 7.369926e+00
4.981853e+01 7.126289e+00
3.331758e+01 -7.683967e+00
5.716152e+01 -1.999412e+01
1.926902e+01 -5.333338e+00
2.099605e+01 -3.962679e+00
6.314951e+01 -1.286943e+00
2.862435e+01 4.029686e+00
2.683066e+01 -6.453469e+00
