2.849782e+00 -1.844596e+01 -4.770933e+00 2.170764e+01
-6.772631e+00 -9.667692e+00 -1.719307e+01 1.365558e+01
-2.961141e-01 -1.872412e+01 1.834928e+01 1.630520e+01
1.702732e+01 -1.431499e+01 -2.741312e+00 1.912902e+01
8.035636e+00 -9.629378e-01 -1.989185e+01 1.507935e+01
3.160042e+00 -5.720762e+00 -2.080797e+01 1.507947e+01
3.663748e+00 -6.380736e+00 -9.646684e+00 1.657081e+01
8.081158e+00 -1.304640e+01 2.526614e+00 1.604371e+01
-1.691495e+00 -1.200501e+01 -1.474322e+01 1.183452e+01
-8.656126e-01 -5.408446e+00 -1.930819e+01 9.027690e+00
1.546523e+01 -3.585194e+01 2.601291e+01 4.083006e+01
-9.776188e+00 -4.257644e+01 3.219914e+01 5.045552e+00
-2.029574e+01 -3.151749e+01 7.288363e+00 -9.015722e+00
9.742436e+00 -4.665433e+01 1.755099e+01 1.240277e+01
6.015976e+00 -2.875050e+01 3.140056e+01 1.784138e+01
1.208590e+01 -2.946286e+01 6.788641e+00 1.540766e+01
1.589792e+01 -3.250489e+01 3.321457e+01 3.096057e+01
2.324285e+00 -1.966129e+01 1.099438e+01 3.106187e+00
2.236352e+01 -2.891987e+01 3.286983e+01 1.588548e+01
1.433963e+01 -4.019398e+01 2.105101e+01 1.313942e+01
-6.348031e+00 -3.760001e+01 1.449120e+01 -1.991592e+00
-1.059509e+00 -2.063530e+01 1.339392e+01 1.950216e+00
2.060013e+01 -2.434584e+01 3.806438e+01 1.527371e+01
-3.194574e+00 -4.354982e+01 3.300775e+00 1.876888e+01
1.297715e+01 -4.033734e+01 1.561040e+01 2.213805e+01
1.573102e+01 -3.342924e+01 2.090237e+01 2.509550e+01
1.402591e+01 -3.011198e+01 5.843994e+00 2.644379e+01
5.456172e+00 -2.910448e+01 5.363206e+00 1.306011e+01
1.093845e+01 -2.337217e+01 2.044767e+01 2.860706e+01
4.102145e+00 -4.699209e+01 2.595252e+01 2.654273e+01
1.807239e+01 -4.699147e+01 9.488142e+00 1.432687e+01
1.156669e+01 -2.778008e+01 1.674653e+01 7.233875e+00
1.472305e+01 -2.351249e+01 2.382691e+01 3.448715e+00
1.361317e+01 -1.684102e+01 1.651811e+01 1.879086e+01
1.146635e+01 -3.023788e+01 9.712018e+00 -4.351250e-01
1.110609e+01 -3.894472e+01 2.580540e+01 2.263923e+01
1.615163e+01 -2.669803e+01 1.864784e+01 2.187191e+01
8.192346e+00 -2.444027e+01 4.533960e+01 2.940160e+01
2.010354e+00 -4.000057e+01 2.433486e+01 1.539214e+01
2.145864e+01 -4.349069e+01 9.747233e+00 6.499784e+00
4.474277e+00 -3.868436e+01 1.711487e+01 -3.631968e+00
1.638052e+00 -3.669155e+01 2.542254e+01 -8.521533e+00
-9.209724e-02 -5.495707e+01 2.244847e+01 -5.729889e+00
-1.028632e+00 -4.169648e+01 2.228825e+01 -2.140675e+00
-3.744109e+00 -5.205213e+01 1.933755e+01 -1.171917e+00
2.511225e+00 -4.104194e+01 1.423467e+01 -8.823796e+00
1.811025e+01 -2.640004e+01 6.815207e+00 1.660693e+01
1.240713e+01 -1.317763e+01 1.433249e+01 -5.012392e-01
1.286119e+01 -3.503115e+01 1.203661e+01 1.931525e+01
1.204134e+01 -2.144368e+01 2.023838e+00 5.357612e+00
1.075523e+01 -2.522576e+01 6.708688e+00 4.860270e+00
-6.997237e+00 -5.596177e+01 1.504706e+01 9.046845e+00
1.023891e+01 -4.658404e+01 3.591553e+00 2.063043e+01
1.084101e+01 -4.780449e+01 2.440159e+01 1.457513e+01
-3.246210e+00 -4.305417e+01 1.235976e+01 -3.791741e+00
4.469837e+00 -4.406163e+01 1.406572e+01 1.480439e+00
1.655450e+01 -5.397830e+01 1.645805e+01 2.107300e+01
1.357502e+01 -3.402199e+01 2.031895e+01 -6.304108e-01
8.964880e+00 -2.255042e+01 2.094728e+01 9.365944e+00
1.491603e+01 -2.579281e+01 2.945516e+01 2.242461e+01
2.918519e+01 -1.540862e+01 6.807901e+00 2.847997e+01
2.816770e+00 -2.662770e+01 1.697863e+01 1.051933e+01
1.136673e+01 -1.382897e+01 1.554719e+01 1.425311e+01
1.144429e+01 -3.194334e+01 1.582508e+01 1.667714e+01
1.322756e+01 -1.886837e+01 1.193948e+01 8.368901e+00
4.264655e+00 -5.241553e+01 1.962593e+01 1.992806e+01
8.903217e+00 -3.155319e+01 6.947866e+00 1.926869e+01
1.332730e+01 -3.194350e+01 1.508993e+01 2.776186e+01
1.472514e+01 -2.305980e+01 1.195192e+01 1.908575e+01
7.477931e+00 -2.887628e+01 7.573318e+00 6.878861e+00
4.595662e+00 -3.533936e+01 1.413706e+01 1.370227e+01
8.573360e+00 -1.798206e+01 -6.562565e+00 7.316865e+00
6.767494e+00 -3.646157e+01 1.525617e+01 1.964755e+01
2.203035e+01 -3.014701e+01 1.190029e+01 1.629306e+01
1.710095e+01 -2.523147e+01 -2.037689e+00 1.157157e+01
1.240928e+01 -3.246376e+01 1.546053e+01 7.878116e+00
1.829196e+01 -2.681795e+01 7.242471e+00 1.929066e+01
1.993285e+01 -3.754355e+01 9.102708e+00 2.232260e+01
3.165458e+01 -3.945356e+01 2.321384e+01 2.397820e+01
2.425438e+01 -3.414478e+01 2.451931e+01 2.889523e+01
1.280068e+01 -3.924527e+01 1.205133e+01 8.672147e+00
1.813173e+01 -2.134132e+01 8.978419e+00 2.570755e+01
2.097720e+01 -2.246999e+01 1.053828e+01 4.553859e+00
9.468156e+00 -6.417264e+01 1.128063e+01 2.173433e+01
4.398410e+00 -2.441456e+01 8.292484e+00 1.071030e+00
6.676528e+00 -4.700926e+01 1.929687e+01 1.141786e+01
-8.401821e+00 -3.572791e+01 2.483208e+01 8.702120e+00
-5.046577e+00 -5.253345e+01 1.806995e+01 6.454130e+00
1.160022e+01 -2.382787e+01 6.706764e+00 9.464480e+00
7.856904e+00 -1.845390e+01 1.357564e+01 1.418980e+01
-6.033246e+00 -3.788126e+01 5.784902e+00 1.853872e+01
-1.089495e+01 -4.633573e+01 7.722954e-01 1.774692e+01
5.555235e-01 -3.942361e+01 4.461767e+00 7.788169e+00
1.795871e+00 -3.453854e+01 1.086079e+01 -9.230226e+00
5.938354e+00 -3.112079e+01 2.166832e+01 1.280063e+01
6.408994e+00 -4.760858e+01 1.866361e+01 -1.167229e+00
5.839066e+00 -2.909232e+01 3.668151e+00 1.502727e+01
-4.137016e-01 -1.478905e+01 9.207772e-01 -1.451831e+00
1.704095e+01 -1.993213e+01 2.575085e+01 -1.285580e+00
7.782462e+00 -2.560311e+01 2.461097e+01 6.683937e+00
-5.511051e+00 -3.070295e+01 1.869714e+01 1.649986e+01
1.446204e+01 -3.338683e+01 2.700465e+01 2.400738e+01
2.021389e+01 -2.618354e+01 1.632179e+01 1.365023e+01
8.070835e+00 -3.360617e+01 1.639498e+01 1.415371e+01
1.691511e+01 -3.099605e+01 2.471585e+00 2.383105e+01
6.865868e+00 -2.498404e+01 1.920668e+01 -2.170165e+00
1.660070e+00 -2.964679e+01 3.008644e+01 3.619063e+00
1.455989e+01 -4.718669e+01 1.564736e+01 2.300362e+01
1.338447e+01 -2.677433e+01 2.514606e+01 9.341398e+00
1.169924e+01 -2.258485e+01 2.116972e+01 1.165244e+01
2.108807e+01 -2.804748e+01 1.256961e+01 1.497334e+01
1.042390e+01 -3.985671e+01 1.088767e+01 1.432809e+01
1.002334e+01 -3.564570e+01 1.223622e+01 2.419957e+01
1.412529e+01 -4.300441e+01 2.022731e+01 2.259585e+00
2.264797e+01 -2.627947e+01 5.597006e+00 1.752060e+01
2.133499e+01 -2.731694e+01 2.160747e+01 1.349022e+01
1.831071e+01 -2.562693e+01 3.967979e+00 1.770585e+01
2.064611e+01 -2.235375e+01 1.573347e+01 2.341821e+01
3.237647e+01 -1.271292e+01 2.920968e+00 1.220600e+01
1.393357e+01 -3.644662e+01 2.732736e+01 3.074782e+01
1.803005e+00 -5.206274e+01 1.907752e+01 6.796611e+00
2.421803e+01 -3.569915e+01 4.419739e+00 1.633058e+01
1.282803e+01 -3.579992e+01 1.805097e+01 1.205508e+01
1.652357e+01 -3.370188e+01 1.508033e+01 3.033633e+01
1.617059e+01 -3.511711e+01 1.520930e+01 1.209247e+01
7.415800e+00 -2.581803e+01 2.887974e+01 1.609483e+01
2.168477e+01 -4.071892e+01 1.728658e+01 2.307115e+01
1.494019e+01 -2.692227e+01 9.454461e+00 5.079642e+00
2.381620e+01 -3.531894e+01 1.448569e+01 2.411025e+01
1.382999e+01 -3.905730e+01 1.245296e+01 1.417973e+01
1.429995e+01 -3.399915e+01 6.644592e+00 1.817250e+01
9.648766e+00 -3.224999e+01 1.193192e+01 1.844294e+01
1.545549e+01 -2.865266e+01 1.016610e+01 1.865072e+01
1.959812e+01 -2.175467e+01 8.138153e+00 4.040200e+00
-1.021635e+00 -3.834737e+01 1.538333e+01 1.271741e+01
8.395108e+00 -1.159321e+01 2.160091e+01 -7.496830e+00
1.210427e+01 -5.425935e+01 1.568904e+01 1.025074e+01
2.901381e+00 -5.219235e+01 2.698456e+01 -2.026318e+00
-7.504124e+00 -3.952732e+01 1.206480e+01 9.910894e+00
-2.223971e+00 -4.922290e+01 3.468526e+01 6.352326e+00
1.165430e+01 -4.363228e+01 9.099591e+00 5.053796e+00
-3.292460e+00 -4.417614e+01 5.487284e+00 -1.088303e+01
2.284358e+01 -4.371175e+01 1.479303e+01 2.174800e+01
6.452722e+00 -4.514420e+01 9.178574e+00 -1.377662e+00
3.043629e+01 -3.472298e+01 1.423026e+01 2.328804e+01
1.992721e+01 -4.920650e+01 1.748292e+01 2.167746e+01
2.588303e+01 -3.477628e+01 8.013584e+00 3.124289e+01
1.906010e+01 -3.070975e+01 1.503321e+01 7.613328e+00
3.372642e+01 -2.780932e+01 2.704372e+01 2.291733e+01
-4.310191e+00 -2.887275e+01 1.968890e+01 2.092419e+01
-5.542227e+00 -4.493121e+01 1.538495e+01 2.032258e+00
-2.416000e-02 -3.951516e+01 7.633471e+00 -5.672725e+00
1.731031e+01 -3.580224e+01 1.896275e+01 6.648010e+00
1.637862e+01 -4.732622e+01 1.190815e+00 4.037706e+00
1.825993e+01 -4.114400e+01 9.960717e+00 1.337136e+01
2.867586e+01 -4.283374e+01 1.170488e+01 2.996402e+01
1.878359e+01 -4.328827e+01 7.188406e+00 -5.129578e+00
1.839305e+01 -2.220208e+01 9.920410e+00 1.137654e+01
1.544258e+01 -2.662776e+01 7.747053e+00 1.431116e+01
7.810180e+00 -1.967320e+01 1.654613e+01 -3.960012e+00
1.090113e+01 -3.000554e+01 1.285131e+01 5.565848e+00
1.104183e+01 -2.921828e+01 5.685915e+00 5.643242e+00
6.464235e+00 -2.641990e+01 1.190054e+01 -7.113886e+00
9.819743e+00 -4.344383e+01 2.020620e+01 1.230224e+01
2.411316e+01 -3.126506e+01 2.336713e+01 1.849636e+01
1.987059e+01 -4.608563e+01 2.101828e+01 3.720871e+00
1.964560e+01 -2.245257e+01 1.278667e+01 1.472253e+01
1.453973e+01 -2.800024e+01 2.316483e+01 2.437132e+01
1.859052e+01 -2.664434e+01 1.444152e+01 1.254938e+01
9.912757e+00 -1.662535e+01 2.641069e+01 6.619425e+00
9.501042e+00 -2.116434e+01 7.992366e+00 7.657495e+00
4.571136e+00 -2.319026e+01 9.614573e+00 -4.183384e+00
2.259298e+01 -1.737189e+01 1.746134e+00 4.759217e+00
1.050040e+01 -2.343692e+01 7.869686e+00 6.258417e-01
1.340325e+01 -2.783112e+01 2.247434e+00 9.240468e+00
-6.061654e+00 -2.820272e+01 6.006493e+00 1.328470e+00
8.898909e+00 -2.689128e+01 1.378960e+01 4.009244e+00
3.914524e+01 -2.374409e+01 7.109795e+00 8.804628e+00
1.670574e+01 -4.493087e+01 4.553739e+01 2.685022e+01
8.158891e+00 -2.911470e+01 3.386542e+00 -6.560722e+00
1.009474e+01 -3.783372e+01 7.199112e+00 8.490889e+00
-7.350392e+00 -3.596630e+01 9.067584e-01 5.534900e+00
-8.232817e+00 -4.681176e+01 1.813281e+01 2.245626e+00
1.298603e+01 -4.593855e+01 2.269611e+01 -1.556185e+01
-1.922787e-01 -3.677615e+01 9.475616e+00 4.139658e+00
1.949845e+01 -1.970576e+01 1.088214e+01 1.173402e+01
9.642360e+00 -3.233249e+01 2.060090e+01 1.594304e+01
1.826266e+01 -3.795212e+01 1.649940e+01 9.319980e+00
1.204040e+00 -3.895386e+01 1.302086e+01 -1.950940e-01
2.019435e+01 -3.058169e+01 2.266034e+01 9.143191e+00
2.313660e+01 -3.752663e+01 1.064096e+01 2.071764e+01
6.715031e+00 -2.857589e+01 1.515717e+01 -4.096083e+00
1.671216e+01 -3.507733e+01 3.087604e+00 1.447081e+01
1.221864e+01 -3.879182e+01 1.420015e+01 1.026273e+01
4.324194e+00 -2.575299e+01 2.215964e+01 -3.465642e+00
3.524513e+00 -2.950091e+01 2.369863e+01 4.649457e+00
5.670647e+00 -3.371389e+01 1.937687e+01 6.770871e+00
1.380203e+01 -2.992884e+01 1.841674e+01 7.500265e+00
6.773530e+00 -2.241356e+01 2.588899e+01 7.798928e+00
1.379459e+01 -3.411870e+01 3.095388e+01 1.612066e+01
1.242402e+01 -1.811163e+01 -5.520366e-01 4.987502e+00
4.213128e+00 -4.778559e+01 3.845017e+01 -1.170001e+01
8.816718e+00 -2.760746e+01 2.004899e+01 -4.449926e+00
8.826981e+00 -4.607264e+01 1.593590e+01 4.248729e+00
7.746213e+00 -3.165351e+01 1.611456e+01 1.864252e+01
-4.289565e+00 -5.332290e+01 1.719807e+01 5.747211e+00
2.141096e+01 -4.099464e+01 1.350128e+01 3.725493e+01
1.948274e+01 -5.092358e+01 1.092393e+01 2.096358e+01
1.339415e+01 -4.874364e+01 1.316739e+01 1.915576e+01
1.306447e+01 -3.347402e+01 1.512658e+01 1.882822e+01
1.970979e+01 -3.473133e+01 9.823649e+00 1.766740e+01
3.494918e+00 -3.611105e+01 2.334946e+01 2.761153e+01
-3.014671e+00 -5.763651e+01 2.617827e+01 1.178193e+01
1.982035e+01 -3.055425e+01 1.420140e+01 1.363803e+01
1.430737e+01 -3.588193e+01 1.165908e+01 2.526546e+01
1.701989e+01 -3.364086e+01 7.992551e+00 2.607106e+01
1.377595e+01 -4.233858e+01 8.743222e+00 8.119551e+00
1.356576e+01 -1.824556e+01 3.463745e+01 2.672080e+01
1.458834e+01 -1.509655e+01 1.322681e+01 -8.480240e+00
1.853962e+01 -3.713937e+01 8.507277e+00 -5.903198e+00
1.489894e+01 -3.830395e+01 4.814656e+01 3.510262e+00
7.842376e+00 -4.550267e+01 4.006728e+01 2.871618e+01
5.787894e+00 -3.577429e+01 2.452927e+01 -3.960995e+00
-1.618724e-02 -4.920928e+01 1.991244e+01 8.279597e+00
7.844623e-01 -3.972069e+01 2.258021e+01 1.300099e+01
2.682998e+00 -4.276333e+01 2.169177e+01 -7.029224e-01
1.488557e+01 -2.627605e+01 1.630534e+01 8.698744e+00
1.084467e+01 -2.237589e+01 -3.688527e-01 1.598543e+01
1.115006e+01 -1.932384e+01 1.380763e+01 3.270850e+00
1.551822e+01 -3.156992e+01 1.804023e+01 1.415498e+01
2.169170e+01 -3.726974e+01 1.094295e+01 2.490017e+01
1.788941e+01 -3.420973e+01 1.209725e+01 1.833971e+01
1.163897e+01 -5.275162e+01 1.501172e+01 1.673491e+01
1.578824e+01 -1.562033e+01 6.312315e+00 1.679127e+01
8.932280e+00 -1.956849e+01 2.023341e+01 2.338841e+01
1.083368e+01 -2.308697e+01 1.823288e+01 2.598829e+01
1.818532e+01 -3.127018e+01 2.354573e+01 2.632271e+01
2.772096e+01 -3.994823e+01 4.006230e+00 3.179341e+01
1.756847e+00 -3.433399e+01 1.163207e+01 1.567713e+01
1.192726e+01 -3.601885e+01 1.029478e+01 2.051278e+01
2.985411e+01 -1.461101e+01 -6.911901e+00 3.049251e+00
-4.264187e+00 -1.765456e+01 1.748820e+01 -2.289455e+00
7.687510e+00 -3.169797e+01 1.708918e+01 9.578928e+00
2.274419e+01 -1.734660e+01 1.270009e+01 1.846732e+01
9.896910e+00 -3.463274e+01 1.524054e+01 2.184137e+01
5.210433e+00 -2.824695e+01 1.428510e+01 1.962494e+01
-6.584339e+00 -4.753037e+01 1.810253e+01 -1.886640e+00
-6.205522e+00 -4.114034e+01 1.370181e+01 7.091124e+00
5.830126e+00 -3.846166e+01 1.060543e+01 8.810326e+00
2.270487e+01 -3.102278e+01 9.972817e+00 2.705142e+00
9.963051e+00 -2.457032e+01 1.359097e+01 9.955844e+00
-1.520390e+00 -1.957141e+01 1.032499e+01 -6.191973e+00
2.198146e+01 -1.821056e+01 1.574977e+01 -1.499319e+01
9.671465e+00 -1.492772e+01 6.155750e+00 3.631375e+00
4.172380e+00 -4.088789e+01 5.134664e+00 2.244971e+01
-6.791039e+00 -2.808180e+01 1.349705e+01 2.178564e+00
3.742751e+01 -3.825712e+01 2.784826e+00 2.613794e+01
1.033651e+01 -3.855940e+01 2.183922e+01 1.316412e+01
-1.082408e+01 -1.651646e+01 7.063715e+00 1.306668e+01
1.260785e+01 -1.308236e+01 2.011676e+01 1.197902e+01
3.069151e+00 -4.498513e+01 1.371936e+01 1.893751e+01
1.061775e+01 -2.514724e+01 2.257581e+01 9.176573e+00
1.517083e+01 -4.116961e+01 1.447372e+01 1.084382e+01
1.320148e+01 -4.177275e+01 1.456235e+01 1.445871e+01
4.079856e+00 -2.116485e+01 1.145961e+01 -8.119744e+00
1.905441e+01 -2.295474e+01 1.570543e+01 2.295507e+01
-1.065501e+00 -1.962707e+01 3.408136e+00 1.047960e+00
8.005757e+00 -2.305055e+01 2.085045e+01 1.178549e+01
1.725405e+01 -4.270779e+01 1.518839e+01 1.122475e+01
9.161251e+00 -2.026903e+01 2.083783e+01 -5.577970e+00
-4.083864e-01 -4.722401e+01 3.171325e+01 1.490082e+01
8.277771e+00 -3.269462e+01 9.308366e+00 1.873530e+00
2.513095e+01 -3.812915e+01 2.788330e+01 1.419020e+01
9.265956e-02 -4.445011e+01 2.465933e+01 2.173245e+01
9.992133e+00 -5.260199e+01 1.575146e+01 4.843796e+00
-1.916043e+00 -3.700293e+01 1.647095e+01 -5.879295e+00
2.574162e+01 -2.624570e+01 5.664863e+00 1.956104e+01
8.521799e+00 -2.529952e+01 1.700735e+01 5.984622e+00
-7.422413e-01 -4.033862e+01 1.950138e+01 -3.751388e-01
1.037610e+01 -1.980611e+01 2.611542e+01 8.248997e+00
1.031137e+01 -3.663113e+01 1.463646e+01 -6.895589e+00
2.371016e+01 -2.165077e+01 1.787572e+01 1.428083e+01
2.582321e+00 -3.828931e+01 5.924352e+00 9.771092e+00
1.542052e+01 -4.175885e+01 3.900002e+01 5.858294e+00
-5.487246e+00 -3.379400e+01 2.208886e+01 8.291780e+00
-7.389270e-01 -3.053852e+01 2.344227e+01 -3.269844e+00
1.954801e+01 -3.016227e+01 1.632798e+01 2.513214e+00
1.847061e+00 -3.823966e+01 2.173708e+01 9.286400e+00
7.093400e+00 -4.931874e+01 1.878364e+01 -3.767828e+00
1.348971e+01 -4.218163e+01 1.103032e+01 3.774140e-01
4.476082e+00 -5.817237e+01 1.243384e+01 1.874526e+01
6.966438e-01 -4.617234e+01 4.867349e+00 1.826245e+01
1.382168e+01 -3.307487e+01 2.100032e+00 1.195202e+01
1.878064e+01 -1.776556e+01 1.440081e+01 7.834771e+00
3.441315e-01 -4.411289e+01 2.442876e+01 1.510602e+01
-7.999997e+00 -4.521007e+01 4.249185e+00 1.554988e+01
8.336102e+00 -4.436025e+01 1.404755e+01 1.147621e+01
2.097320e+01 -4.435093e+01 1.976307e+01 4.188488e+00
6.942397e+00 -4.312687e+01 2.564690e+01 2.031166e+01
1.067793e+01 -1.770465e+01 1.012766e+01 8.773602e+00
1.381590e+01 -2.907076e+01 2.951609e+01 2.286040e+01
8.368502e+00 -2.051183e+01 9.902298e+00 4.601112e+00
6.986057e+00 -3.659509e+01 1.987081e+01 1.285778e+01
1.595041e+01 -2.979005e+01 9.477473e+00 2.123983e+01
-1.103677e+01 -3.657690e+01 1.368625e+01 -3.577156e+00
-4.584765e+00 -5.023871e+01 2.210644e+01 2.025560e+01
-2.710942e+00 -3.146914e+01 1.254646e+00 1.929159e+01
1.500701e+01 -1.142549e+01 -5.138507e+00 2.185830e+01
1.246246e+01 -2.405072e+01 7.401623e+00 1.046949e+01
1.852193e+01 -4.166095e+01 1.780204e+01 6.838606e+00
2.366747e+01 -3.264405e+01 2.687356e+01 1.647464e+01
2.630483e+00 -1.913100e+01 2.475298e+01 -1.473165e+01
-1.994135e+00 -3.912980e+01 2.616329e+01 2.977500e+01
4.824508e+00 -3.348344e+01 3.024383e+01 2.648685e+01
2.581080e+01 -2.671243e+01 4.241525e+01 2.323709e+01
1.529165e+01 -2.985340e+01 2.153775e+01 7.386619e+00
7.465445e+00 -3.442955e+01 1.839271e+01 -6.185432e+00
-2.979604e+00 -4.806111e+01 2.057069e+01 3.452848e+00
5.353472e+00 -3.581906e+01 1.968399e+01 4.359297e+00
1.325308e+01 -1.940058e+01 -1.801923e-01 5.740360e+00
7.081031e+00 -2.563642e+01 1.397410e+01 1.666996e+01
1.535256e+01 -1.921564e+01 8.289364e+00 1.149862e+01
9.849604e+00 -4.455023e+01 1.989153e+01 9.465465e+00
4.832789e+00 -4.337718e+01 1.268748e+01 1.096877e+01
-8.244884e-01 -5.403759e+01 1.710791e+01 -1.112802e+00
2.610040e+01 -2.107282e+01 1.143454e+01 2.252297e+01
1.144548e+01 -1.618287e+01 2.563702e+01 2.063771e+01
9.550309e+00 -2.610660e+01 1.986971e+01 2.966893e+01
1.878219e+01 -1.878225e+01 -4.417719e+00 5.375761e+00
8.266689e+00 -4.306156e+01 1.507938e+01 2.441079e+01
1.058162e+01 -1.901042e+01 1.030763e+01 2.911102e+00
1.929470e+01 -3.638346e+01 1.900526e+01 1.890816e+01
2.129646e+01 -2.388859e+01 1.248998e+01 1.875105e+01
-3.307695e+00 -1.873030e+01 1.497124e+00 2.031750e+00
-1.388585e+00 -3.482883e+01 1.346390e+01 5.792813e-01
1.081775e+01 -3.857398e+01 1.585582e+01 2.323771e+01
-4.239259e+00 -3.520054e+01 -1.431534e+00 4.271345e+00
7.385566e+00 -4.154219e+01 1.709215e+01 2.594357e+01
3.366374e+01 -3.526396e+01 1.959770e+01 3.710025e+01
-7.394871e+00 -4.561388e+01 2.184634e+01 8.551557e+00
9.547425e-01 -3.820751e+01 4.836444e+00 -2.323997e+00
9.180553e+00 -3.786970e+01 3.505797e+01 4.705873e+00
2.567332e+01 -3.052534e+01 1.340101e+01 2.444518e+01
5.293079e+00 -2.509099e+01 1.716780e+01 1.140298e+01
1.059228e+01 -3.718523e+01 5.174041e+00 6.374677e+00
8.480767e+00 -3.629838e+01 1.292733e+01 -2.965306e+00
1.260310e+01 -3.268136e+01 3.496169e+01 6.340160e-01
8.529458e+00 -2.839054e+01 2.136311e+01 4.077885e+00
8.510950e+00 -3.287091e+01 9.131658e+00 1.935840e+01
1.298806e+01 -1.883155e+01 5.593311e+01 5.038115e+00
9.055430e+00 -3.486393e+01 2.767213e+01 2.968141e+01
1.800343e+01 -3.236014e+01 2.124577e+01 1.559515e+01
1.330184e+01 -3.825924e+01 2.301026e+01 1.929859e+01
2.530972e+01 -1.649756e+01 7.526225e+00 1.617316e+01
1.350639e+01 -3.417328e+01 1.347665e+01 1.678687e+01
4.354495e+00 -3.638404e+01 3.020415e+01 1.595726e+01
8.521347e-01 -4.132814e+01 1.699440e+01 4.912811e+00
2.970811e+01 -2.886378e+01 1.480297e+01 1.653309e+01
2.405872e+01 -2.913834e+01 2.149311e+01 1.273808e+01
2.483366e+01 -3.181601e+01 7.415128e+00 1.369355e+01
9.263546e+00 -3.277987e+01 1.478230e+01 -7.844823e+00
1.143107e+01 -2.743659e+01 2.198297e+01 3.382674e+01
4.597968e+00 -4.174504e+01 1.841814e+01 2.837324e+00
1.154147e+01 -2.030408e+01 1.497715e+01 1.903437e+01
5.777503e+00 -3.705526e+01 1.635604e+01 1.615344e+01
4.175311e+00 -3.362663e+01 2.131795e+01 1.262140e+01
6.168165e+00 -5.558602e+01 2.239658e+01 2.252243e+01
-1.646495e+00 -4.116279e+01 8.150967e+00 1.238818e+01
-4.504828e-01 -4.898858e+01 7.212867e+00 4.164514e+00
1.385166e+01 -5.073842e+01 2.207916e+01 2.156512e+01
-4.253588e+00 -3.475536e+01 2.485441e+01 1.326692e+01
-4.050823e+00 -4.501935e+01 1.505082e+01 3.779768e+00
1.439679e+01 -3.131136e+01 7.568040e+00 2.401756e+01
1.097559e+01 -4.012874e+01 1.651369e+00 1.266308e+01
2.331811e+01 -3.715878e+01 1.403666e+01 2.482630e+01
1.760219e+01 -3.975911e+01 3.107818e+01 2.169824e+01
1.984437e+01 -5.410965e+01 1.713363e+01 5.247450e+00
7.376660e+00 -6.237409e+01 2.061595e+01 1.662123e+01
1.890792e+00 -3.872834e+01 1.412370e+01 -1.330845e+00
7.116055e+00 -3.460124e+01 1.884706e+01 8.596534e+00
1.205934e+01 -3.446239e+01 1.071423e+01 1.316859e+01
1.295489e+01 -3.244607e+01 2.663783e+01 9.267569e+00
-3.667941e+00 -3.072260e+01 1.979165e+01 -7.923343e+00
2.322081e+01 -2.138442e+01 2.040324e+01 1.950176e+01
3.836226e+00 -3.023827e+01 2.017886e+01 -7.316284e+00
-6.235650e+00 -3.417610e+01 2.351314e+01 9.142000e-01
1.317578e+01 -2.294655e+01 -3.671871e+00 2.354158e+01
1.209516e+01 -1.737689e+01 6.198433e+00 1.300761e+01
1.096367e+01 -1.397573e+01 9.502447e+00 4.426777e+00
7.630631e+00 -2.701491e+01 -2.973465e+00 9.434854e+00
7.148284e+00 -3.686910e+01 2.101649e+01 6.423960e+00
-3.209884e+00 -1.592122e+01 -5.518492e+00 -1.600856e+01
2.077254e+01 -3.712257e+01 2.948015e+01 1.483022e+01
1.225749e+01 -3.377943e+01 1.625170e+01 5.491488e+00
1.407853e+01 -2.489899e+01 2.358215e+01 8.186964e+00
1.053940e+01 -4.694371e+01 7.534850e+00 2.002327e+01
1.669946e+01 -4.294298e+01 1.362296e+01 2.792592e+01
1.790723e+01 -3.756861e+01 1.944644e+01 2.290723e+01
1.073235e+01 -5.139537e+01 1.956678e+01 -2.760041e+00
6.344416e+00 -5.041708e+01 1.752050e+01 5.795335e+00
1.851875e+01 -5.497969e+01 2.772260e+01 1.697835e+01
7.198759e+00 -3.751509e+01 3.665517e+01 8.961903e+00
1.277751e+01 -4.852335e+01 1.361181e+01 -3.229543e+00
3.435721e+00 -4.255437e+01 1.327906e+01 6.826321e-01
2.044329e+01 -4.104741e+01 1.448500e+01 2.840913e+00
2.432638e+01 -4.371633e+01 2.079455e+01 2.832671e+00
1.569622e+01 -4.597278e+01 2.108840e+01 -3.085176e-01
2.144135e+01 -2.977813e+01 2.052461e+01 -4.314086e+00
2.152812e+01 -4.543738e+01 2.704814e+01 1.869929e+00
1.256946e+01 -4.289224e+01 1.613326e+01 -2.800438e+00
1.654302e+01 -3.835001e+01 2.567012e+01 3.916231e+00
8.570943e+00 -4.277734e+01 1.997283e+01 -9.673617e+00
2.029770e+01 -4.000032e+01 2.373268e+01 1.643779e+01
3.081584e+01 -4.501009e+01 1.522122e+01 1.421183e+01
2.165751e+01 -3.653995e+01 2.282058e+01 8.552388e+00
6.291904e+00 -4.306195e+01 1.436815e+01 1.497896e+01
1.825697e+01 -4.044116e+01 1.085791e+01 1.230186e+01
2.223484e+01 -2.798749e+01 6.984848e+00 9.920160e-01
2.542610e+01 -3.986811e+01 2.174656e+01 1.601681e+01
1.678553e+01 -4.183623e+01 8.644832e+00 9.285842e+00
2.237053e+01 -3.437677e+01 1.672737e+01 3.622513e+00
2.006339e+01 -2.930300e+01 2.005336e+01 -3.889848e+00
1.649113e+01 -3.733665e+01 1.186576e+01 2.125139e+00
3.017732e+01 -3.569545e+01 3.702384e+01 1.179698e+01
9.158194e+00 -3.810736e+01 3.231758e+01 1.148882e+01
6.082311e+00 -3.853630e+01 1.696475e+01 3.236378e+00
5.621646e+00 -4.017535e+01 1.963143e+01 3.184386e+00
6.402169e-01 -4.260390e+01 1.690545e+01 3.765563e+00
1.078103e+01 -2.595998e+01 2.267504e+01 1.197078e+01
1.302509e+01 -3.621795e+01 1.996272e+01 1.707845e+01
1.012526e+01 -3.544964e+01 1.714189e+01 2.812161e+00
-3.306034e+00 -4.352091e+01 2.111588e+01 4.061625e+00
8.862055e+00 -4.179655e+01 1.123886e+01 5.189721e+00
1.455690e+01 -2.679289e+01 2.063784e+01 1.000282e+01
9.436992e+00 -3.856569e+01 1.747804e+01 2.146097e+01
1.122081e+01 -2.994135e+01 4.874881e+00 1.383419e+01
1.585013e+01 -2.741683e+01 1.153335e+01 2.985790e+01
8.724440e-01 -3.924559e+01 1.346876e+01 1.249343e+01
5.153694e+00 -3.495890e+01 9.564368e+00 2.263871e+01
8.857160e+00 -2.024204e+01 1.579808e+01 -4.299295e-01
1.930109e+01 -2.801853e+01 -3.296128e+00 9.907709e+00
5.031247e+00 -9.235449e+00 -3.718449e+00 2.425913e-01
9.956468e+00 -2.901560e+01 5.852175e+00 3.240150e+00
1.038167e+01 -1.097338e+01 3.403252e+00 3.407316e+00
-2.555367e+00 -1.421214e+01 7.030750e+00 7.249345e-02
1.502477e+01 -1.895276e+01 -1.132945e+01 2.775014e+00
5.880120e+00 -2.374683e+01 1.571283e+01 -2.481097e+00
-3.592701e+00 -2.387669e+01 -2.716738e+00 3.652032e+00
1.394967e+01 -3.276302e+01 2.163335e+01 3.540722e+00
7.788768e+00 -2.370810e+01 1.221178e+01 1.780115e+01
8.368424e+00 -3.548939e+01 2.343608e+01 9.477489e+00
-1.400720e+00 -2.175698e+01 2.817528e+00 -1.137746e+01
2.735108e+01 -1.724289e+01 3.107799e+00 2.430802e+01
9.851570e+00 -3.132814e+01 1.261821e+01 2.136947e+01
-8.829225e+00 -1.752850e+01 5.039342e+00 5.181476e+00
1.396323e+01 -2.605775e+01 -5.985103e+00 2.735449e+01
5.015584e+00 -3.191122e+01 1.973199e+01 1.417715e+01
1.319945e+01 -2.108577e+01 2.188104e+01 3.952049e+01
1.652606e+01 -2.669387e+01 2.866983e+01 1.155399e+01
1.220738e+01 -2.197757e+01 1.016841e+01 2.317753e+01
1.092326e+01 -3.250939e+01 9.599229e+00 2.423113e+01
2.375021e+01 -1.183162e+01 4.342952e+00 2.158334e+01
2.807435e+00 -1.711958e+01 1.275744e+01 1.393202e+01
9.274075e+00 -3.894851e+01 1.148495e+01 1.774205e+01
2.989051e+00 -2.131917e+01 4.211835e+00 1.078898e+01
-7.379345e-01 -2.004209e+01 7.638309e+00 -4.364617e+00
-1.865351e+00 -1.943387e+01 1.474361e+01 -7.711480e+00
4.739708e+00 -2.840516e+01 2.684265e+00 3.750571e+00
1.228183e+01 -2.460107e+01 9.515416e+00 1.222751e+01
-7.838427e+00 -2.638660e+01 9.146243e+00 -1.326469e+00
2.540543e+00 -4.366951e+01 7.937151e+00 7.148971e+00
-8.484448e+00 -3.974071e+01 1.197300e+01 3.554657e+00
1.570551e+01 -3.255197e+01 1.124016e+01 1.162907e+01
1.321625e+00 -3.461468e+01 1.798935e+01 1.655769e+00
-1.079379e+01 -5.004032e+01 8.674197e+00 -6.884178e+00
2.355571e+01 -1.649835e+01 5.664429e+00 1.117572e+01
1.785751e+01 -1.661395e+01 7.330254e+00 6.645592e+00
4.555238e+00 -4.030184e+01 6.274231e+00 9.110545e+00
2.857612e+01 -2.544078e+01 1.398760e+01 1.978838e+01
1.643880e+01 -3.984448e+01 8.670210e-01 1.748464e+01
2.266447e+01 -3.193042e+01 1.027255e+01 2.461979e+01
1.728241e+01 -2.426612e+01 1.675648e+01 3.051244e+01
5.245474e+00 -2.187930e+01 1.193884e+01 1.679143e+01
1.797179e+01 -2.348921e+01 7.692920e+00 1.866141e+01
1.183145e+01 -2.923691e+01 4.301059e+01 1.539658e+01
8.628283e+00 -3.361580e+01 3.139912e+01 1.310196e+01
2.612983e+00 -3.733980e+01 8.381797e+00 1.856742e+01
1.089279e+01 -3.633812e+01 7.582135e+00 1.397734e+01
1.971141e+01 -3.605761e+01 1.599827e+01 4.734737e+00
1.046067e+01 -1.851636e+01 -6.015072e+00 6.700627e+00
1.126843e-01 -3.064427e+01 1.308663e+00 4.438568e+00
1.034513e+01 -3.164026e+01 7.710161e-01 1.362857e+01
-6.116474e-01 -3.115649e+01 7.053735e+00 -1.455152e+00
7.437919e+00 -3.932000e+01 1.740400e+01 7.329104e+00
-1.502796e+00 -4.490000e+01 1.488564e+01 1.269504e+01
9.710766e+00 -2.974953e+01 1.667531e+01 1.574727e+01
-7.541622e+00 -3.610452e+01 2.729185e-01 6.704885e+00
1.023240e+01 -2.611114e+01 -3.303114e+00 7.347910e+00
1.881797e+00 -3.087289e+01 -7.836887e+00 7.124028e+00
2.305283e+01 -3.255970e+01 9.240907e+00 2.706021e+01
1.141375e+01 -3.507998e+01 1.250702e-01 3.116249e+01
-8.800356e+00 -2.166025e+01 -8.934572e+00 -7.242676e+00
1.798957e+01 -1.107086e+01 2.293974e+01 2.499562e+01
2.788997e+00 -3.442303e+01 -5.815121e+00 9.419314e+00
-4.602083e+00 -4.998742e+01 1.819194e+01 9.782640e+00
6.384944e+00 -4.608981e+01 1.946884e+01 1.502237e+01
1.120287e+01 -4.541665e+01 2.763802e+01 2.805202e+01
8.820702e+00 -4.289051e+01 2.043657e+01 1.125309e+01
-3.905860e+00 -6.066147e+01 2.990973e+01 1.931186e+01
5.109944e+00 -4.774266e+01 2.873549e+01 2.032184e+01
6.766807e+00 -5.055622e+01 4.865093e+00 5.006223e+00
7.478338e+00 -5.541762e+01 2.261197e+01 1.940083e+01
-5.841910e+00 -5.197959e+01 1.907310e+01 1.203301e+01
-1.167623e+01 -5.003726e+01 1.696613e+01 2.438984e+00
1.488850e+01 -2.188746e+01 2.537195e+01 1.839030e+01
1.466074e+00 -5.279692e+01 2.609238e+01 2.103199e+01
-2.332129e+00 -7.049904e+01 2.988284e+01 1.326466e+01
4.654242e+00 -4.940942e+01 1.265228e+01 1.560252e+01
3.501195e+00 -4.837930e+01 2.336734e+01 1.827755e+01
1.036897e+01 -4.510295e+01 1.202050e+01 1.438919e+01
-3.966976e+00 -5.187784e+01 2.788827e+01 2.076598e+00
1.101291e+00 -3.629586e+01 1.769732e+00 3.964109e+00
-6.972497e+00 -4.707515e+01 1.456511e+01 1.824796e+01
1.925554e+00 -4.227492e+01 1.202029e+01 2.278906e+01
1.926615e+01 -4.979022e+01 2.583123e+01 2.844186e+01
5.524872e+00 -4.493660e+01 1.312980e+01 1.287746e+01
1.281353e+01 -4.146046e+01 1.088676e+01 1.140683e+01
-3.065447e+00 -5.954077e+01 9.192858e+00 2.454322e+01
-4.031571e+00 -4.864439e+01 6.424750e+00 2.149300e+01
5.971853e+00 -5.004985e+01 1.995233e+01 1.113399e+01
8.671939e+00 -5.819903e+01 1.397490e+01 3.404593e+01
6.762472e+00 -3.085686e+01 1.759304e+01 1.492437e+01
-1.122243e+01 -4.576038e+01 1.485684e+01 1.065831e+01
1.137125e+01 -3.118123e+01 2.233690e+00 2.758766e+01
7.341273e+00 -3.045854e+01 -2.684963e+00 7.277440e+00
5.052434e+00 -3.039374e+01 -1.216418e+00 -1.438082e+00
-8.845158e+00 -3.925544e+01 2.352804e+01 9.318409e+00
9.240758e+00 -3.300400e+01 4.814729e+00 1.679162e+01
1.373539e+01 -3.459500e+01 7.402045e+00 2.706471e+01
1.510080e+00 -4.472907e+01 -2.388129e+00 8.451864e+00
1.398183e+01 -2.174662e+01 1.464086e+00 2.308520e+01
7.255729e+00 -2.712327e+01 4.226007e+00 8.657206e-01
6.335967e+00 -4.623082e+01 5.595946e+00 2.886111e+01
1.217466e+01 -1.450946e+01 5.974641e+00 5.250168e+00
1.864305e+01 -2.732568e+01 2.617893e+00 1.017530e+01
9.608688e+00 -2.822177e+01 9.172531e+00 1.612982e+01
1.326736e+01 -2.985166e+01 1.812169e+00 2.905155e+01
1.132740e+01 -3.770711e+01 1.837398e+01 1.113383e+01
1.386287e+01 -3.140908e+01 6.847754e+00 2.052554e+01
1.038976e+01 -4.726089e+01 1.501417e+01 4.399275e+00
6.783443e+00 -3.572184e+01 7.551294e+00 1.615067e+01
4.522581e+00 -3.460635e+01 9.560254e+00 9.369447e+00
1.224124e+01 -4.287582e+01 1.291862e+01 2.246148e+01
3.196135e+01 -2.387275e+01 5.088192e+00 2.977897e+01
2.389934e+01 -2.499866e+01 5.381094e+00 1.993365e+01
6.264804e+00 -3.592055e+01 8.644276e+00 1.718125e+01
6.282291e+00 -4.339542e+01 1.833861e+01 -7.202096e+00
2.499953e+00 -3.192816e+01 2.199214e+01 -7.980900e-01
-1.944432e+00 -5.540569e+01 1.644850e+01 9.204827e+00
3.148970e+00 -4.164953e+01 2.586590e+01 -6.408211e+00
-9.075821e+00 -5.108208e+01 1.962744e+01 -2.105639e+01
-1.267149e+00 -3.269258e+01 2.711023e+01 -7.768356e+00
1.844572e+01 -2.945327e+01 4.002705e+00 -4.511687e+00
-6.388592e+00 -4.180871e+01 7.725503e+00 -5.108706e+00
5.372756e+00 -5.414505e+01 2.229768e+01 -3.145766e-01
1.476122e+01 -3.522450e+01 1.507332e+01 -9.813503e+00
8.829678e+00 -4.175454e+01 1.431896e+01 -1.161296e+01
4.450762e+00 -4.496891e+01 1.470735e+01 9.824944e-01
1.028360e+01 -4.026526e+01 6.769660e+00 -1.326822e+00
1.307190e+01 -4.347229e+01 1.202391e+01 9.682372e+00
-5.407905e+00 -4.876782e+01 5.956242e+00 -1.085760e+01
-2.189844e+00 -5.906538e+01 1.203994e+01 1.711329e+00
-5.124576e+00 -3.965336e+01 3.447553e+01 9.447608e+00
1.945888e+00 -4.376074e+01 2.375229e+01 5.269810e+00
-3.826391e+00 -4.223795e+01 3.295707e+01 -2.825253e+00
1.809627e+01 -3.932641e+01 1.486967e+01 -3.031234e-01
-3.647521e+00 -4.234536e+01 3.780454e+01 3.035257e+00
6.558642e+00 -4.118821e+01 2.767842e+01 8.867361e+00
4.689377e+00 -4.552030e+01 1.982790e+01 1.626626e+01
6.066337e+00 -4.055544e+01 2.682548e+01 2.528165e+01
-5.502130e+00 -5.558472e+01 1.216988e+01 5.132458e+00
9.209831e+00 -5.804461e+01 1.518670e+01 7.747918e+00
-2.868986e+00 -4.239256e+01 7.218548e+01 1.420601e+01
-7.799385e+00 -3.714626e+01 1.890634e+01 -8.633222e+00
1.472017e+01 -3.572562e+01 6.344393e+01 1.649213e+01
-7.846429e+00 -3.554347e+01 5.648772e+01 1.008065e+01
-1.121684e+01 -4.169259e+01 7.216100e+01 6.368865e+00
-4.122831e+00 -2.135590e+01 4.659893e+00 1.480233e+01
-4.510309e+00 -2.811171e+01 5.411200e+01 9.753373e+00
3.420257e+00 -2.539137e+01 6.900045e+01 1.789199e+01
-7.576462e+00 -3.337551e+01 6.338638e+01 3.971862e+00
-6.434556e+00 -2.809465e+01 5.402844e+01 -1.823596e+00
1.281284e+01 -2.301037e+01 4.842460e+01 4.607425e+00
1.222345e+00 -2.134240e+01 4.648588e+01 4.496222e+00
5.026234e+00 -2.556603e+01 5.013668e+01 7.418582e+00
1.115591e+01 -2.071509e+01 4.888969e+01 1.000407e+01
2.242477e-01 -3.219173e+01 5.655296e+01 4.071782e+00
5.224257e+00 -1.145440e+01 4.115968e+01 5.917943e+00
-7.951854e+00 -1.061630e+01 1.347165e+01 -9.502960e-01
1.149485e+01 -4.322672e+01 1.835723e+01 1.081116e+01
1.350523e+01 -2.284782e+01 3.447698e+01 2.042038e+01
1.037946e+01 -1.999174e+01 1.183718e+01 -3.969377e+00
1.580617e+01 -3.342442e+01 4.960069e+01 1.595402e+01
1.398499e+01 -3.302650e+01 3.352889e+01 9.710898e+00
2.230143e+00 -3.492835e+01 2.573375e+01 6.446050e+00
-1.658032e+00 -4.600987e+01 3.415030e+01 -1.374633e+01
-1.563647e+00 -3.654015e+01 5.660598e+01 1.856578e+01
1.214372e+01 -2.475085e+01 4.439050e+01 1.035269e+01
8.780573e+00 -2.048955e+01 5.190524e+01 2.229381e+01
-1.606854e+00 -4.416038e+01 4.068419e+01 -8.875147e+00
3.442847e+00 -3.373483e+01 2.312829e+01 -2.330760e+01
-1.258357e+01 -3.383640e+01 5.727005e+01 5.228818e+00
1.194669e+01 -1.501984e+01 1.499107e+01 -5.348689e+00
8.807423e-01 -4.364456e+01 2.470089e+01 -1.656800e+01
-1.700909e+01 -5.079568e+01 5.755674e+01 -3.472747e+00
-9.119122e-01 -4.192934e+01 3.659530e+01 -2.366743e+01
5.857125e+00 -2.895045e+01 2.202449e+01 -1.413862e+01
1.543994e+00 -3.204556e+01 2.488993e+01 -1.260024e+01
1.554390e+01 -4.320293e+01 2.390808e+01 -2.204110e+01
9.909948e+00 -3.656767e+01 2.290108e+01 -1.590443e+01
4.635268e+00 -2.565723e+01 2.728064e+01 -2.231395e+01
1.244624e+01 -3.238424e+01 2.099935e+01 -1.288434e+01
1.295103e+01 -2.407854e+01 2.502825e+01 -2.746859e+01
7.505446e+00 -3.372790e+01 1.812889e+01 -1.242442e+01
1.206092e+01 -4.234138e+01 3.058440e+01 -1.494110e+01
6.832708e+00 -2.117068e+01 1.251837e+01 9.461911e+00
-1.056960e+00 -3.762373e+01 3.068290e+01 5.580007e-01
1.846839e+01 -1.421577e+01 1.473078e+01 1.868064e+01
3.978546e+00 -4.003148e+01 2.284051e+01 -2.399314e-01
3.934982e+00 -3.098317e+01 1.415237e+01 1.792500e+01
1.565222e+01 -3.069484e+01 3.809367e+01 7.506112e+00
1.040912e+01 -3.120526e+01 3.102289e+01 3.480940e+01
-5.720391e-01 -3.276532e+01 4.803877e+01 2.935104e+01
1.890487e+01 -2.603492e+01 3.457143e+01 2.480082e+01
2.804845e+01 -2.461647e+00 1.379898e+01 3.337460e+01
1.323407e+01 -2.619219e+01 4.638169e+01 3.136155e+01
2.638790e+01 -1.166419e+01 1.908489e+01 3.332341e+01
2.779183e+01 -1.699441e+01 1.793323e+01 3.076051e+01
8.162319e+00 -1.931824e+01 3.048486e+01 2.110628e+01
6.549694e+00 -2.435263e+01 3.079975e+01 1.362777e+01
3.575961e+00 -1.520939e+01 1.463004e+01 1.449275e+01
2.411915e-01 -2.062412e+01 1.881966e+01 -3.167198e+00
4.817136e+00 -1.553351e+01 2.278676e+01 8.412928e+00
-5.125350e+00 -2.523195e+01 2.546783e+01 1.530634e+01
1.748369e+01 -2.503893e+01 3.200006e+01 1.637216e+01
1.661156e+00 -4.489325e+01 3.268307e+01 1.901680e+01
6.779847e-01 -2.446213e+01 1.964588e+01 8.765649e+00
1.223352e+01 -3.054101e+01 -8.403627e-01 -2.625759e+00
2.010283e+01 -3.435535e+01 2.400748e+01 6.500759e+00
4.470192e+00 -2.059753e+01 1.796078e+01 -1.688535e+00
1.856958e+01 -3.272687e+01 5.836047e+00 1.173330e+00
1.714232e+01 -2.420995e+01 1.040093e+01 3.012699e+00
3.308383e+01 -2.541597e+01 1.061473e+01 7.706747e+00
9.374992e-02 -2.592572e+01 3.356160e+01 1.541182e+01
1.418783e+01 -1.573350e+01 1.309809e+01 1.661712e+01
9.518917e+00 -2.677336e+01 1.943279e+01 2.764124e+00
9.307155e+00 -3.028067e+01 3.852533e+01 2.142335e+01
1.899571e+00 -2.972413e+01 1.915954e+01 1.223482e+01
7.384411e+00 -3.676583e+01 1.084614e+01 1.065815e+01
6.200288e+00 -3.735333e+01 2.704834e+01 1.366828e+01
1.323208e+01 -3.655295e+01 1.146747e+01 2.025586e+01
7.627132e+00 -3.144561e+01 8.144557e+00 1.156791e+01
7.580161e+00 -4.552500e+01 2.762730e+01 9.648060e+00
2.973643e+01 -1.495592e+01 1.222256e+01 2.419935e+01
2.169433e+01 -6.931106e+00 2.065242e+01 1.856275e+01
1.577042e+01 -2.500782e+01 1.504221e+01 2.319664e+01
-5.809661e-01 -1.840467e+01 1.618069e+01 1.074954e+01
-8.194982e+00 -3.463949e+01 4.038706e+01 -1.192014e+00
-2.361187e+00 -2.350391e+01 3.341098e+01 -1.347582e+01
1.581007e+01 -1.505839e+01 7.386737e+00 -1.853651e+01
1.013701e+00 -2.911849e+01 2.833287e+01 -1.362318e+01
2.279548e+01 -2.501591e+01 -9.374858e+00 -1.034989e+01
-4.377899e+00 -5.075819e+01 6.177041e+01 -1.370305e+01
4.303387e+00 -2.005454e+01 2.051541e+01 2.393115e+00
5.295612e-01 -1.185785e+01 3.993246e+01 1.119482e+01
1.890993e+01 -2.421810e+01 1.046487e+00 -5.479248e+00
5.570739e+00 -2.989475e+01 2.817186e+01 5.080722e+00
3.030380e+00 -4.229961e+01 4.721861e+01 -1.432469e+01
-1.749309e+01 -5.186680e+01 6.060906e+01 -4.899764e+00
1.926653e+01 -2.996952e+01 2.945299e+01 -1.600461e+01
-1.052147e+01 -3.503338e+01 2.270550e+01 1.378813e+01
-1.175986e+01 -3.213697e+01 1.176637e+01 -4.905490e-01
4.236745e+00 -3.006818e+01 2.071175e+01 2.416293e+00
2.789028e+00 -3.410154e+01 1.014836e+01 1.391658e+01
-3.204914e+00 -3.684033e+01 2.199497e+01 -4.276818e+00
1.158221e+01 -2.211336e+01 -7.471627e+00 -4.624482e+00
-6.199865e+00 -2.503279e+01 3.364244e+01 6.016323e+00
-4.257915e+00 -3.260452e+01 1.536824e+01 1.767334e+01
5.794647e+00 -2.284676e+01 7.686990e+00 2.744786e+00
1.303265e+01 -2.433268e+01 1.722026e+01 2.622339e+00
1.128155e+01 -3.511347e+01 2.744113e+01 1.931248e+01
1.365230e+01 -2.136749e+01 1.659931e+01 8.519991e+00
2.108433e+00 -2.471268e+01 2.092930e+01 2.134946e+01
-5.925970e+00 -3.803545e+01 3.103525e+01 1.136931e+01
1.347032e+01 -3.170609e+01 2.137167e+01 1.731772e+01
2.960358e+00 -2.534749e+01 2.834349e+01 1.910918e+01
3.472454e+01 -9.027961e+00 1.287448e+01 1.116345e+01
1.510159e-01 -3.593966e+01 3.847413e+01 1.453110e+01
3.580038e+01 -1.216474e+01 6.432523e+00 7.712055e+00
3.318759e+00 -3.677362e+01 2.659906e+01 -1.579132e+00
1.460276e+01 -1.437103e+01 1.238270e+01 1.635126e+01
-2.147887e+00 -4.260689e+01 4.817814e+01 9.588066e+00
-7.827339e+00 -3.896339e+01 3.769371e+01 8.427149e+00
4.592878e+00 -3.429064e+01 2.427541e+01 2.258009e+01
6.392916e-02 -3.980924e+01 3.455492e+01 -4.440945e+00
1.905960e+01 -1.848306e+01 2.304660e+00 1.979729e+01
1.105318e+01 -2.871275e+01 2.670762e+01 6.671685e+00
1.542146e+01 -1.799399e+01 4.986565e+00 2.666297e+01
5.792839e+00 -2.088446e+01 1.795706e+01 2.145685e+01
-9.100441e+00 -3.186245e+01 2.474085e+01 1.856569e+00
1.184495e+01 -2.892388e+01 2.145845e+01 1.693669e+01
1.435582e+01 -2.228245e+01 1.368444e+01 1.570089e+01
2.275731e+01 -2.676587e+01 2.079150e+01 2.954686e+01
2.295189e+01 -2.596485e+01 2.905200e+01 2.576285e+01
5.286746e+00 -1.746069e+01 4.726362e+01 1.784099e+01
-1.234432e+01 -4.832019e+01 2.458259e+01 3.963984e+00
-1.032192e+01 -4.213319e+01 4.597988e+01 -1.104716e+01
-2.936484e+00 -3.526237e+01 2.235238e+01 -5.081080e+00
-1.442770e+01 -3.637144e+01 3.198097e+01 1.038645e+01
-7.984384e+00 -3.451586e+01 3.407820e+01 5.553467e+00
5.063955e+00 -2.024649e+01 4.972972e+01 -8.752211e-02
3.668851e-02 -3.343391e+01 6.657212e+01 5.276635e+00
1.383107e+00 -4.315451e+01 5.571966e+01 4.417660e+00
1.320034e+01 -2.606808e+01 5.896113e+01 1.896129e+01
-8.164815e+00 -3.354984e+01 7.574106e+01 8.552571e+00
4.327367e+00 -2.358037e+01 5.919723e+01 1.230296e+01
1.338074e+01 -3.310686e+01 5.406453e+01 -5.767877e-01
-1.563595e+00 -4.048354e+01 5.614095e+01 -1.705784e+01
-1.675631e+00 -3.912832e+01 5.414862e+01 1.797233e+00
-2.821855e+00 -2.659301e+01 4.083929e+01 3.325497e+00
-1.303295e+00 -4.802164e+01 3.885859e+01 3.372963e+00
-5.643708e+00 -4.289706e+01 2.710211e+01 -4.797546e+00
-1.244585e+01 -3.436450e+01 4.499770e+01 2.828484e+00
-1.896728e+01 -3.591362e+01 3.655076e+01 -2.838715e+00
-9.741141e+00 -3.744460e+01 2.637524e+01 3.351297e+00
9.928670e+00 -4.945630e+01 4.242869e+01 -6.474649e+00
-1.621321e+01 -3.708881e+01 3.322085e+01 5.764018e-01
1.672972e+00 -3.139542e+01 3.013529e+01 1.905490e+01
1.261066e+01 -1.482469e+01 3.215919e+01 2.118788e+01
-4.596530e+00 -2.300091e+01 3.218936e+01 1.354252e+01
-5.894366e+00 -3.625057e+01 1.696006e+01 5.134081e+00
-1.291312e+01 -3.115009e+01 1.873568e+01 1.237466e+01
-1.474052e+00 -2.774398e+01 3.629108e+01 -2.629134e-01
-8.884333e+00 -2.938172e+01 5.772305e+00 -6.119784e+00
-1.627320e+00 -3.575837e+01 3.482492e+01 2.261659e-02
-1.705788e+00 -3.547751e+01 4.214488e+01 2.319630e+00
-5.197266e+00 -3.857838e+01 3.948696e+01 2.281710e+00
-5.677812e+00 -2.835910e+01 3.563977e+01 6.520677e+00
-8.135980e+00 -3.694714e+01 4.243009e+01 9.727396e+00
-4.588646e+00 -3.311468e+01 3.778306e+01 1.155004e+01
-6.800491e+00 -2.805071e+01 4.273054e+01 1.215770e+01
-1.021888e+01 -4.262113e+01 5.792114e+01 -2.256415e+00
-6.008900e-01 -2.104002e+01 3.562520e+01 -7.181995e-01
-1.842562e+00 -3.312673e+01 4.045507e+01 -1.123275e+01
-1.874847e+01 -3.309087e+01 4.554903e+01 -9.109287e-01
-1.665714e+01 -4.061186e+01 4.901278e+01 -6.161428e+00
-5.548916e+00 -1.918665e+01 1.658526e+01 9.033358e-01
-8.629062e+00 -2.371634e+01 4.441784e+01 1.338054e+00
9.630203e+00 -4.133599e+01 1.082014e+01 -4.696943e+00
6.857902e+00 -2.435569e+01 6.815028e+00 -4.371010e+00
-5.444607e+00 -3.524067e+01 2.183707e+01 8.376919e+00
6.882422e+00 -3.150749e+01 8.625763e+00 -2.217522e+01
1.207955e+01 -2.581904e+01 1.633301e+01 -1.447964e+01
1.522054e+01 -2.137516e+01 -7.960745e+00 -4.289606e+00
1.943982e+01 -2.549902e+01 -4.159319e+00 -8.616086e+00
3.483124e+01 -2.720385e+01 1.959656e+01 -1.229383e+01
2.297144e+01 -3.659668e+01 2.214513e+01 6.102949e+00
9.146494e+00 -2.093772e+01 2.307120e+01 1.424349e+01
-1.214573e+01 -1.872786e+01 2.165342e+01 -2.868450e+00
4.116019e+00 -2.159334e+01 3.526728e+01 -1.165519e+01
-1.551376e+00 -2.482561e+01 1.933067e+01 8.720070e+00
1.956464e+01 -4.569648e+01 8.313638e+00 1.282928e+01
1.264676e+01 -3.876587e+01 7.575892e+00 2.535956e+00
1.088970e+01 -3.090795e+01 3.379621e+01 -9.045365e+00
5.946365e+00 -3.402130e+01 3.921303e+01 -2.135172e+01
-2.958783e+00 -3.316650e+01 4.215095e+01 -4.893265e+00
-1.154247e+01 -3.981260e+01 5.113375e+01 -1.648699e+01
3.838770e+00 -4.170042e+01 3.305896e+01 -2.476149e+01
6.714123e+00 -4.562446e+01 4.762032e+01 -2.332730e+01
1.179284e+01 -4.442878e+01 3.176852e+01 -1.441082e+01
-1.769920e+00 -2.205948e+01 1.398314e+01 8.423145e-01
-1.488866e+01 -4.211126e+01 1.320149e+01 1.686614e+01
1.407227e+01 -2.843759e+01 -1.230987e+01 3.372205e+00
2.128164e+00 -2.552812e+01 1.433608e+01 2.832874e+01
-1.347362e+01 -3.346665e+01 3.439352e+01 2.254619e+01
2.732061e+01 -1.183231e+01 1.094990e+01 3.732018e+01
4.610577e+00 -4.343785e+01 6.244798e+01 -4.400800e+00
1.134547e+01 -2.604490e+01 5.413761e+01 9.910134e+00
-1.524265e+01 -3.067318e+01 6.444003e+01 1.355933e+01
3.615924e+00 -2.902764e+01 4.698284e+01 1.765403e+01
8.019072e-01 -2.223908e+01 6.279972e+01 1.602287e+01
-7.634359e+00 -2.545577e+01 5.491470e+01 3.621313e+00
-1.960037e+00 -3.593443e+01 5.667581e+01 1.827512e+00
1.139822e+00 -3.387200e+01 2.002357e+01 1.769174e+00
-4.908166e+00 -3.062277e+01 2.935879e+01 6.628786e-01
1.259014e+01 -2.645621e+01 2.804857e+01 -6.187299e+00
1.364896e+01 -3.619363e+01 5.069028e+01 1.186144e+01
1.151313e+01 -3.309753e+01 4.250735e+01 2.252503e+00
-5.945643e+00 -3.771117e+01 3.631601e+01 -6.039639e+00
1.171159e+01 -2.801282e+01 3.082787e+01 -3.627946e+00
2.254883e+01 -2.096133e+01 1.753268e+01 -3.050765e+01
8.364171e-01 -4.214736e+01 4.759920e+01 -1.711928e+01
2.445515e+01 -2.706024e+01 2.089255e+01 -1.072840e+01
1.122473e+01 -2.848141e+01 1.961708e+01 -1.892712e+01
-2.325013e+01 -2.910052e+01 3.388248e+01 3.057646e+01
-7.513337e+00 -2.769923e+01 5.289505e+01 1.631387e+01
4.462553e+00 -2.885136e+01 3.522096e+01 3.935411e+00
1.263374e+01 -3.862571e+01 4.565393e+01 1.074326e+01
1.668237e+01 -2.711896e+01 2.599896e+01 1.064030e+01
1.232672e+01 -2.947903e+01 1.802579e+01 1.807372e+01
1.836987e+01 -3.219194e+01 1.453414e+01 6.027491e+00
7.384798e+00 -2.345160e+01 3.630194e+01 1.880367e+01
1.644849e+01 -3.134591e+01 1.908376e+01 6.088318e+00
1.476010e+01 -2.893853e+01 2.028695e+01 2.554258e+01
-1.104004e+01 -3.964515e+01 2.152707e+01 1.056155e+01
1.106519e+01 -2.815259e+01 1.546581e+01 2.127642e+01
1.637108e+01 -3.299992e+01 1.795232e+01 8.185068e+00
1.261495e+01 -2.787795e+01 2.239815e+01 2.096334e+01
2.817165e+00 -2.444472e+01 1.572327e+01 2.385993e+01
1.016246e+01 1.539588e+00 1.081116e+01 1.707254e+01
1.637502e+01 -1.820195e+01 1.512891e+01 2.129746e+01
8.008813e+00 -2.305604e+01 2.155369e+01 1.847164e+01
-9.759546e-02 -2.575604e+01 1.518369e+01 1.063437e+00
-6.382772e-01 -3.933838e+01 2.260381e+01 1.704176e+01
-1.517984e+00 -3.284653e+01 1.722063e+01 -5.123382e+00
3.445480e-01 -2.401308e+01 4.085068e+01 -1.065731e+01
1.339769e+01 -3.913423e+01 4.797851e+00 -1.341712e+01
1.039683e+01 -2.668250e+01 1.371987e+01 -2.595297e+01
-4.714643e-01 -3.752845e+01 5.116365e+01 1.723739e+00
-1.048793e+01 -3.826443e+01 4.884811e+01 -9.617267e+00
-1.494927e+01 -4.054052e+01 2.411178e+01 -1.790075e+01
1.137350e+01 -4.651046e+01 4.624623e+01 -1.177342e+01
1.408361e+01 -2.722264e+01 2.613135e+01 -1.685702e+00
1.196683e+01 -2.412214e+01 2.148593e+01 1.029906e+01
6.566829e-01 -2.050764e+01 1.309199e+01 5.360521e+00
2.027127e+01 -1.568608e+01 3.062061e+01 2.266640e+01
3.386507e+00 -2.171225e+01 1.588948e+01 8.142864e+00
-3.610781e+00 -2.914747e+01 3.222202e+01 6.152985e+00
-3.598075e+00 -2.612844e+01 1.890032e+01 5.179932e+00
6.282396e+00 -2.640358e+01 2.335541e+00 1.834808e+01
2.090761e+01 -2.870762e+01 1.502661e+01 1.445693e+01
1.799135e+01 -3.519352e+01 2.932817e+01 1.764619e+01
-2.460605e+00 -3.375430e+01 1.140828e+01 3.814786e-01
7.156979e+00 -3.737269e+01 2.590882e+01 1.505427e+01
1.513535e+01 -1.721618e+01 2.389738e+01 2.107265e+01
1.376009e+01 -2.853907e+01 3.212809e+01 2.085785e+01
8.513843e+00 -3.001418e+01 3.448315e+01 1.896630e+01
-2.760218e+00 -3.866708e+01 1.079120e+01 -7.928548e+00
-7.733661e+00 -3.154185e+01 1.955240e+01 -2.561924e+00
-1.256346e+01 -3.089061e+01 3.557722e+01 9.617953e+00
5.670719e+00 -3.526805e+01 6.737853e+01 3.167117e-01
-1.538493e+01 -3.581592e+01 4.899899e+01 5.281402e+00
1.168379e+01 -2.731376e+01 3.953394e+01 1.512947e+01
-7.118097e+00 -4.755254e+01 4.802678e+01 -5.381981e-01
5.829643e+00 -3.287125e+01 3.935042e+01 4.646548e+00
-1.327871e+00 -2.182398e+01 2.066676e+01 -2.538501e+00
1.181844e+01 -1.610532e+01 4.773342e+00 -6.935274e+00
-6.756670e+00 -3.800399e+01 2.837662e+01 -7.967289e-01
-1.282567e+01 -3.848245e+01 2.851156e+01 5.900616e+00
1.995831e+01 -3.614611e+01 7.070623e+00 -1.017146e-01
3.121602e+00 -3.314144e+01 3.474951e+01 -5.337018e+00
-4.297021e+00 -3.082522e+01 4.138184e+01 4.349780e+00
-1.129742e+01 -3.269533e+01 2.785096e+01 3.339329e+00
-1.125471e+01 -3.044090e+01 4.661331e+01 1.681787e+00
2.327490e+01 -3.570253e+01 1.606080e+01 -1.164097e+01
1.989854e+01 -2.983120e+01 -7.743037e-02 -9.941064e+00
1.097586e+01 -3.308060e+01 1.068632e+01 -1.609639e+01
1.828282e+01 -4.582091e+01 2.902992e+01 8.904783e+00
9.804367e+00 -4.335705e+01 2.710255e+01 -5.766925e+00
4.273397e+00 -2.664855e+01 4.486541e+01 -5.631396e+00
1.128694e+00 -3.971795e+01 3.742728e+01 -1.791816e+01
-2.302706e+01 -3.963770e+01 3.689148e+01 4.147164e+00
-8.673549e+00 -4.507130e+01 1.827012e+01 -4.096489e+00
3.944384e+00 -5.307383e+01 1.984247e+01 -1.931558e-01
2.548209e-01 -3.800237e+01 1.798423e+01 2.117687e+01
8.291645e+00 -1.884027e+01 6.054004e+01 1.947456e+01
2.630598e+01 -1.039545e+01 -3.132856e+00 1.675544e+01
5.811365e+00 -3.284424e+01 4.922687e+01 8.553659e+00
-7.421051e+00 -3.792348e+01 4.589881e+01 6.671435e-02
-1.155840e+00 -2.956215e+01 1.067146e+01 -6.381279e+00
1.392363e+01 -4.479886e+01 1.245432e+01 -4.316678e+00
1.493913e+01 -2.182181e+01 9.998052e+00 -9.328134e+00
3.701928e+00 -3.116030e+01 2.634040e+01 6.380156e+00
-9.793998e+00 -1.769138e+01 2.192830e+01 2.658278e+00
-4.742409e+00 -5.277026e+01 3.858683e+01 -1.200719e+01
-7.615447e+00 -4.995971e+01 5.727124e+01 2.495156e+00
-6.749827e+00 -3.924416e+01 2.938644e+01 -3.462080e+00
1.472325e+01 -2.637520e+01 1.569017e+01 -2.648899e+01
1.440969e+01 -3.254500e+01 3.661133e+01 -1.067730e+01
1.068803e+01 -2.852630e+01 1.593205e+01 1.244184e+01
5.633693e+00 -3.848144e+01 2.698508e+01 9.586120e+00
-4.978220e-01 -2.919941e+01 2.688448e+01 4.679213e+00
2.145506e+01 -1.924428e+01 1.565187e+01 5.673532e+00
8.964743e+00 -2.513684e+01 2.434330e+01 7.268192e+00
1.918787e+01 -3.303403e+01 1.545262e+01 2.302366e+01
1.988202e+01 9.284539e-01 3.018575e+01 1.009681e+01
5.555750e+00 -2.161207e+01 1.782809e+01 1.422450e+01
1.330294e+01 -1.296945e+01 2.959510e+01 2.579675e+01
8.632134e+00 -3.590270e+01 3.451790e+01 3.078513e+01
7.128622e+00 -3.750303e+01 3.396363e+01 1.077281e+01
1.640781e+01 -2.608470e+01 2.500507e+01 3.043466e+01
7.379722e+00 -2.915425e+01 2.090874e+01 1.265791e+01
1.361057e+01 -8.243600e+00 1.913687e+01 1.252507e+01
2.326033e+01 -1.126480e+01 1.308825e+01 1.032208e+01
1.532779e+01 -1.775210e+01 2.070217e+01 1.862069e+01
1.642655e+01 -3.893686e+01 1.130468e+01 2.354605e+01
1.491981e+01 -3.325546e+01 2.967000e+01 1.122360e+01
5.463021e+00 -1.156760e+01 2.393293e+01 1.114383e+01
5.377803e+00 -2.734844e+01 2.533005e+01 2.148902e+01
1.580679e+01 -2.769368e+01 1.894535e+01 2.274770e+01
1.406316e+00 -3.071514e+01 1.759106e+01 5.455991e+00
2.269809e+01 -2.252268e+01 2.397054e+01 3.028837e+01
-1.253708e+01 -4.406955e+01 2.673889e+01 1.094975e+01
2.797828e+01 -1.946380e+01 5.791629e+00 3.544332e+01
1.370559e+01 -4.074150e+01 2.281151e+01 2.392173e+01
1.198116e+01 -2.568634e+01 2.562519e+01 2.502267e+01
-2.650047e+00 -4.302210e+01 6.667016e+01 -1.645729e+01
3.730199e+00 -3.919074e+01 4.985247e+01 -4.859607e+00
7.146046e+00 -2.517990e+01 3.140661e+01 2.288190e+00
-8.284998e+00 -3.431605e+01 5.684479e+01 -3.138008e+00
1.231998e+01 -3.151627e+01 5.117280e+01 1.018410e+01
-7.692233e-01 -3.190600e+01 3.586301e+01 -1.661237e+00
-1.176259e+01 -2.116653e+01 5.672188e+00 3.203178e-01
-2.910277e+00 -3.048248e+01 2.767269e+01 2.577513e+01
1.192362e+01 -2.135398e+01 1.252524e+01 -1.162878e+00
6.728112e+00 -2.588751e+01 2.403930e+01 1.127250e+01
-1.359295e+00 -2.699020e+01 2.841636e+01 9.791723e+00
4.612822e+00 -1.954357e+01 1.325884e+01 2.611326e+00
-3.850246e+00 -3.208883e+01 2.700976e+01 -7.472078e-01
1.795278e+01 -1.648830e+01 2.827777e+01 1.112077e+01
1.050013e+01 -2.261337e+01 2.749300e+01 1.274317e+01
2.502748e+01 -1.972713e+01 2.061663e+01 -8.075063e-01
3.370209e+01 -1.631419e+01 1.498209e+01 1.086789e+01
3.566972e+00 -3.663194e+01 2.916239e+01 5.037734e+00
3.841705e+00 -4.020040e+01 3.437816e+01 8.740880e+00
1.017029e+01 -3.539007e+01 3.256746e+01 2.965760e+01
2.997434e+00 -5.027087e+01 3.067443e+01 8.982917e+00
2.419430e+01 -3.709412e+01 2.845757e+01 1.088162e+01
2.882848e+00 -3.208611e+01 2.871192e+01 1.021390e-01
3.296804e+00 -3.267800e+01 5.108116e+01 4.984228e+00
8.695892e+00 -4.099140e+01 5.919765e+01 1.251143e+01
1.265235e+01 -2.878701e+01 1.225911e+01 -7.101578e+00
2.857905e+00 -3.163606e+01 6.126053e+01 1.281698e+01
3.919448e+00 -3.352345e+01 3.914607e+01 9.163749e+00
-6.630236e+00 -3.998589e+01 4.082505e+01 1.998670e+00
-9.050956e+00 -2.077650e+01 3.560517e+01 -5.146071e-01
-4.749355e+00 -4.235506e+01 3.552369e+01 3.553685e+00
-2.641856e+00 -4.624099e+01 3.674694e+01 2.962594e+00
-1.409060e+00 -2.944790e+01 1.900794e+01 -1.683182e+01
-1.078865e+01 -2.207760e+01 4.787205e+01 1.537204e+01
-1.125212e+01 -3.402837e+01 4.030653e+01 -5.111574e+00
1.578251e+01 -2.775274e+01 1.077530e+01 -1.559061e+01
7.824272e+00 -1.674329e+01 2.923389e+01 1.010567e+00
-1.798733e+00 -3.932850e+01 3.263387e+01 2.134089e+00
1.506538e+01 -3.373004e+01 1.680741e+00 6.120700e+00
-4.795150e+00 -2.816415e+01 2.826812e+01 1.366954e+01
2.054740e+01 -2.972417e+01 1.809220e+01 8.738259e+00
-1.318072e+01 -4.270774e+01 5.146502e+01 -6.413901e+00
-1.247625e+01 -4.682407e+01 6.369926e+01 -3.396122e+00
1.474969e+01 -3.144900e+01 1.730671e+01 -6.210633e+00
5.656993e+00 -3.241830e+01 1.196519e+01 2.274594e+00
-4.183531e+00 -2.599417e+01 1.232537e+00 1.633423e+01
7.071494e+00 -2.367544e+01 3.155283e+00 1.593801e+00
1.330746e+01 -2.079888e+01 4.126924e+00 2.088583e+01
2.360621e+01 -3.201808e+01 9.774946e+00 1.084163e+01
1.090762e+01 -3.326261e+01 4.559920e+00 -4.797936e+00
1.662165e+01 -4.114221e+01 2.016769e+01 -5.517785e+00
2.212826e+01 -3.554858e+01 1.863589e+01 -2.677503e+00
9.154407e+00 -3.875133e+01 1.751500e+01 2.130594e+01
3.501075e+00 -3.528769e+01 1.276838e+01 -6.374880e+00
-2.685150e+00 -3.056935e+01 2.844634e+01 -1.059056e+01
1.284540e+01 -3.791998e+01 2.245987e+01 -3.336828e+00
2.980579e+01 -3.138835e+01 5.798168e+00 -8.219779e+00
4.805957e+00 -2.862999e+01 1.292196e+01 -4.686200e+00
1.208325e+01 -2.547232e+01 1.880556e+01 6.253086e+00
2.120272e+01 -2.515993e+01 1.774703e+01 6.577382e+00
6.621401e+00 -2.339571e+01 3.379410e+01 -5.064591e+00
8.200984e+00 -2.314581e+01 1.459080e+01 2.195110e+00
2.401647e+00 -4.629512e+01 2.286481e+01 -5.569512e-01
1.161576e+01 -2.118995e+01 2.475807e+01 -2.683389e-01
1.515245e+01 -2.818540e+01 2.776550e+01 -1.366189e+01
7.207100e+00 -2.797374e+01 2.619030e+01 -7.517884e-01
4.587725e+00 -1.230527e+01 2.161408e+01 5.994045e+00
1.122008e+01 -2.757217e+01 1.945703e+01 1.520417e+01
5.143126e+00 -4.603822e+01 1.989244e+01 -7.725375e+00
1.110280e+01 -2.914770e+01 2.775595e+01 1.059973e+01
1.899780e+01 -3.368125e+01 1.366270e+01 -1.562371e+00
2.452689e+01 -1.270968e+01 3.010034e+00 1.972168e+01
7.235107e+00 -1.477547e+01 3.757715e+01 7.613829e+00
-3.197456e+00 -4.236079e+01 3.160873e+01 -8.472152e-01
-1.309770e+01 -3.388743e+01 5.732462e+01 4.860789e+00
2.837775e+00 -2.496645e+01 7.305350e+00 7.975551e+00
-5.784796e-01 -3.076622e+01 1.721673e+01 1.915082e+00
1.312194e+01 -2.815544e+01 2.384692e+01 1.089448e+01
-2.442998e+01 -3.977434e+01 4.142615e+01 2.012622e+01
-9.070147e+00 -2.662610e+01 3.971129e+01 1.983152e+00
-9.608961e+00 -2.898923e+01 4.195306e+01 3.193426e+00
-1.959068e+01 -3.515532e+01 4.474060e+01 6.845041e+00
-1.143272e+01 -3.113167e+01 4.700797e+01 -2.101622e-01
-1.576922e+00 -3.229686e+01 5.896660e+01 9.228659e+00
-3.619405e+00 -2.246311e+01 5.277827e+01 1.004141e+01
-4.563200e+00 -2.670161e+01 3.824040e+01 -2.165095e+00
9.274261e+00 -2.736143e+01 2.185294e+01 -1.012393e+01
2.087309e+01 -2.202478e+01 1.308747e+01 8.249912e+00
1.751807e+01 -2.406509e+01 1.963401e+01 6.751404e+00
1.920319e+01 -1.282397e+01 6.891770e+00 2.263278e+01
2.295443e+01 -2.122571e+01 2.123050e+01 2.099400e+01
-8.824048e+00 -2.461666e+01 2.599374e+01 -2.523653e+00
-1.048640e+01 -3.376302e+01 2.258087e+01 3.745089e+00
5.438880e+00 -2.551160e+01 2.238322e+01 1.178415e+01
-1.648734e+00 -1.587713e+01 2.958166e+01 3.340467e+00
1.723846e+01 -1.551831e+01 1.850654e+01 2.117339e+01
-1.301277e+01 -1.978976e+01 2.185457e+01 1.859920e+00
8.333081e+00 -2.402384e+01 4.659920e+01 -3.091704e+00
-2.684652e+00 -1.265933e+01 2.567547e+01 5.501096e+00
4.373231e+00 -1.526223e+01 3.124830e+01 2.066471e+01
-2.936683e+00 -7.445584e+00 3.049267e+01 1.210415e+01
1.551680e+01 -2.802005e+01 2.973005e+01 2.624266e+01
1.671646e+00 -2.911866e+01 2.735556e+01 9.602990e+00
-8.984764e+00 -3.705913e+01 3.955523e+01 2.277685e+00
1.218114e+01 -1.985476e+01 4.365280e+01 1.953142e+01
-2.580008e+01 -2.093775e+01 2.845110e+01 7.809741e+00
-9.954173e+00 -4.075131e+01 3.041573e+01 7.279075e+00
1.425778e+01 -1.946241e+01 3.690760e+01 3.279786e+01
2.127705e+01 -1.312266e+01 2.947357e+01 2.456850e+01
4.548268e+00 -2.972666e+01 2.404422e+01 8.099338e+00
-8.079209e+00 -3.028300e+01 3.342168e+01 2.425520e+01
4.571003e+00 -1.891968e+01 1.322430e+01 7.153538e+00
-3.876934e+00 -4.175262e+01 7.278860e+01 1.017131e+01
-5.576942e+00 -2.686709e+01 7.417866e+01 2.739445e+01
-5.990819e-01 -3.331975e+01 6.488509e+01 1.415849e+01
8.153091e+00 -3.035374e+01 6.189909e+01 2.504188e+01
8.001791e-01 -5.650484e+01 6.048032e+01 4.524546e+00
-9.652971e-01 -3.087100e+01 7.045644e+01 1.670447e+01
-4.907428e+00 -3.782060e+01 7.163092e+01 1.044688e+01
-4.391921e+00 -3.434010e+01 5.366733e+01 9.586629e+00
-1.227076e+01 -3.910837e+01 5.796697e+01 1.115789e+00
8.425936e+00 -2.625610e+01 7.672119e+01 2.326257e+01
-9.443676e-01 -3.452771e+01 7.190713e+01 1.571958e+01
-1.325223e+01 -4.156562e+01 7.166259e+01 7.370605e+00
-7.612725e-01 -4.244149e+01 6.467471e+01 7.100253e+00
-5.480547e-01 -2.683697e+01 1.323686e+01 7.645379e+00
-4.403674e+00 -1.409098e+01 1.908144e+01 -6.026458e+00
-4.066395e+00 -2.024231e+01 5.567628e+00 2.853217e-01
-3.129200e+00 -1.513808e+01 1.794814e+01 -4.404433e-02
5.067882e+00 -2.422601e+01 2.429988e+01 2.205150e+01
4.854503e-01 -3.419215e+01 3.064233e+01 2.973712e+00
2.147795e+00 -2.639282e+01 1.463595e+01 8.078301e-01
-3.225994e+00 -1.735908e+01 2.005993e+01 1.327628e+00
2.564709e+00 -2.314642e+01 2.253274e+01 -1.421557e+01
1.271778e+00 -2.498129e+01 2.271328e+01 9.885572e+00
-1.053158e+01 -2.431099e+01 2.521322e+01 -5.523218e+00
-9.055873e+00 -9.904773e+00 1.076810e+01 8.397978e-01
-1.178990e+01 -2.744150e+01 1.167034e+01 -8.365190e-01
1.871894e+01 -2.655475e+01 7.747469e+00 2.534693e+01
-3.554409e+00 -3.367842e+01 2.164113e+01 1.711143e+01
8.029294e+00 -4.001140e+01 2.264537e+01 2.426024e+01
-6.591551e+00 -3.978654e+01 2.128602e+01 1.290732e+01
1.637347e+01 -2.646169e+01 1.626192e+01 2.880943e+01
7.125050e+00 -2.519268e+01 2.151002e+00 5.962377e+00
9.622501e+00 -2.838934e+01 1.148052e+01 1.704212e+01
1.940377e+01 -2.584530e+01 3.590761e+00 2.739169e+01
1.349820e+01 -1.835149e+01 3.929642e-01 1.586517e+01
-2.586126e+00 -5.171011e+01 2.095502e+01 1.070791e+01
-5.372230e+00 -3.482434e+01 5.966254e+00 5.359977e+00
2.225131e+01 -2.302023e+01 2.527982e+01 4.347977e+01
-4.821091e+00 -3.423749e+01 2.837705e+01 1.623921e+01
7.117170e+00 -4.071299e+01 3.113507e+01 -4.870770e+00
3.133005e+01 -4.749471e+01 3.896537e+01 3.983670e+01
1.202519e+01 -3.103818e+01 2.097066e+01 1.578700e+01
3.988359e+01 -1.636810e+01 2.520875e+01 1.624861e+01
2.228098e+01 -4.396706e+01 2.707229e+01 4.103949e+01
3.083727e+01 -1.839741e+01 1.036308e+01 1.299146e+01
2.438401e+01 -3.454644e+01 3.371932e+01 3.034349e+01
-6.760580e+00 -3.492026e+01 2.484482e+01 4.312352e+00
2.082103e+01 -3.538342e+01 2.561536e+01 4.423469e+01
2.256991e+01 -5.006955e+01 2.539895e+01 1.530014e+01
1.870080e+00 -3.542199e+01 2.149172e+01 1.565138e+01
3.782585e+01 -3.243343e+01 3.303266e+01 2.865843e+01
1.163296e+01 -4.291758e+01 2.532677e+01 1.405066e+01
1.618689e+01 -3.222011e+01 2.060740e+01 3.323828e+01
1.925768e+01 -3.909999e+01 1.114604e+01 1.659310e+01
2.200801e+01 -2.631271e+01 1.492918e+01 2.541065e+01
-9.011411e+00 -2.798299e+01 2.546557e+01 1.845336e+01
-2.802923e+00 -2.044958e+01 -1.531889e-01 1.885127e+01
-5.741863e+00 -2.917366e+01 3.102159e+01 1.103907e+01
1.037527e+01 -2.898325e+01 1.317912e+01 1.251408e+01
1.771179e+01 -3.554008e+01 1.944108e+01 2.092081e+01
-4.430644e+00 -3.423168e+01 2.937504e+01 5.825442e+00
-1.054930e+00 -4.041404e+01 2.415586e+01 1.315006e+01
1.772954e+01 -3.328142e+01 2.515752e+01 1.524745e+01
-6.402663e+00 -3.304335e+01 7.715370e+00 5.704749e+00
2.069046e+01 -1.951085e+01 2.309252e+01 2.113916e+01
-1.308062e+01 -3.974318e+01 1.456841e+01 2.330677e+01
-1.175438e+01 -3.945209e+01 1.224593e+01 -5.719913e+00
-1.796736e+01 -4.065221e+01 2.603630e+01 7.549754e+00
-1.910530e+01 -3.032875e+01 8.198467e+00 1.775027e+00
-8.392188e+00 -6.076183e+00 3.393807e+00 -2.421068e+00
9.097462e+00 -1.399528e+01 2.555606e+01 9.261792e+00
4.238954e+00 -2.553267e+01 1.534237e+01 -2.187801e+00
3.658441e+00 -2.616444e+01 8.412656e+00 7.966170e-02
-1.226394e+01 -2.106570e+01 7.931965e+00 6.707361e+00
-1.892967e+01 -3.813953e+01 2.583160e+01 -3.144407e+00
-2.916960e+01 -3.606528e+01 2.355865e+01 1.306381e+01
-1.963819e+01 -2.528617e+01 1.357496e+00 -7.984994e+00
-1.787201e+01 -3.019275e+01 7.560491e+00 -3.206137e+00
-2.268407e+00 -3.073939e+01 1.870342e+01 -6.653426e+00
-9.752513e+00 -2.868316e+01 1.421196e+01 5.985088e+00
2.853170e+00 -2.772477e+01 1.799212e+01 2.226016e+00
3.203248e+00 -2.575338e+01 7.188282e+00 -5.695800e+00
1.169414e+01 -2.470514e+01 1.262036e+00 -2.709058e+00
1.527703e+01 -2.417626e+01 7.376982e-01 3.877137e+00
5.045347e+00 -2.409390e+01 -3.257003e+00 2.135138e+00
2.955541e-01 -1.815868e+01 1.065808e+01 -4.296118e+00
6.300537e-01 -3.400308e+01 1.071618e+01 5.988390e+00
-1.474110e+01 -2.992445e+01 2.035553e+01 -3.328744e+00
7.397243e+00 -3.142203e+01 2.027524e+01 -1.024414e+01
6.368246e+00 -1.959422e+01 4.834613e+00 -3.424844e+00
-1.088198e+01 -2.813995e+01 4.677379e+01 2.173815e+00
3.358894e+00 -4.170676e+01 5.030114e+01 -1.052951e+01
-2.714308e+01 -4.586090e+01 6.453434e+01 1.423608e+01
-6.701954e+00 -4.970115e+01 4.844347e+01 -1.655214e+01
-1.232477e+01 -2.770426e+01 2.280770e+01 2.479674e+01
-1.499588e+01 -5.198610e+01 3.601655e+01 3.696248e-01
-9.874797e+00 -4.152868e+01 5.142806e+01 1.989585e+00
-3.251120e+00 -3.007953e+01 1.486391e+01 2.559021e-02
-1.195290e+01 -2.672977e+01 5.511735e+01 5.228944e+00
1.339083e+01 -3.761910e+01 1.789439e+00 -5.684445e+00
1.351285e+01 -4.218927e+01 1.854341e+00 1.120816e+00
-1.150594e+01 -4.440623e+01 2.759762e+01 -2.198850e+01
-1.206869e+01 -2.131223e+01 4.138331e+01 1.567764e+01
-2.395849e+00 -3.710053e+01 3.323102e+01 9.866372e+00
3.398358e+00 -3.806473e+01 2.471594e+01 1.094862e+01
6.508112e+00 -2.869931e+01 1.759249e+01 4.326126e+00
6.861458e+00 -3.241721e+01 2.517943e+01 -1.780498e+00
-6.905465e-01 -3.975258e+01 2.426401e+01 -1.113466e+01
7.595776e+00 -3.422125e+01 6.260113e+00 -3.070691e-02
4.794986e+00 -3.377782e+01 2.409658e+01 1.211221e+01
5.722395e+00 -2.826312e+01 2.269758e+01 4.112707e+00
-8.041432e+00 -3.949842e+01 3.127497e+01 1.840080e+00
-6.287915e+00 -4.105192e+01 3.223185e+01 1.351722e+00
1.077422e+01 -4.326011e+01 1.802238e+01 -1.022540e+01
2.178791e+00 -2.808915e+01 3.443371e+01 2.152258e+00
2.643488e+01 -1.834308e+01 3.112991e+01 2.788941e+00
