-1.592102e+01 -4.890134e+01
-1.895146e+01 -7.839016e+01
-1.756103e+01 -2.262548e+01
-1.819298e+01 -5.448977e+01
4.420657e+00 -4.814384e+01
-1.820361e+01 -4.650731e+01
-7.528213e+00 -4.513970e+01
-1.187871e+01 -4.012628e+01
-1.001183e+01 -4.384311e+01
3.885319e+00 -3.102677e+01
-2.474526e+00 -8.219068e+00
1.626547e+01 -2.387769e+01
3.112737e+01 -2.346886e+01
3.801368e+01 -2.867912e+01
1.439333e+01 -3.864175e+01
3.437055e+01 -3.655293e+01
1.256568e+01 -8.494114e+00
3.144170e+01 -3.077273e+01
1.961848e+01 -4.365684e+01
1.380775e+01 -2.582437e+01
2.645663e+01 -1.607589e+01
2.214600e+01 -2.885417e+01
8.606444e+00 -3.898044e+01
2.144069e+01 -2.208833e+01
-1.852852e+00 -3.528080e+01
2.814410e+01 -2.869796e+01
1.735004e+01 -3.657015e+01
1.803342e+01 -3.295241e+01
1.980953e+01 -2.446383e+01
1.106120e+01 -2.738760e+01
1.655881e+01 -4.028781e+01
1.328275e+01 -2.645054e+01
1.295828e+01 -4.746591e+01
2.367492e+01 -4.428570e+01
6.562108e+00 -4.238640e+01
2.705368e+01 -1.806180e+01
2.937850e+01 -4.828204e+01
1.532856e+01 -1.676223e+01
3.212950e+01 -4.785615e+00
3.297953e+00 -5.407413e+01
2.290797e+01 -1.662790e+01
3.588232e+01 -2.585963e+01
3.592023e+01 -3.435843e+01
2.615335e+01 -2.596974e+01
3.469781e+01 -1.784449e+01
2.265176e+01 -3.260951e+01
-1.604897e+01 -2.771265e+01
-2.930295e+00 -4.315711e+01
-1.415895e+01 -2.135810e+01
1.043152e+01 -3.176403e+01
1.872087e+00 -3.464589e+01
1.299096e+01 -5.559926e+00
1.699101e+01 -2.900475e+01
3.587002e+00 -1.955680e+01
-6.744158e-01 -2.738588e+01
-1.916133e+00 -2.964239e+01
-2.457238e+00 -2.205784e+01
-1.212022e+01 -2.919418e+01
8.026591e+00 -3.510845e+01
-3.597920e+00 -3.622789e+01
2.240509e+01 -5.335454e+01
2.011139e+01 -3.248028e+01
1.352952e+01 -5.072035e+01
2.011739e+01 -4.123453e+01
1.636011e+01 -5.070063e+01
1.531665e+01 -1.577171e+01
-3.585027e+00 -4.011341e+01
1.702753e+01 -2.835248e+01
9.960218e+00 -2.596235e+01
2.397023e+01 -1.436008e+01
7.216191e+00 -1.664141e+01
1.154884e+01 -2.024441e+01
2.330417e+01 -3.212644e+01
1.243502e+01 -3.851792e+01
1.872742e+01 -3.675793e+01
2.777207e+01 -3.770465e+01
2.220571e+01 -3.718379e+01
2.709088e+01 -3.806276e+01
2.202063e+01 -3.854698e+01
7.056272e+00 -1.774272e+01
4.075948e+01 -4.390655e+01
3.781018e+01 -4.119249e+01
4.543145e+01 -4.873652e+01
1.643102e+01 -1.633443e+01
2.545663e+01 -3.156024e+01
2.347602e+01 -2.245993e+01
1.547337e+00 -4.582918e+01
3.319126e+01 -1.355285e+01
1.098713e+01 -3.187538e+01
1.762097e+01 -4.120562e+01
3.364634e+01 -2.536065e+01
3.359420e+01 -1.593228e+01
2.222037e+01 -1.959689e+01
1.041946e+01 -4.042878e+01
2.607054e+01 -3.892294e+01
2.987862e+01 -2.580935e+01
-2.005410e+01 -2.746195e+01
1.127175e+00 -4.090105e+01
-2.614232e+01 -6.260880e+01
2.131197e+01 -2.752853e+01
3.217181e+01 -1.975625e+01
2.965168e+01 -5.404839e+01
3.139854e+01 -6.864485e+01
-1.073639e+01 -4.814690e+01
3.122073e+01 -5.053365e+01
2.074594e+01 -2.923613e+01
4.129331e+01 -2.902944e+01
3.396820e+01 -5.394220e+01
1.401430e+01 -3.748823e+01
3.048264e+01 -4.922784e+01
6.660500e+00 -2.997535e+01
1.137199e+01 -3.504261e+01
8.405003e+00 -2.487576e+01
1.244403e+00 -3.588981e+01
1.986178e+01 -3.583946e+01
9.990948e+00 -5.743747e+01
1.223514e+00 -2.841317e+01
-4.306386e-01 -3.467949e+01
6.519765e+00 -5.136805e+01
1.192980e+01 -2.712850e+01
8.452370e+00 -1.354037e+01
6.786408e+00 -3.645668e+01
9.399382e+00 -4.437862e+01
7.472102e-01 -2.652730e+01
1.209417e+01 -2.853169e+01
4.918961e+00 -3.800606e+01
8.592188e+00 -4.011940e+01
2.811377e+01 -3.063226e+01
1.033772e+01 -4.145056e+01
1.625966e+01 -2.220950e+01
1.694986e+01 -1.575861e+01
3.236286e+01 -3.523964e+01
1.047182e+01 -1.758333e+01
1.246286e+01 -1.680662e+01
2.482294e+01 -8.290358e+00
2.331804e+01 -2.602132e+01
2.481595e+01 -3.209349e+01
5.185101e+01 -4.482506e+00
4.213263e+01 -1.467877e+01
4.766592e+01 -1.004620e+01
2.868701e+01 -2.894117e+01
3.422822e+01 -1.183858e+01
3.082428e+01 -3.345985e+01
1.960647e+01 -3.097526e+01
1.591015e+01 -4.303317e+01
1.741840e+01 -3.820195e+01
1.304993e+01 -4.739533e+01
2.753530e+01 -4.401118e+01
2.454441e+01 -6.477708e+01
2.071527e+01 -2.377973e+01
3.892004e+01 -4.024514e+01
2.926851e+01 -3.711873e+01
3.082158e+01 -3.587333e+01
2.276130e+00 -2.049051e+01
2.719859e+01 -3.721287e+01
7.267953e+00 -1.894791e+01
-9.427337e+00 -5.118475e+01
7.572230e+00 -3.652555e+01
5.088429e+00 -3.747839e+01
1.147326e+01 -3.276441e+01
2.474724e+00 -3.390287e+01
2.012640e+01 -1.585226e+01
1.894664e+01 -2.359736e+01
-3.312289e+00 -3.228439e+01
2.040980e+01 -5.289808e+01
2.116901e+01 -4.497060e+01
1.137286e+01 -3.258184e+01
-1.553239e+00 -2.739162e+01
9.385260e+00 -3.352590e+01
3.663042e+00 -5.620455e+01
2.692155e+01 -2.331140e+01
7.165714e+00 -4.185447e+01
7.750395e+00 -5.199166e+01
2.382402e+01 -5.556582e+01
1.313408e+01 -1.948082e+01
1.449600e+01 -2.270992e+01
1.588784e+01 -1.383095e+01
6.480106e+00 -4.899234e+01
1.875503e+01 -9.350998e+00
3.021043e+01 -4.809990e+01
2.363221e+01 -2.426517e+01
2.844686e+01 -1.681275e+01
2.032254e+01 -9.265764e+00
1.237077e+01 -3.555214e+01
3.040960e+01 -1.948864e+01
3.589094e+01 -5.166209e+01
3.632049e+01 -1.643234e+01
2.254146e+01 -2.887175e+01
1.671198e+01 -2.775408e+01
-9.596674e+00 -3.223078e+01
3.583818e+01 -4.242596e+01
4.773638e+01 -5.128586e+01
1.766770e+01 -4.655413e+01
2.300762e+01 -4.534316e+00
9.331734e+00 -2.623019e+01
1.460319e+01 -3.941234e+01
2.500910e+01 -3.953391e+01
3.275136e+01 -4.874704e+01
5.925331e+00 -4.774523e+01
3.214337e+00 -8.928442e+00
1.880457e+01 -4.417601e+01
1.975592e+01 -3.361551e+01
-2.105010e-01 -3.050068e+01
-6.181529e+00 -3.770844e+01
2.902445e+01 -1.117604e+01
1.009897e+01 -1.055365e+01
-1.349884e+00 -2.898319e+01
1.463570e+01 -4.176298e+01
2.501893e+01 -3.037937e+01
2.279024e+01 -2.982574e+01
2.706723e+01 -4.089704e+01
8.418444e+00 -1.998979e+01
2.459300e+01 -1.112345e+01
-3.615292e+01 -3.064745e+01
2.184277e+01 -2.845419e+01
1.956341e+01 -2.814007e+01
1.495344e+01 -1.724325e+01
4.106174e-01 -3.370275e+01
3.154150e+01 -2.570875e+01
3.943773e+01 -3.908104e+01
2.184780e+01 -1.105540e+01
3.753937e+01 -2.135240e+01
3.656558e+01 -3.290908e+01
3.456686e+01 -2.578309e+01
3.593464e+01 -2.220047e+01
2.526849e+01 -2.178974e+01
-1.521128e+01 -2.674513e+01
8.770029e+00 -2.940150e+01
2.173167e+00 -3.545823e+01
3.904882e+00 -2.136466e+01
-2.704235e+01 -2.741902e+01
-1.711960e+01 -3.358666e+01
-9.001524e+00 -2.610001e+01
2.824106e+01 -4.623955e+01
9.533117e+00 -4.249245e+01
2.301106e+01 -3.386085e+01
2.956167e+01 -3.299723e+01
1.968819e+01 -2.348299e+01
3.700016e+01 -3.311119e+01
1.648656e+00 -3.168054e+01
-1.250122e+00 -5.049710e+01
2.360493e+01 -4.448660e+01
-6.230072e+00 -2.672541e+01
2.685323e+01 -4.137033e+01
2.592780e+01 -1.687753e+01
3.067166e+01 -2.806541e+01
2.896839e+01 -2.427251e+01
1.721179e+01 -2.297646e+01
-1.220763e+01 -2.852152e+01
1.477920e+01 -2.073244e+01
2.573201e+01 -2.708771e+01
4.300720e+01 -3.676177e+01
1.634011e+01 -4.303352e+01
9.409813e+00 -3.791857e+01
2.515708e+01 -3.257487e+01
5.207681e+01 -1.581102e+01
1.103372e+00 -3.407120e+01
-2.695888e+01 -4.669196e+01
3.763185e+01 -2.937239e+01
2.183086e+01 -2.886623e+01
2.019341e+01 -4.307647e+01
5.027456e+00 -3.441815e+01
1.873551e+01 -2.314645e+01
3.320187e+01 -5.070369e+01
2.141666e+01 -2.475998e+01
5.634096e+00 -3.166701e+01
1.551717e+01 -2.605105e+01
-5.089750e+00 -3.775279e+01
8.758660e+00 -2.145979e+01
2.534786e+01 -2.184173e+01
4.079009e+01 -3.965058e+00
3.437897e+01 -2.678031e+01
2.891519e+01 -4.774524e+01
2.567942e+01 -2.361631e+01
1.597806e+01 -2.656784e+01
3.846206e+00 -1.636423e+01
2.221608e+01 -4.064083e+01
-1.137067e+01 -2.043898e+01
-3.052385e-01 -2.875350e+01
1.123686e+01 -3.648924e+01
1.387400e+01 -3.462179e+01
-3.210741e+00 -5.430371e+01
2.363720e+01 -6.544187e+00
3.443128e+01 -4.030763e+01
3.073162e+01 -2.752781e+01
2.374782e+00 -4.493974e+01
1.995322e+01 -2.683784e+01
1.061274e+01 -2.623641e+01
1.641652e+00 -2.257512e+01
2.830124e+01 -2.279264e+01
2.020401e+01 -2.716065e+01
2.201213e+01 6.165979e-01
1.620769e+01 -3.900248e+01
2.698335e+01 -5.250179e+01
1.582185e+01 -2.285486e+01
3.054050e+01 -8.911719e+00
5.546255e+00 -3.311410e+01
1.623530e+01 -1.905223e+01
1.368934e+01 -2.156416e+01
1.469607e+01 -3.735883e+01
5.788678e+00 -2.179953e+01
2.783772e+01 -3.301242e+01
1.493995e+01 -2.081974e+01
2.761912e+01 -2.501093e+01
4.093869e+01 -1.385440e+00
3.043137e+01 -1.939496e+01
3.345810e+01 -1.330610e+01
-5.481912e+00 -1.067493e+01
2.942840e+01 -3.919983e+01
3.373092e+01 -3.986683e+01
2.262421e+01 -4.259183e+01
2.001757e+01 -2.925949e+01
2.635170e+01 -1.346447e+01
1.373203e+01 -2.368503e+01
1.667116e+01 -4.647658e+01
3.191129e+01 -2.778185e+01
4.530498e+01 -3.250074e+01
3.543664e+01 -2.874281e+01
-1.940608e+01 -9.198969e+00
-1.794442e+01 -2.024348e+01
-6.919737e+00 -3.093978e+01
6.913016e+00 -3.455222e+01
-1.137177e+01 -3.900836e+01
-1.076965e+01 -3.904456e+01
1.430211e+01 -3.338380e+01
1.436644e+01 -4.301570e+01
2.283091e+01 -4.244547e+01
5.948381e+00 -4.606737e+01
2.400075e-01 -1.782401e+00
3.049541e+01 -3.208222e+01
2.603135e+01 -2.175942e+01
1.158885e+01 -3.871798e+01
2.000707e+01 -3.835827e+01
2.060552e+01 -1.976544e+01
2.852604e+01 -1.551868e+01
2.588389e+01 7.649965e+00
1.723507e+01 -4.154877e+01
3.135677e+01 -1.549990e+01
1.107226e+01 -2.899178e+01
2.615915e+01 -4.582259e+01
2.788537e+01 -2.950788e+01
2.915150e+01 -2.790159e+01
2.532698e+01 -4.770567e+01
1.084795e+01 -4.460769e+01
2.909186e+01 -1.206559e+01
-3.549296e+00 -1.689466e+01
-1.658717e+01 -4.639745e+01
-1.913618e+00 -3.446743e+01
2.821819e+01 -2.936482e+01
1.994521e+01 -1.830870e+01
3.125280e+01 -2.997205e+01
1.214198e+01 -4.406627e+01
2.295130e+00 -3.848132e+01
4.898568e+00 -4.016315e+01
1.239465e+01 -3.975057e+01
5.948930e+00 -4.585556e+01
1.281315e+01 -3.290807e+01
-5.165626e-01 -4.788668e+01
2.526668e+01 -3.312833e+01
1.815811e+01 -2.770631e+01
1.792210e+01 -2.766209e+01
1.664568e+01 -2.470484e+01
1.414123e+01 -2.094834e+01
8.584064e+00 -3.307834e+01
2.205451e+01 -1.057549e+01
-9.681563e+00 -3.552324e+01
9.457064e+00 -1.284112e+01
2.111604e+01 -7.475677e+00
3.546541e+01 -1.258230e+01
3.176933e+01 -5.240140e-01
2.844773e+01 -1.994557e+01
3.087652e+01 -1.913868e+01
2.015855e+01 -3.193120e+01
2.788272e+01 -3.501751e+01
1.414602e+01 -4.727543e+01
3.661781e+01 -2.990216e+01
1.286784e+01 -1.245366e+01
7.272195e+00 -3.068165e+01
4.655418e+01 -4.636781e+01
2.067720e+00 -4.083903e+01
7.001158e+00 -1.896218e+01
5.481672e+00 -4.650320e+01
2.975851e+01 -3.022811e+01
-7.004038e+00 -4.640741e+01
-8.873490e+00 -4.471365e+01
8.764347e+00 -3.433130e+01
1.020327e+01 -3.836182e+01
-7.374886e+00 -2.894916e+01
3.600543e+00 -4.483386e+01
1.409351e+01 -4.647969e+01
3.098269e+01 -3.841663e+01
6.694302e+00 -2.496958e+01
1.406880e+01 -2.400439e+01
1.658005e+01 -3.781414e+01
2.824215e+01 -3.733048e+01
1.247739e+01 -2.723180e+01
1.735112e+01 -1.414699e+01
4.523742e+00 -4.000095e+01
1.938013e+01 -1.857364e+01
-2.374010e+00 -2.053445e+01
1.338867e+01 -1.494111e+01
2.109551e+01 -1.196337e+01
1.877986e+00 -2.300037e+01
3.989425e+01 -3.637598e+01
2.993825e+01 -2.406286e+01
2.515985e+01 -3.172617e+01
3.273487e+01 -3.533065e+01
3.747322e+01 -4.264418e+01
2.758820e+01 -2.783855e+01
2.912030e+01 -2.804436e+01
2.984208e+01 -2.852496e+01
1.742332e+01 -2.132894e+01
1.625393e+01 -2.283320e+01
2.245171e+01 -2.123084e+01
3.561905e+01 -3.599313e+01
3.239847e+01 -3.414020e+01
2.314380e+01 -2.181182e+01
1.660848e+01 -3.433156e+01
5.309876e+00 -1.169500e+01
2.291317e+01 -2.350974e+01
2.440043e+01 -4.864034e+01
2.722795e+01 -5.433144e+01
2.485214e+01 -3.810103e+01
1.530964e+01 -3.058977e+01
2.108033e+01 -2.490651e+00
-2.827204e+00 -2.554377e+01
-1.223278e+00 -3.654308e+01
1.593320e+01 -1.618796e+01
-4.320004e-01 -3.778761e+01
-1.198061e+01 -2.604771e+01
1.609378e+01 -2.256978e+01
6.822998e+00 -2.796584e+01
1.782441e+00 -3.139736e+01
3.647765e+00 -3.852314e+01
2.408934e+01 -3.669378e+01
-1.482580e-01 -3.469578e+01
-1.541561e+01 -2.759621e+01
2.809265e+01 -7.149260e+00
3.367411e+01 -3.325113e+01
3.190748e+01 -3.747740e+01
1.348776e+00 -2.090213e+01
1.283861e+01 -2.328766e+01
2.678109e+01 -3.950788e+01
2.285316e+01 -5.417478e+01
8.783183e+00 -4.808185e+01
2.204756e+01 -3.026076e+01
1.779772e-01 -2.622793e+01
4.834418e+00 -3.331154e+01
-5.435087e+00 -3.187762e+01
-4.009453e+00 -1.589850e+01
-8.078270e-01 -3.014201e+01
3.030760e+00 -3.116537e+01
8.044143e+00 -3.045405e+01
2.294430e+01 -2.929918e+01
3.201697e+01 -3.579731e+01
1.834050e+01 -8.023194e+00
9.751064e+00 -2.549042e+01
1.647735e+01 -1.182342e+00
1.083940e+01 -5.022854e+01
1.188701e+01 -2.695991e+01
2.271890e+00 -3.298553e+01
2.486378e+01 -3.182901e+01
2.141151e+01 -4.818960e+01
1.542238e+01 -2.712938e+01
1.299158e+01 -2.286019e+01
1.740290e+01 -3.348502e+01
5.591325e+00 -4.233163e+01
7.966834e+00 -4.044582e+01
1.152966e+01 -2.738706e+01
2.297658e+01 -1.242268e+01
1.782539e+01 -2.051569e+01
2.104260e+01 -1.249421e+01
1.086140e+01 -3.996009e+01
1.445231e+01 -2.255249e+01
2.503759e+01 1.396586e+01
-1.682647e+01 -3.396586e+01
-1.734932e+01 -4.367015e+01
1.771061e+01 -3.096977e+01
-3.704706e+01 -4.546000e+01
1.059345e+01 -3.983252e+01
2.066338e+01 -3.562681e+01
3.813869e+01 -5.228136e+01
3.271585e+01 -5.413804e+01
2.220729e+01 -4.377197e+01
1.719603e+01 -2.344794e+01
3.422336e+01 -4.294298e+01
2.461167e+01 -1.502019e+01
1.082274e+01 -2.844383e+01
2.494989e+01 -3.452775e+01
1.341660e+01 -4.389443e+01
3.124045e+01 -2.417153e+01
3.290511e+01 -1.806086e+01
1.989099e+01 -4.329790e+01
1.211090e+01 -3.314796e+01
1.007475e+00 -5.355155e+01
1.667524e+01 -3.340834e+01
1.810262e+01 -1.928605e+01
3.425994e+01 -1.595630e+01
-8.397536e-01 -3.506159e+01
-6.528287e+00 -1.675417e+01
2.287746e+01 -2.688082e+01
2.121403e+01 -4.405696e+01
1.528691e+01 -5.916604e+01
-2.235606e-01 -3.513434e+01
3.001826e+01 8.225114e+00
1.558870e+01 -7.282092e+00
1.671325e+01 -2.403873e+01
2.416093e+01 -2.175934e+01
1.876349e+01 -1.017320e+01
1.833236e+01 -6.507091e+00
1.082841e+01 -3.606912e+00
1.450430e+01 -3.110716e+01
2.303572e+01 -1.510363e+01
2.797725e+01 8.170124e-01
8.353899e+00 -7.168098e+00
2.503148e+01 -1.103189e+01
1.937233e+01 -2.146580e+01
2.182223e+01 -1.652405e+01
3.247162e+01 -1.790361e+01
2.774990e+01 1.183810e+01
2.178400e+01 -9.669638e-01
1.620394e+01 -1.381548e+00
3.954229e+01 -1.192155e+01
4.521563e+01 -3.806833e+00
1.323504e+01 3.121061e+00
3.033344e+01 -1.740044e+01
3.188957e+01 -2.152331e+01
1.943692e+01 -2.832058e+01
2.751948e+01 -1.113980e+00
4.074879e+01 -1.909664e+01
2.455551e+01 -1.517539e+01
1.914234e+01 -1.588437e+01
1.085947e+01 -2.303845e+01
1.679027e+01 -3.444261e+01
3.942176e+01 -3.672350e+01
2.452436e+01 -1.981712e+01
1.098389e+01 -2.103070e+01
1.716025e+01 -2.079228e+01
8.560113e+00 -3.132706e+01
3.405568e+01 -2.097581e+01
6.340941e+00 -3.567875e+01
1.068356e+01 -2.327209e+01
3.314463e+01 -3.280019e+01
-2.775117e+00 -4.269823e+01
6.323131e+00 -4.288827e+01
4.894720e+00 -4.001957e+01
2.933216e+01 -2.990364e+01
-4.620351e+00 -3.111387e+01
-4.043854e-01 -2.599636e+01
1.116434e+01 -2.118911e+01
2.438889e+01 -2.827375e+01
1.043523e+01 -1.733929e+01
2.847577e+00 -3.813904e+01
1.318751e+01 -5.126991e+01
2.964454e+00 -2.709717e+01
1.538566e+01 -2.577528e+01
4.915651e+01 -4.136105e+01
4.185865e+01 -6.950712e+00
3.319688e+01 -3.800276e+01
3.136004e+01 -4.209825e+01
3.185938e+01 -2.214026e+01
3.854513e+01 -1.908441e+01
3.030817e+01 -3.300709e+01
6.068664e+01 -3.003542e+01
3.344846e+01 -2.130760e+01
5.023902e+01 -3.769157e+01
3.503418e+01 -4.333861e+01
3.215412e+01 -3.409271e+01
4.104985e+01 -1.160470e+01
-8.674956e+00 -2.502022e+01
2.272857e+01 -1.277738e+01
2.097892e+01 -3.674750e+00
2.120804e+01 -9.492456e+00
5.022890e+01 -1.236922e+00
4.521324e+01 2.146282e+01
-2.030542e+01 -5.823003e+01
4.548135e+01 -1.036963e+01
3.602353e+01 -2.896513e+01
3.236947e+01 -2.849995e+01
5.119196e+00 -2.698408e+01
-7.292788e+00 -2.173221e+01
1.753099e+01 -3.210806e+01
2.899433e+01 -3.589948e+01
3.379543e+01 -2.672851e+01
1.237244e+01 -3.477281e+01
1.576187e+01 -1.434520e+01
4.682616e+01 2.859710e+00
4.219875e+01 -4.911009e+01
3.380271e+01 -1.074167e+01
2.693973e+01 1.513896e+00
3.773709e+01 -2.757768e+01
2.855518e+01 -4.310962e+01
2.273836e+01 -6.045420e+01
3.663413e+01 -5.686512e+01
1.900693e+01 -3.881415e+01
1.493862e+01 -4.153455e+01
3.242740e+01 -2.909535e+01
3.872130e+01 -4.361627e+01
3.721706e+01 -2.930360e+01
1.587043e+01 -2.565992e+01
1.650777e+01 -6.055069e+01
1.298984e+01 -3.791093e+01
-3.378054e+00 -2.718832e+01
1.600518e+01 -4.658664e+01
2.286253e+01 -3.316298e+01
3.655320e+01 -3.779952e+01
2.406024e+01 -2.367355e+01
1.677291e+01 -2.881339e+01
-3.733464e+00 -3.774017e+01
3.579791e+01 -4.841070e+01
3.389040e+01 -1.259413e+01
4.170369e+01 -1.735864e+01
2.132138e+01 -3.601500e+01
3.018554e+01 -1.312178e+01
3.617897e+01 -1.857128e+01
4.547274e+01 -2.968333e+01
4.652473e+01 -3.751888e+00
3.182380e+01 -4.724265e+01
2.039430e+01 -4.451671e+01
1.657051e+01 -2.637854e+01
3.401088e+01 -3.922086e+01
2.765723e+01 -4.016619e+01
2.677142e+01 -4.414507e+01
1.617059e+01 -4.057546e+01
1.168365e+01 -4.779621e+01
1.040250e+01 -4.899877e+01
2.084901e+01 -5.821292e+01
1.128862e+01 -7.581390e+01
3.007984e+01 -6.141031e+01
4.725081e+00 -5.768619e+01
2.995164e+01 -6.018130e+01
8.605858e+00 -3.724858e+01
1.841977e+01 -3.646206e+01
6.719587e+00 -6.041215e+01
-1.274776e+01 -4.679094e+01
4.473437e+00 -5.804977e+01
-1.836571e+01 -5.644444e+01
1.241673e+00 -2.977818e+01
1.262402e+01 -4.584349e+01
1.829867e+01 -6.769674e+01
1.534976e+01 -7.391429e+01
3.141562e+01 -6.824101e+01
3.430029e+01 -6.438399e+01
2.763418e+01 -5.719507e+01
3.530549e+00 -7.207611e+01
2.248360e+01 -2.990817e+01
3.841366e+01 -6.069400e+01
1.647911e+01 -1.891959e+01
2.165843e+01 -3.812250e+01
2.874484e+01 -3.131075e+01
3.603371e+00 -1.711540e+01
2.305265e+01 -3.367009e+01
-9.488053e+00 -6.760846e+01
1.649112e+01 -6.205766e+01
-2.789410e+00 -6.858143e+01
6.764151e+00 -6.183091e+01
1.288150e+01 -7.323491e+01
3.858086e+00 -5.898985e+01
2.995042e+01 -2.437599e+01
2.566807e+01 -3.792120e+01
1.967378e+01 -4.438066e+01
2.218398e+01 -3.607318e+01
4.437513e+01 -4.234386e+01
-1.114251e+01 -6.515970e+01
-1.908501e+01 -5.965209e+01
9.775448e+00 -6.465684e+01
2.044770e+01 -4.346632e+01
2.201660e+01 -6.990658e+01
4.586008e+01 -4.040309e+01
2.331638e+01 -4.117325e+01
2.257292e+01 -5.404973e+01
4.475006e-01 -1.148927e+01
5.448351e+01 -3.508253e+01
2.623093e+01 -6.604721e+01
5.163273e+00 -7.392017e+01
7.600810e+00 -1.700998e+01
1.590099e+01 -4.960228e+01
5.959964e+01 7.069296e+00
4.983279e+01 6.279062e+00
1.996059e+01 9.033756e-01
4.068518e+01 -3.806163e+01
3.504926e+01 -2.014808e+01
3.625912e+01 -2.323799e+01
3.477292e+01 -4.027070e+01
4.198729e+01 -3.135369e+01
3.064272e+01 -1.615429e+01
3.196748e+01 -2.343766e+01
3.572062e+01 -3.186186e+01
-1.673979e+00 -3.884587e+01
1.021833e+01 -5.126529e+01
9.613345e+00 -6.542202e+01
2.593654e+01 -4.407110e+01
9.417371e+00 -5.469104e+01
1.953403e+01 -7.038935e+01
1.781324e+01 -4.987804e+01
2.549041e+00 -7.284032e+01
1.651047e+00 -6.177755e+01
1.471554e+01 -6.239504e+01
-1.149127e+01 -6.462236e+01
3.419803e+01 -5.586538e+01
-1.414248e+00 -7.382903e+01
2.556986e+01 -6.259994e+01
2.159710e+01 -5.928374e+01
5.827564e+00 -6.145394e+01
4.007234e+01 -4.670407e+01
-8.202222e+00 -3.091701e+01
1.746204e+01 -3.687185e+01
5.604960e+00 -5.734852e+01
1.652502e+01 -6.287999e+01
7.717558e+00 -5.007135e+01
6.944742e+00 -7.122694e+01
1.760500e+01 -4.222337e+01
-1.369592e+01 -5.858229e+01
1.341497e+01 -4.215585e+01
2.680667e+01 -2.959250e+01
3.222308e+01 -4.754191e+01
4.577863e+01 -5.122806e+01
3.813979e+01 -5.208023e+01
4.184359e+01 -4.657662e+01
2.517179e+01 -6.256256e+01
2.493679e+01 -3.314329e+01
1.717729e+01 -4.170387e+01
1.969081e+00 -3.754191e+01
-6.289513e+00 -4.023159e+01
2.233002e+01 -3.152192e+01
1.163176e+01 -5.308885e+01
2.910671e+01 -4.773629e+01
3.615245e+01 -6.291390e+01
2.368842e+01 -5.692089e+01
3.336272e+01 -1.422450e+01
2.486385e+01 -1.525453e+01
5.032628e+01 -1.866227e+01
3.112926e+01 -7.052554e+01
4.128368e+01 -2.938966e+01
3.105324e+01 -5.074261e+01
2.510361e+01 -7.011247e-01
3.711814e+01 -4.226480e+01
3.676803e+00 -4.758011e+01
5.259294e+00 -6.123881e+01
2.360864e+01 -4.876977e+01
2.249301e+01 -4.447225e+01
3.942654e+01 -6.025737e+01
2.453091e+01 -6.084592e+01
3.566427e+01 -3.469669e+01
2.411792e+01 -4.305480e+01
3.725884e+01 -5.546830e+01
2.499433e+01 -3.043122e+01
1.895034e+01 -7.457029e+01
2.598250e+01 -5.808335e+01
1.395756e+01 -7.681031e+01
3.366812e+01 -3.770454e+01
3.692972e+01 -2.395219e+01
4.015690e+01 -4.462355e+01
4.395100e+01 -3.312848e+01
3.944641e+01 -3.072563e+01
4.529963e+01 -2.984708e+01
3.659588e+01 -4.861762e+00
3.538045e+01 -3.481565e+01
3.279598e+01 -2.870445e+01
3.106856e+01 -2.585137e+01
2.548980e+01 -2.066701e+01
3.261212e+01 -2.760619e+01
4.744704e+01 -1.894250e+01
2.629044e+01 -2.464675e+01
1.018211e+01 -3.112313e+01
9.725507e+00 -1.750037e+01
1.036507e+01 -5.881153e+01
1.887036e+01 -8.113449e+01
3.374463e+01 -3.576704e+01
3.694158e+01 -1.353360e+01
2.806401e+01 -5.926128e+01
1.767521e+01 -2.382139e+01
2.822284e+01 -6.646966e+00
2.149327e+01 1.154168e+01
3.806204e+01 -1.259069e+01
3.244780e+01 -1.402682e+01
4.061318e+01 -7.250197e+00
4.265584e+01 -1.808233e+00
4.728915e+01 1.182079e+01
2.624254e+01 -1.809867e+01
2.146421e+01 -2.913092e+01
3.725683e+01 -6.135403e+01
3.337172e+01 -2.097713e+01
1.912704e+01 -5.854627e+01
2.053721e+01 -5.119638e+01
-2.820323e+01 -5.511057e+01
4.039955e+01 -4.614305e+00
2.392862e+01 6.173819e+00
2.826267e+01 1.893429e+00
7.438356e+00 -3.109048e+01
1.021992e+01 -1.824595e+01
3.509577e+01 -2.672447e+01
2.515137e+01 -2.722943e+01
3.571918e+01 -3.280912e+01
3.668102e+01 -5.380690e+01
5.728102e+00 -5.457469e+01
2.722037e+01 -4.196257e+01
2.531875e+01 -4.558793e+01
1.891996e+01 -1.998659e+01
1.547520e+01 1.481589e+00
3.269345e+01 -2.905750e+01
3.081797e+01 -6.382847e+01
2.022714e+01 -3.821556e+01
2.173699e+01 -2.388269e+01
9.484260e+00 -1.682433e+01
2.271261e+00 -5.184509e+01
3.568115e+01 -6.322487e+01
3.041462e+01 -2.720811e+01
1.437129e+01 -6.122168e+01
1.846025e+01 -3.134797e+01
1.901335e+01 -3.630619e+01
1.888569e+01 -6.205716e+01
4.845826e+01 -4.664140e+01
1.622996e+01 -4.355243e+01
4.351082e+01 -3.057098e+01
1.990103e+01 -4.365627e+01
3.548117e+01 -4.341195e+01
1.701323e+01 -6.281336e+01
3.858130e+00 -5.352142e+01
6.771870e+00 -5.247788e+01
-2.623875e+00 -6.737677e+01
2.818950e+00 -5.992627e+01
4.106201e+01 -4.094016e+01
2.080939e+01 -5.739425e+01
2.364433e+01 -4.930911e+01
3.175056e+01 -7.772323e+01
2.261196e+01 -4.032172e+01
2.323811e+01 -4.678447e+01
2.122963e+01 6.762355e-01
5.124758e+01 1.587716e+01
4.561783e+01 -3.440322e+01
3.637519e+01 -9.966703e+00
3.769725e+01 -2.406643e+01
1.851925e+01 -8.112188e+01
2.609106e+01 -6.228560e+01
-1.181779e+01 -6.031759e+01
2.580445e+01 -6.538167e+01
2.416138e+01 -6.337381e+01
3.316481e+01 -6.027448e+01
8.981662e+00 -4.594474e+01
9.978703e+00 -3.894530e+01
1.438584e+01 -6.765573e+01
3.550255e+01 -3.073937e+01
2.214446e+01 -6.340897e+01
2.237960e-01 -6.608091e+01
1.662658e+01 -4.733747e+01
2.667636e+01 -3.072885e+01
8.192988e+00 -3.823633e+01
3.336855e+01 -5.138009e+01
3.721390e+01 -2.097333e+01
2.232581e+01 -5.034092e+01
3.204067e+01 -2.184968e+01
2.131968e+01 -6.107464e+01
2.942784e+01 -4.376672e+01
1.222210e+01 -3.578131e+00
2.697322e+01 -2.154098e+01
1.777097e+01 -3.987190e+01
2.410151e+01 -4.991333e+01
1.616798e+01 -4.735599e+01
-1.058707e+01 -3.221813e+01
1.363299e+01 -5.033137e+01
4.036798e+01 -3.221815e+01
3.944051e+01 -3.105833e+01
4.941409e+01 -2.641200e+01
2.360248e+01 -1.946282e+01
2.141326e+01 -2.352482e+01
2.501240e+01 -3.150392e+01
2.618763e+00 -4.532566e+01
3.046190e+01 1.860542e+01
3.124666e+01 1.195781e+01
5.148598e+01 -5.664796e+00
3.716431e+01 -1.500721e+01
3.484803e+01 -3.313870e+01
2.262207e+01 -3.764191e+01
2.562634e+01 -5.336106e+01
5.739885e+00 4.184456e+00
1.754800e+00 -6.106814e+01
2.029237e+01 -5.986619e+01
4.090673e+01 -3.983790e+01
5.033711e+00 -3.544075e+01
1.792893e+01 -2.210330e+01
3.508304e+01 -2.482645e+01
2.603949e+01 -5.228848e+01
2.858926e+01 -4.057986e+01
4.021874e+01 -4.523313e+01
3.329666e+01 -3.892198e+01
3.113847e+01 -3.586280e+01
1.488554e+01 -3.367328e+01
4.398868e+01 -1.861161e+01
1.293774e+00 -6.159118e+01
2.262683e+01 -7.170922e+01
4.008412e+01 -5.789891e+01
2.889211e+01 -5.090578e+01
2.548227e+01 -7.238345e+01
-1.894121e+00 -5.780777e+01
1.070616e+01 -2.327443e+01
3.893961e+00 -2.768310e+01
-4.983132e+00 -3.867579e+01
1.106636e+01 -4.334432e+01
1.779261e+01 -4.961783e+01
-7.234574e+00 -6.278431e+01
3.001377e+01 -6.326167e+01
1.407034e+01 -8.844656e+01
1.457516e+01 -8.017030e+01
1.655510e+01 -7.333761e+01
3.970265e+00 -2.534686e+01
2.274872e+01 -5.858382e+01
-9.724744e+00 -5.485573e+01
6.401763e+00 -5.410208e+01
1.479541e+01 -5.375687e+01
7.311686e+00 -4.302076e+01
9.858360e+00 -6.206290e+01
3.662638e+01 -4.620402e+01
-1.985036e+01 -4.388704e+01
3.338339e+01 -4.012684e+01
6.940214e+00 -5.310283e+01
4.149401e+01 -2.260244e+01
3.639200e+01 6.796246e+00
1.565389e+01 6.996800e+00
3.790842e+01 -2.903262e+00
3.073240e+00 -2.863422e+01
4.173611e+01 -2.174229e+01
5.193609e+01 -3.743815e+01
3.985938e+01 -3.900768e+01
3.925034e+01 -3.624943e+01
2.341225e+01 2.106423e+00
2.014947e+01 -6.026492e+01
1.672771e+01 -4.619261e+01
3.820790e+01 -5.326450e+01
1.721638e+01 -6.904984e+01
1.573733e+01 -7.326931e+01
9.310300e+00 -5.410713e+01
-2.176939e+01 -6.293461e+01
2.407032e+01 -2.778600e+01
1.599873e+01 -6.149791e+01
1.383671e+01 -5.993287e+01
2.756494e+01 -5.442014e+01
1.437201e+01 -4.745932e+01
2.970090e+01 -5.550873e+01
1.384326e+01 -1.425209e+01
3.296952e+01 -3.307736e+01
5.121324e+01 -3.897965e+01
3.717583e+00 -5.006510e+01
3.012459e+01 -1.565865e+01
3.258676e+01 -3.880777e+01
3.237657e+01 -4.736434e+01
2.494698e+01 -2.234124e+01
3.392058e+01 -3.799542e+01
1.581414e+01 -3.576026e+01
3.330899e+01 -1.633249e+01
5.731755e+01 -1.176207e+01
2.532206e+01 -2.752324e+01
1.166618e+01 -6.124489e+01
3.295756e+01 -1.631314e+01
3.804150e+01 -1.623086e+01
3.612699e+01 -5.366194e+01
2.363347e+01 -4.237359e+01
5.120227e+01 -1.352985e+00
5.378913e+01 -1.450572e+01
1.516902e+01 -2.569540e+01
7.136836e+00 -2.244252e+01
2.612822e+01 -5.998308e+01
2.469431e+01 -4.214272e+01
-3.692442e+00 -5.601098e+01
1.071586e+01 -2.697186e+01
-3.654003e+00 6.379843e+00
-8.345887e-01 -2.066259e+01
2.421661e+01 -7.756410e+00
-1.705191e+01 -1.611546e+01
2.075047e+01 -3.005235e+01
4.478648e+01 -2.304339e+01
9.224414e+00 -1.865858e+01
3.335150e+01 -2.379955e+01
-8.856287e-01 -2.760911e+01
8.261448e+00 -3.590437e+01
1.882067e+01 -5.737141e+01
3.998853e+01 -3.773459e+01
3.603089e+01 -3.877493e+01
3.244878e+01 -3.317890e+01
1.916221e+01 -3.201063e+01
4.009489e+01 -2.501551e+01
4.256555e+01 -3.964746e+01
8.864730e+00 -4.000911e+01
2.671324e+00 -5.698872e+01
2.425525e+01 -5.677865e+01
1.783610e+01 -6.371161e+01
1.955562e+01 -3.711222e+01
8.084286e-01 -7.069289e+01
2.091653e+01 -6.542891e+01
3.791754e+01 -5.429061e+01
3.350218e+01 -3.122729e+01
4.539882e+01 -4.118798e+01
3.592381e+01 -2.091555e+01
3.248093e+01 -5.273644e+01
2.028645e+01 -3.924972e+01
3.271873e+01 -3.908406e+01
3.879543e+01 -4.282315e+01
3.988229e+01 -4.378540e+01
3.348910e+01 -4.302393e+01
2.785575e+01 -2.144986e+01
2.036858e+01 -2.168512e+01
2.887269e+01 -5.115181e+01
3.990526e+01 -3.850126e+01
1.213218e+01 -6.520138e+01
1.830460e+01 -6.048450e+01
1.383584e+01 -6.750072e+01
-3.600316e+00 -6.891222e+01
4.139504e+01 -5.380523e+01
3.992659e+01 -6.295193e+01
3.693666e+00 -6.070622e+01
1.491950e+01 -5.479072e+01
-7.275884e+00 -6.875148e+01
3.413901e+01 -5.358134e+01
3.504865e+01 -1.719049e+01
3.375729e+01 -5.190604e+01
1.052464e+01 -3.362626e+01
1.792925e+01 -3.738337e+01
9.684240e+00 -4.273475e+01
4.269517e+01 -5.516795e+01
4.706525e+01 -3.317397e+01
4.628384e+00 -1.989128e+01
3.783979e+01 -2.979541e+01
4.753136e+01 -2.503716e+01
1.472786e+01 -3.643094e+01
1.264233e+01 -4.078354e+01
3.487889e+01 -4.215856e+01
4.391527e+01 -3.327199e+01
3.706311e+01 -5.132116e+01
3.722684e+01 -1.922109e+01
2.205100e+01 -1.187620e+01
1.866612e+01 -1.323963e+01
1.063943e+01 -1.798342e+01
3.390586e+01 -3.913712e+01
1.670941e+01 -1.498772e+01
3.514734e+01 2.264088e-01
4.000427e+01 -2.759924e+01
4.308642e+01 -1.723015e+01
1.907523e+01 -2.897501e+01
1.953476e+01 -1.334668e+01
4.828085e+01 -2.669639e+01
3.305445e+01 -2.108806e+01
3.153377e+01 -3.947565e+01
3.088306e+01 -2.842189e+01
3.609403e+01 -5.570534e+01
4.565921e+01 -4.496646e+01
1.054603e+01 -3.097678e+01
4.810576e+01 -3.745577e+01
3.716353e+01 -3.322619e+01
4.251253e+01 -6.762296e+01
5.243794e+01 -4.232371e+01
3.326510e+01 -4.895315e+01
3.882417e+01 -2.751485e+01
2.261870e+01 -2.423076e+01
4.555999e+01 -2.218681e+01
8.491123e+00 -4.559434e+01
2.830968e+01 -6.369495e+01
2.660263e+01 -4.642613e+01
3.422119e+01 -3.125600e+01
7.008095e+00 -4.991528e+01
2.213845e+01 -3.410063e+01
1.237019e+01 -4.597664e+01
7.589736e+00 -5.025462e+01
1.529072e+01 -4.934273e+01
2.678463e+01 -4.528628e+01
4.177554e+01 -4.035304e+01
-1.427848e+01 -7.029904e+01
4.246886e+01 -5.688991e+01
1.343210e+01 -3.059867e+01
-1.845975e+01 -3.884678e+01
-4.768700e+00 -4.884650e+01
-1.498213e+01 -7.100627e+01
-1.552689e+00 -3.876235e+01
-5.374563e+00 -6.169438e+01
4.366451e+00 -3.973134e+01
3.907656e+01 -4.895398e+01
-7.224648e+00 -2.988621e+01
2.604203e+01 -3.589328e+01
3.898526e+01 -3.824631e+01
9.363868e+00 -3.308093e+01
2.527337e+01 -4.865992e+01
6.287134e-01 -5.920758e+01
1.282581e+01 -5.311124e+01
-7.603130e+00 -6.703152e+01
3.716203e+01 -5.112824e+01
3.317972e+01 -4.695082e+01
3.695484e+01 -4.532589e+01
1.912366e+01 -5.386198e+01
1.021319e+01 -6.159531e+01
4.308333e+01 -4.185242e+01
2.977329e+01 -4.757505e+01
2.702607e+01 -6.105353e+01
3.842175e+01 -3.793312e+01
2.615600e+00 -5.813350e+01
2.982193e+01 -4.192809e+01
2.720919e+01 -5.162713e+01
4.054793e+01 -5.272044e+01
5.968308e+01 -5.606137e+01
4.685392e+01 -4.897971e+01
3.795419e+01 -4.876417e+01
4.296279e+01 -2.583034e+01
3.986032e+01 -4.455170e+01
3.943788e+01 -5.317852e+01
4.368055e+01 -3.845482e+01
5.358714e+01 -3.604495e+01
3.066574e+01 -3.297166e+00
3.678734e+01 -1.772202e+01
2.148526e+01 -2.769801e+01
3.207477e+01 -3.384097e+01
2.511116e+01 -4.622277e+01
3.280624e+01 -2.636812e+01
1.844708e+01 -3.507808e+01
1.073594e+01 -2.514586e+01
4.029912e+01 -3.873339e+01
3.343445e+01 -4.255059e+01
1.639266e+01 -2.739145e+01
4.411000e+01 -3.444622e+01
2.290860e+01 -1.160997e+00
3.372372e+01 -2.597924e+01
3.872747e+01 -2.450149e+01
5.454398e+01 -1.193996e+00
5.243929e+01 1.508826e+00
4.300982e+01 -1.030269e+00
2.160839e+01 -3.434862e+01
2.694008e+01 -4.016217e+01
3.671257e+01 -2.041288e+01
1.975771e+01 -3.200508e+01
2.645169e+01 -3.936570e+01
2.456150e+01 -1.548423e+01
2.884908e+01 -3.521165e+01
1.971219e+00 -3.645659e+01
2.697196e+01 -2.996042e+01
3.507653e+01 -5.620022e+01
3.131864e+01 -5.682322e+01
1.085088e+01 -3.126191e+01
3.141282e+01 -4.627763e+01
4.209391e+01 -4.432694e+01
3.422907e+01 -3.277643e+01
2.161982e+01 -5.889102e+01
2.980981e+01 -5.375358e+01
3.255139e+01 -5.895766e+01
3.747012e+01 -8.236474e+01
2.443646e+01 -3.380180e+01
3.551987e+01 -4.805011e+01
8.699948e+00 -6.692901e+01
