2.569074e+01 -1.746889e+01 -1.898225e+01 -3.246586e+01
3.371814e+01 -2.385838e+01 -1.594091e+01 -3.411907e+01
4.118162e+01 2.637833e+01 -9.963750e+00 -2.301366e+01
2.517534e+01 -1.100362e+01 -2.338878e+01 -1.773259e+01
1.613812e+01 -1.276551e+01 -2.739918e+01 -1.098215e+01
3.032811e+01 -2.320633e+01 -2.146255e+01 -3.122283e+01
2.385452e+01 -1.971832e+01 -2.923056e+01 -1.644669e+01
3.162281e+01 7.963031e+00 -3.057219e+01 -3.655541e+01
2.250199e+01 -6.644264e+00 -1.912090e+01 -2.491251e+01
1.695374e+01 -3.787622e+00 -2.226516e+01 -1.985355e+01
1.421126e+01 8.370245e+00 -1.011401e+01 -6.178508e+01
1.534411e+01 9.384161e+00 -2.162134e+00 -2.138215e+01
1.150415e+01 7.442920e+00 -1.849677e+00 -1.206422e+01
3.614175e+00 2.087916e+01 -7.416674e+00 -2.097981e+01
2.428535e+01 2.601375e+01 -5.571257e+00 -1.846759e+01
8.651745e+00 2.102130e+01 -2.172744e+01 -2.161975e+01
2.625099e-01 2.068862e+01 7.512291e+00 -4.067825e+01
2.615005e+00 9.632176e+00 -1.646633e+01 -1.621558e+01
2.062407e+01 3.743437e+01 -2.069158e+01 -1.262926e+01
1.616417e+01 4.173572e+01 -6.871739e+00 -1.876085e+01
1.451848e+01 3.123508e+01 -1.693702e+01 -1.178855e+01
5.665360e+00 2.015482e+01 -9.471830e+00 -1.284695e+01
2.021511e+01 3.285001e+01 -1.637920e+01 -9.732734e+00
1.382382e+01 1.123420e+01 -1.642076e+01 -3.504801e+01
2.331967e+01 1.897398e+01 -4.342086e+00 -4.035309e+01
5.160219e+00 1.500891e+01 -1.678412e+01 -2.767986e+01
1.528113e+01 2.311215e+01 -1.303004e+01 -3.720635e+01
1.378954e+01 3.169528e+01 -1.678812e+01 -2.456029e+01
1.688359e+01 6.270538e+00 -3.769479e+01 -4.815527e+01
1.358888e+01 -5.724125e+00 -6.394648e-02 -4.240880e+01
1.971871e+01 3.172093e+01 -7.055571e+00 -2.670980e+01
-4.428630e+00 2.157939e+01 -4.217622e+00 -2.454695e+01
9.202196e+00 2.894380e+01 -1.344589e+01 -1.712652e+01
1.012962e+01 2.002975e+00 -2.167346e+01 -3.297552e+01
2.603298e+01 2.247237e+01 -2.066395e+01 -1.426095e+01
-3.218109e-01 2.095964e+01 -5.838715e+00 -2.151773e+01
1.573448e+01 1.200777e+01 -2.624161e+01 -4.357991e+01
8.100161e+00 1.949600e+01 -1.960385e+00 -2.030529e+01
-2.920637e+00 1.115319e+01 -1.707805e+01 -2.768474e+01
2.641127e+01 3.469899e+01 -7.165220e+00 -2.942776e+01
1.460431e+00 4.030811e+01 -2.607015e+01 -2.637191e+00
3.329570e+01 2.878415e+01 -2.929229e+01 -3.586827e+00
-9.874670e+00 4.311825e+01 -2.040936e+01 -3.449761e+00
1.179647e+00 3.546058e+01 -2.437500e+01 -5.931654e+00
1.999643e+00 3.027293e+01 -2.848726e+01 -1.908068e+01
5.200696e+00 3.383717e+01 -3.649509e+01 -6.768714e+00
3.107238e+00 1.585340e+01 9.957245e+00 -4.039569e+01
1.188393e+01 1.996557e+01 -1.142623e+01 -1.592256e+01
6.338125e+00 8.938278e+00 -1.092525e+00 -4.810137e+01
-1.360283e+00 -1.089945e+00 -4.927210e+00 -2.642736e+01
1.550138e+01 1.159389e+01 -1.161432e+01 -3.031413e+01
2.708888e+01 1.535754e+01 -1.214839e+01 -3.493582e+01
1.549289e+01 1.019045e+01 -1.921279e+01 -4.904687e+01
1.323479e+00 2.321401e+01 -1.704486e+01 -3.732627e+01
1.583540e+01 1.669461e+01 -1.151152e+01 -3.024539e+01
2.589732e+01 2.359097e+01 -2.186832e+01 -3.286911e+01
5.429158e+00 1.663001e+01 -1.218947e+01 -4.627756e+01
1.623508e+01 4.334412e+01 -1.354383e+01 -5.178951e+00
-1.593792e+00 -1.061004e-02 1.336748e+00 -2.912045e+01
8.083620e+00 6.510248e+00 -1.608210e+00 -4.899500e+01
-5.948781e+00 -6.076319e+00 -1.465876e+01 -3.709577e+01
8.761951e+00 3.392520e+00 -1.180662e+01 -2.449637e+01
1.837294e+01 4.432495e-01 -1.858007e+01 -3.728926e+01
6.985216e+00 1.881695e+00 -6.766963e+00 -4.750501e+01
1.031431e+01 1.124170e+01 -1.655527e+01 -2.971019e+01
1.442744e+00 1.224278e+01 -1.084641e+01 -4.632319e+01
3.818883e+00 -3.790007e-01 -1.460053e+00 -3.936838e+01
1.590131e+00 -1.080522e+01 -1.497011e+01 -4.505487e+01
-3.861186e+00 -5.929866e+00 -1.706041e+01 -3.918799e+01
-1.010643e+01 4.901086e-01 -1.286582e+01 -2.811235e+01
-1.606537e+00 1.025064e+01 -1.289083e+01 -4.000993e+01
2.228377e-01 -1.067011e+00 -6.924556e+00 -2.647804e+01
2.365336e-01 4.698568e+00 -1.115599e+01 -4.400570e+01
6.807301e+00 1.222395e+01 -1.033397e+01 -3.428174e+01
1.280425e+01 1.867590e+01 -1.404604e+01 -4.339339e+01
2.265756e+00 1.017172e+01 -1.944443e+01 -2.979027e+01
-5.666766e+00 1.190996e+01 1.366726e+01 -3.945262e+01
1.139396e+01 1.066463e+01 -1.368224e+01 -4.328176e+01
-3.905492e-01 3.423240e+01 -1.857472e+01 -3.123013e+01
3.619263e+00 3.867215e+01 -1.467348e+01 -2.955388e+01
1.717254e+01 3.684830e+01 -3.061545e+01 -2.784061e+01
6.443476e+00 6.793696e+00 -3.117374e+01 -3.520012e+01
8.912982e+00 3.128341e+01 -5.052366e+01 -2.089115e+01
6.028546e+00 3.225914e+01 5.475766e+00 -3.447522e+01
7.422216e+00 1.413104e+01 -1.964625e+01 -3.007268e+01
-4.965753e-01 8.916551e+00 -6.587928e+00 -3.762910e+01
-9.816689e+00 -6.649805e+00 1.378606e+01 -3.126409e+01
-2.959625e+00 1.405163e+00 -1.014809e+01 -3.582672e+01
1.322813e+01 4.486372e-01 -5.291731e+00 -5.027324e+01
1.072593e+01 1.116089e+01 -7.207323e+00 -2.999877e+01
-7.013415e+00 -1.029808e+00 2.636604e+00 -3.407097e+01
-2.596276e+00 1.606944e+01 -1.858466e+01 -2.265553e+01
4.931399e+00 1.263293e+01 -3.206904e+01 -2.789709e+01
1.119527e+01 5.419448e+01 -1.422301e+01 8.275024e+00
-6.519653e+00 2.293575e+01 -9.702333e+00 -3.322887e+00
2.610941e+00 3.669947e+01 -2.096272e+01 -1.756064e+01
6.874634e+00 1.990555e+01 -2.523965e+00 -1.838629e+01
5.646808e+00 1.168454e+01 -1.751241e+01 -4.660409e+00
1.193474e+01 2.454290e+01 1.659556e+00 5.913638e-01
7.953862e+00 3.671445e+01 -1.438089e+01 3.136344e+00
3.267189e+01 1.300845e+00 -3.416281e+01 -4.543695e+01
2.129900e+01 2.365865e+01 -1.102784e+01 -3.187606e+01
1.327961e+01 2.335108e+01 -3.064231e+01 -2.196115e+01
2.442892e+01 2.132633e+01 1.127440e+00 -3.750090e+01
3.789816e+00 9.955325e+00 -2.740684e+01 -3.002993e+01
1.498222e+01 3.648795e+01 -3.311461e+01 -4.753223e+00
9.302409e+00 2.126376e+01 -1.604416e+01 -7.223598e+00
1.614501e+01 1.096104e+01 -4.435380e+00 -3.384277e+01
1.525491e+01 1.808506e+01 -1.708098e+01 -3.149271e+01
2.255386e+01 1.974458e+01 -2.830127e+01 -3.403998e+01
8.482399e+00 1.861777e+01 3.146932e+00 -4.018308e+01
9.177394e+00 1.410029e+01 3.913849e+00 -3.092257e+01
9.903236e+00 9.250472e+00 -3.194048e+00 -4.207970e+01
1.948709e+01 3.347728e+01 -2.954909e+00 -3.642432e+01
9.325420e-01 1.695947e+01 -2.106971e+01 -2.797006e+01
2.159664e+01 2.058066e+01 -1.689899e+01 -2.879230e+01
-1.434086e+00 -5.799638e+00 1.821478e+00 -3.304191e+01
6.888815e+00 8.024324e+00 -2.698794e+00 -4.121632e+01
-4.987069e+00 2.611170e+01 -8.668363e+00 -1.784126e+01
-1.177493e+00 1.123980e+01 3.928732e+00 -4.674579e+01
-2.061871e+00 8.757793e+00 -2.948490e+00 -3.045698e+01
8.205717e+00 2.589222e+01 -9.687975e+00 -3.622706e+01
1.032659e+01 2.287735e+01 -3.169965e+00 -2.220790e+01
8.878141e+00 -8.718542e+00 -4.092295e+00 -5.217389e+01
3.938731e+00 1.262222e+01 -2.426810e+01 -3.686120e+01
-5.817563e+00 3.001253e+01 -6.944594e-01 -7.906033e+00
-4.349102e+00 7.077684e+00 9.672805e+00 -4.719158e+01
-2.783898e+00 1.261541e+01 -2.094972e+01 -2.508927e+01
8.397864e-01 1.082169e+01 -1.300377e+01 -3.192968e+01
-3.693176e-01 1.833561e+00 -4.587837e+00 -3.605950e+01
2.984139e+00 6.076030e+00 -8.541179e+00 -3.656410e+01
1.160875e+01 3.532980e+00 -1.379649e+01 -3.815590e+01
-3.036110e+00 7.959828e+00 -7.092570e+00 -2.819633e+01
-4.060811e+00 1.921182e+01 -2.493839e+01 -5.701435e+00
1.576919e+00 2.051698e+01 -8.547753e+00 -2.269038e+01
-8.553878e+00 3.320846e+01 -8.965645e+00 8.014198e+00
9.806362e+00 4.685634e+01 -2.773396e+01 -3.329748e+01
1.607777e+01 2.145794e+01 -1.656720e+01 -1.687472e+01
2.935934e+00 9.871842e+00 -4.006034e+00 -8.413533e+00
1.054690e+01 1.131510e+01 -1.502805e+01 -2.590108e+01
-4.860676e-01 4.114781e+01 -2.266647e+01 -1.694888e+01
2.190010e+01 2.996400e+01 -2.135739e+01 9.599149e-01
2.389522e+00 2.648251e+01 -1.657707e+01 -4.016901e+01
1.141935e+01 3.560812e+01 -1.493402e+01 -2.659521e+01
7.928221e+00 2.051441e+01 -2.581834e+00 -4.450599e+01
1.443701e+01 2.104539e+01 -3.257887e+00 -4.545301e+01
-3.949689e-01 7.990342e+00 -5.860192e+00 -3.794625e+01
2.937388e+00 2.050206e+01 -1.585294e+01 -3.202315e+01
5.963573e+00 1.620070e+01 -1.211977e+01 -3.200008e+01
1.650631e+01 1.900213e+01 -5.307471e+00 -2.263344e+01
1.570076e+01 2.670960e+01 -1.997352e+01 -2.466966e+01
1.745088e+01 4.601134e+01 -2.745129e+01 -1.492681e+01
7.852614e+00 3.142220e+01 -1.631002e+01 -1.657948e+01
1.023281e+01 4.115202e+01 -6.009782e+00 -2.771493e+01
8.177454e+00 3.010858e+01 -2.978499e+01 -3.776046e+01
-1.188047e+00 2.084492e+01 6.900115e-01 -4.331375e+01
2.387196e+01 6.289217e+01 -8.546262e+00 -1.474448e+01
1.315802e+01 1.041015e+01 -8.853178e+00 -3.058805e+01
1.531677e+01 1.216894e+01 -6.787619e+00 -3.101637e+01
6.382704e+00 5.685047e+00 -2.376518e+01 -2.176333e+01
1.093130e+01 1.988554e+01 -3.478255e+00 -2.772188e+01
4.658610e+00 1.876832e+01 -2.220223e+01 -2.600060e+01
8.369932e+00 1.307667e+01 -2.730600e+01 -1.884843e+01
1.920827e-01 1.507693e+01 -1.309614e+00 -4.046149e+01
1.719148e+01 2.468335e+01 -1.761628e+01 -3.543537e+01
1.941151e+01 3.525572e+01 -2.594782e+00 -1.598337e+01
1.720216e+01 7.543740e+00 -7.854564e+00 -4.031251e+01
2.320177e+01 1.480412e+01 -3.227688e+00 -4.854427e+01
2.060254e+01 2.383977e+01 -6.525705e+00 -3.905862e+01
3.146182e+01 1.596509e+01 -1.522068e+01 -1.911595e+01
5.837184e+00 1.234987e+01 -1.243122e+01 -2.369290e+01
6.918369e+00 1.282728e+01 -8.442940e+00 -1.670476e+01
2.609441e+00 1.132653e+01 -1.849615e+00 -2.215912e+01
3.532710e-01 9.216481e+00 -8.559435e+00 -3.260007e+01
-1.846917e+01 -1.592907e-01 -2.619596e+00 -2.165498e+01
-8.569389e+00 -9.482446e+00 8.602627e+00 -1.976476e+01
3.427305e+00 2.957314e+01 -1.325878e+01 -1.507697e+01
2.792739e+00 3.626911e+01 -2.572811e+01 -4.386278e+00
-6.373981e-01 5.169375e+01 5.199112e+00 5.222870e+00
7.805401e+00 3.503194e+01 -2.335544e+01 -6.110342e+00
1.093862e+01 3.906138e+01 -1.341778e+01 -1.850008e+01
8.578938e+00 2.724608e+01 -2.272177e+01 -1.423130e+01
1.420800e+01 3.780534e+01 -7.022567e+00 -9.495455e+00
2.139293e+01 6.903826e+01 -1.735987e+01 -5.509911e+00
1.034272e+01 2.914383e+01 -2.405337e+01 -1.430986e+01
9.919265e+00 1.936641e+01 -2.851430e+01 -2.088602e+01
5.002338e+00 1.855188e+01 -2.527516e+01 -2.412462e+01
6.262179e+00 2.753794e+01 -2.199163e+01 -2.979129e+01
2.734576e+01 3.089203e+01 -1.547657e+01 -1.793822e+01
8.468560e+00 2.321731e+01 -1.822282e+01 -3.178425e+01
2.122395e+00 1.928392e+01 -2.029025e+01 -3.186326e+01
1.794766e+01 2.458807e+01 -4.173457e+01 -2.160015e+01
1.248442e+01 3.120449e+01 -1.370154e+01 -1.546612e+01
-4.268137e+00 1.573631e+01 -2.112606e+01 -3.390841e+01
1.709851e+01 3.175199e+01 -2.032124e+01 -1.388235e+01
2.311330e+01 3.226741e+01 -1.366216e+01 -2.164408e+01
2.179555e+01 3.167731e+01 -3.043649e+01 -2.036061e+01
1.504955e+01 2.752109e+01 -2.318429e+01 -2.072425e+01
3.502971e+01 2.386778e+01 -2.178646e+01 -3.367348e+01
4.817084e+00 3.636436e+01 -1.756626e+00 8.061668e+00
2.101510e+01 4.097377e+00 -1.500901e+01 -3.265361e+01
1.458513e+01 6.974079e+01 -1.955829e+01 1.917458e+01
2.044499e+01 3.701603e+01 -1.621439e+01 -1.326940e+01
3.642775e+01 4.612466e+01 -1.341745e+01 -2.832036e+01
-4.133326e+00 1.215825e+01 -6.519816e+00 -1.706920e+01
-1.638939e+00 2.159891e+01 2.502147e+00 -1.913058e+01
2.863338e+00 -3.259869e+00 7.238658e+00 -5.174200e+01
-3.503987e+00 2.097058e+01 1.681342e+00 -3.119222e+01
8.031766e+00 1.980194e+01 -1.921874e+01 -3.975991e+01
1.153798e+01 1.124396e+01 -1.659163e+01 -4.493002e+01
1.967962e+00 1.491893e+01 -1.074439e+01 -3.383319e+01
-4.261335e+00 -7.937254e+00 6.681531e+00 -5.413591e+01
1.086964e+01 1.426488e+01 -2.114640e+00 -4.060460e+01
2.099232e+01 2.269977e+01 1.451288e+01 -3.338790e+01
5.229956e+00 1.990961e+01 -7.718334e+00 -3.836472e+01
4.905614e+00 1.141419e+01 -1.481209e+01 -3.645990e+01
8.529198e+00 2.570060e+01 -1.757185e+01 -3.434928e+01
1.143233e+01 -4.161736e+00 -1.442071e+01 -4.200736e+01
5.942162e+00 3.946383e+01 -2.687402e+01 -1.602983e+00
1.002305e+01 2.454313e+01 -2.507882e+01 -1.937646e+00
-1.206370e+01 7.526826e+01 2.667691e+01 3.406733e+01
1.143329e+01 1.364628e+01 -1.146509e+01 -3.678529e+01
1.593045e+01 2.467268e+01 -4.655187e+01 -5.165325e+00
8.266949e+00 2.222984e+01 -2.977488e+01 -2.590345e+01
3.862641e+00 2.706620e+01 -2.619578e+01 -1.100539e+01
-3.509827e+00 4.670685e+01 -1.488776e+01 -8.511632e+00
1.392863e+01 1.521172e+01 5.739851e+00 -4.663298e+01
5.233129e+00 5.057227e-01 2.586343e-01 -4.322317e+01
1.137051e+01 8.891295e+00 -1.319090e+01 -3.351520e+01
-1.159853e+00 3.173859e-02 1.130962e+00 -4.042612e+01
1.199254e+01 1.180036e+01 6.805821e+00 -4.036521e+01
1.506754e+01 2.478828e+01 -7.426562e+00 -3.687600e+01
1.869971e+01 3.087228e+01 -1.598044e+00 -4.068657e+01
1.148616e+01 8.710111e+00 -2.400802e+01 -1.760239e+01
1.431602e+01 5.160409e+00 -6.829972e+00 -3.720408e+01
5.308181e-01 -9.665744e+00 -1.025602e+01 -3.947835e+01
-3.114953e+00 -2.974646e+00 -1.251643e+01 -3.765147e+01
-9.023719e+00 -6.701424e+00 -8.707412e+00 -4.843705e+01
-6.795646e+00 1.076588e+01 -1.045218e+01 -2.337085e+01
1.950042e+00 1.345298e+00 2.055645e+00 -4.144862e+01
8.310933e+00 3.695484e+01 -2.306385e+01 -1.715286e+01
1.240835e+01 1.463336e+01 -1.592565e+01 -1.642121e+01
9.429790e+00 1.811469e+01 8.219005e+00 -3.370334e+01
7.614423e+00 2.761772e+01 -9.232619e+00 -2.233388e+01
5.016552e+00 1.773109e+01 -1.611702e+01 -2.358468e+01
-2.961849e+00 -1.170010e+01 -1.876385e+01 -2.789291e+01
9.759304e+00 2.164378e+01 -2.774319e+01 -2.545238e+01
-7.313414e+00 2.812893e+01 -2.257729e+00 -2.314263e+01
7.128808e+00 2.244488e+01 -2.146072e+01 -2.353929e+01
-8.819798e+00 2.309230e+01 -2.123722e+01 -1.281827e+01
3.165080e-01 3.112048e+01 -2.419532e+01 -4.744821e+00
2.490225e+01 3.948728e+01 -3.123420e+01 9.696677e-01
-4.350075e+00 5.121444e+01 -2.391616e+01 1.743690e+01
-1.092283e+00 1.867446e+01 -8.606114e+00 -8.899635e+00
4.710505e+00 1.525906e+00 -1.509975e+01 -4.721394e+01
1.366292e+01 1.242134e+01 -1.180932e+01 -2.973169e+01
4.750117e+00 1.603057e+01 -5.505200e+00 -5.564859e+01
5.463181e+00 2.372478e+01 5.222578e+00 -1.034036e+01
1.365427e+01 -1.799881e+01 -1.702521e+01 -2.572823e+01
1.589539e+01 2.590482e+01 -2.168383e+01 -7.944096e+00
2.720435e+01 2.849337e+01 -3.233083e+00 -3.593594e+01
1.560889e+01 1.790917e+01 -1.721282e+01 -1.940971e+01
6.601580e+00 2.157438e+01 -1.391451e+01 -3.724837e+01
2.014992e+01 2.712748e+01 -2.561299e+01 -2.722460e+01
6.849631e+00 2.971390e+01 -2.516191e+01 -7.846076e+00
1.696371e+00 1.298304e+01 -7.121419e+00 -3.125708e+01
1.237094e+00 5.971610e+00 -4.242235e+00 -9.279699e+00
-1.112266e+00 5.264221e+00 1.060302e+01 -3.118947e+01
8.760872e+00 1.927360e+01 -7.070167e+00 -4.531972e+01
-1.782773e+00 4.135828e+01 -1.184247e+01 3.135658e+00
6.707710e+00 2.306312e+01 -6.672154e+00 -1.549084e+01
4.941673e+00 2.307189e+01 -1.721574e+01 -2.812437e+01
1.504400e+01 3.773766e+01 -2.036893e+01 -4.274963e+01
6.668532e+00 2.158045e+01 -5.842369e+00 -2.049558e+01
2.004696e+01 4.774575e+01 -1.706292e+01 -2.931636e+01
1.018200e+01 1.216335e+01 -6.769174e-01 -3.292679e+01
9.053949e+00 1.425095e+01 -1.830156e+01 -3.513880e+01
3.069725e+00 4.052409e+00 1.316641e+00 -2.680332e+01
-5.539322e+00 8.347295e+00 5.898199e-01 -2.576191e+01
2.600927e+01 2.156434e+01 -1.701402e+01 -2.205465e+01
1.417823e+01 2.450164e+01 -4.617600e+00 -1.440372e+01
-1.886155e+01 1.698462e+01 -1.820824e+00 -1.392574e+01
-6.364045e+00 1.030384e+01 2.047213e+00 -3.202484e+01
2.507975e+01 4.701161e+01 -1.687020e+01 3.859510e-02
2.253264e+01 2.973942e+01 -1.130649e+01 -2.410309e+01
2.802790e+01 4.832711e+01 -1.462820e+01 -6.475063e+00
-4.844092e-01 2.023024e+01 -2.635994e+01 -2.540870e+01
1.771884e+01 4.101373e+01 -6.398714e+00 4.656749e+00
1.126326e+00 4.292034e+01 -1.359871e+01 -1.898299e+01
5.453004e+00 4.352747e+01 -2.165134e+01 -1.708418e+01
1.139748e+01 2.468923e+01 1.551422e+00 -3.896139e+01
5.542854e+00 1.481801e+01 -5.029891e+00 -4.075848e+01
1.005608e+01 8.608456e+00 -1.316749e+01 -3.448731e+01
9.721273e+00 1.895125e+01 -1.917910e+01 -1.268992e+01
1.636292e+01 4.125168e+00 -5.766822e+00 -4.467199e+01
1.230318e+01 1.335978e+01 -8.276351e-01 -2.746773e+01
3.550113e+01 4.071134e+01 -1.514132e+01 -3.806248e+01
-3.191117e+00 3.342090e+01 -2.453166e+01 -2.655541e+01
1.157988e+01 9.952259e+00 1.230686e+00 -4.176666e+01
1.101028e+01 2.762295e+01 -5.517074e+00 -1.428539e+01
1.260611e+01 1.012214e+01 -1.060754e+00 -5.094833e+01
-4.100846e+00 1.867876e+01 -8.600003e+00 -7.435673e+00
1.773111e+01 3.134427e+01 -1.761062e+01 -1.593261e+01
1.690252e+01 9.435983e+00 -2.503543e+01 -3.566429e+01
4.077307e+01 3.099722e+01 -3.224939e+01 -7.035615e+00
3.558467e+01 7.350927e+00 -2.969428e+01 -4.600336e+01
3.291900e-01 2.118267e+01 -2.490655e+01 -8.527382e+00
6.118079e+00 7.549215e+00 5.902159e+00 -2.694783e+01
2.055586e+01 2.283472e+01 -2.134604e+01 -2.852861e+01
4.557231e-01 2.722811e+01 -2.173831e+01 -2.085955e+01
8.382043e+00 2.850862e+01 -2.238337e+01 -1.621438e+01
1.619199e+01 4.242595e+01 -2.722052e+01 3.394957e+00
1.239470e+01 1.531092e+01 -4.856305e+00 -4.301617e+01
2.245452e+01 2.672283e+01 -2.189208e+00 -2.426519e+01
2.770321e+01 2.685692e+01 -9.977104e+00 -2.892833e+01
-5.407546e+00 4.540451e+01 -9.890706e+00 9.117902e+00
-1.734883e+01 3.733050e+01 -1.617809e+01 5.947194e+00
8.883073e+00 2.136954e+01 -2.594387e+01 -1.523448e+01
-6.470022e+00 2.069615e+01 1.246772e+01 -3.442054e+01
1.222163e+00 1.924009e+01 1.193251e+01 -2.850386e+01
-1.443209e-01 -3.150485e+00 1.209367e+01 -4.454646e+01
8.848051e+00 5.412769e+00 -2.625021e+00 -3.035691e+01
2.287741e+01 3.420783e+01 -1.041341e+01 -3.612618e+01
1.856481e+01 3.083800e+01 -1.062486e+01 -1.798172e+01
2.516846e+01 2.869864e+01 -1.060701e+01 -3.548926e+01
-1.515228e+00 5.756915e+00 -6.993036e+00 -3.259930e+01
4.387934e+00 3.728510e+00 -2.026721e+01 -3.147797e+01
-1.120638e+00 -2.253214e+01 6.730028e-02 -3.592246e+01
-7.224673e+00 9.537179e+00 -4.036168e+00 -2.526508e+01
4.861727e+00 -6.115331e+00 -2.308208e+01 -5.286261e+01
1.204597e+00 2.989192e+01 -1.451243e+01 -9.451118e+00
2.991185e+00 1.025582e+01 -2.479398e+00 -4.310196e+01
7.539816e+00 2.349898e+01 -1.715699e+01 -2.778897e+01
3.698192e+00 -6.417369e-01 -2.270800e+01 -1.700326e+01
-2.887362e+00 2.122292e+01 -4.736314e+00 -2.957979e+01
-7.377950e+00 3.074285e+00 -1.118790e+01 -2.991101e+01
1.593693e+01 1.300208e+01 -1.240171e+01 -2.781626e+01
-2.086341e+00 2.373674e+00 -8.736473e+00 -3.169980e+01
9.192769e+00 2.886896e+01 -6.218714e+00 -4.676950e+01
3.567593e+00 -2.400426e-01 -7.212168e-01 -3.617393e+01
8.490436e+00 1.488527e+01 -1.197444e+01 -3.128712e+01
4.795614e+00 2.766964e+01 -1.974279e+01 -2.022787e+01
3.948311e+00 2.724794e-01 -1.161012e+01 -5.055903e+01
-8.227095e+00 -3.155401e+00 -1.221568e+01 -2.818319e+01
-5.202338e-01 2.654863e+01 -2.443169e+01 -2.104174e+01
-6.083983e+00 2.312817e+01 -2.146970e+00 -1.910916e+01
2.491309e-01 3.493443e+01 4.301405e+00 -4.037880e+00
-6.674236e+00 1.429372e+01 1.979185e+00 3.333268e-01
1.100135e+01 2.035130e+01 -3.193533e+01 -2.651297e+01
6.454917e+00 5.106003e+01 4.299900e-01 2.886362e+01
5.628914e+00 1.053998e+01 -8.100140e+00 -2.933311e+01
8.572379e+00 1.085084e+01 -7.405724e+00 -2.957029e+01
1.800891e+01 1.925275e+01 -3.750455e+00 -3.702423e+01
-8.508212e+00 9.383441e+00 -2.184357e+00 -2.248654e+01
6.184439e+00 1.529475e+01 -4.090513e+00 -2.470071e+01
-9.404539e+00 4.413200e+00 1.172798e+01 -3.335553e+01
2.299049e+01 3.318780e+01 -1.106756e+01 -2.276113e+01
-1.384887e-01 2.329903e+01 -5.749218e+00 -2.073563e+01
7.024246e+00 4.042804e+01 -1.738770e+01 -8.598057e+00
-8.565985e-01 1.753875e+01 -1.227949e+01 -3.167169e+01
7.434915e+00 3.009204e+01 -1.984236e+01 -2.537524e+01
-2.782869e+00 -1.550440e+00 -1.306360e-01 -5.721634e+01
-1.044693e+01 1.021313e+01 -9.251256e+00 -2.844574e+01
-1.052775e+01 3.684847e+00 -4.726967e+00 -2.285665e+01
-1.045767e+00 1.538340e+00 -2.176129e+01 -3.169585e+01
8.685461e-01 1.109586e+01 7.929764e+00 -4.623889e+01
8.221864e+00 3.957304e+01 3.853658e+00 -2.516157e+01
8.622944e+00 3.181626e+01 -6.233724e+00 3.615535e+00
1.691625e+01 1.703553e+01 -1.872199e+01 -2.054818e+01
4.764328e+00 2.073340e+01 -1.108911e+01 -1.896716e+01
1.936126e+01 1.680307e+01 -7.179946e+00 -9.654228e-01
9.392834e+00 2.901689e+01 -1.648519e+01 -2.166590e+01
3.258174e+00 8.630301e+00 -1.124286e+01 -2.637432e+01
1.272518e+01 3.150604e+01 -1.972922e+01 -2.767234e+01
1.016487e+01 2.235605e+01 3.283183e+00 -4.264561e+01
1.398912e+01 2.965342e+01 -7.603171e+00 -3.934229e+01
6.530799e+00 4.833011e+01 -1.193838e+01 -3.297518e+01
-4.192539e+00 2.465496e+01 -5.408966e+00 -3.955576e+01
1.147555e+01 2.600206e+01 -3.115328e+01 -2.318925e+01
1.715719e+01 2.365792e+01 8.196906e-01 -3.102169e+01
5.937187e+00 1.258672e+01 -5.570035e+00 -3.084552e+01
2.948417e+01 2.086072e+01 -4.947640e+00 -3.719972e+01
8.233117e+00 8.639828e+00 -1.090703e+01 -5.069685e+00
2.239733e+01 1.589050e+01 -7.256539e+00 -4.042614e+01
2.620526e+01 2.591198e+01 -1.077798e+00 -1.832172e+01
2.965247e+01 4.387294e+00 -5.112543e+00 -2.164706e+01
-3.408099e+00 -8.309631e+00 3.846743e+00 -3.726689e+01
5.964421e+00 8.576631e+00 7.448212e+00 -2.253766e+01
4.917742e+00 6.084053e+00 -6.245703e-01 -1.807886e+01
9.434606e+00 7.249420e+00 -5.001417e+00 -3.154278e+01
2.362888e+01 4.114578e+01 -2.287240e+01 -1.556594e+01
1.147144e+01 4.257555e+01 -2.481232e+01 7.951949e-01
4.866158e+00 5.891365e+01 -2.789885e+00 1.821815e+01
8.533767e+00 2.427494e+01 -2.172901e+01 -1.417010e+01
4.272941e+00 5.439373e+01 5.184379e+00 2.306730e+01
2.801845e+00 5.115344e+00 -6.084080e+00 -3.872846e+01
-4.930498e+00 1.411753e+01 -2.384270e+00 -3.688110e+01
1.448704e+01 1.524926e+01 -9.168294e+00 -4.485357e+01
-3.113255e-01 3.640289e+01 -1.961038e+01 -2.488759e+01
-2.400236e+00 1.997101e+01 -5.280257e+00 -2.278353e+01
3.242616e+00 3.883423e+01 -4.108208e+00 -3.240841e+01
1.125088e+01 3.156016e+01 -1.446241e+01 -1.040309e+01
6.592806e+00 4.249188e+01 -5.440674e+00 -2.334237e+01
3.702029e+00 2.276125e+01 -3.207202e+01 -2.498524e+01
6.454455e+00 2.960250e+01 -1.977039e+01 -4.095216e+01
6.271812e+00 4.239074e+01 -2.620855e+01 -2.620331e+01
1.842577e+01 3.858298e+01 -3.289066e+01 -2.916688e+01
6.079224e+00 2.894800e+01 -2.754141e+01 -1.196246e+01
3.947158e+00 3.725421e+01 -2.363725e+01 -3.256495e+01
1.818578e+01 3.700706e+01 -2.782147e+01 -7.005646e+00
1.797074e+01 3.283868e+01 -2.419354e+01 -2.711716e+01
2.879577e+01 3.686614e+01 -2.846483e+01 -7.428376e+00
1.807817e+01 3.025334e+01 -2.037830e+01 -1.777077e+01
3.236488e+00 3.871866e+01 -1.991611e+01 -2.647382e+01
6.040328e+00 3.445263e+01 -2.287515e+01 -4.034433e+00
1.581734e+01 2.683437e+01 -2.613019e+01 -2.151845e+01
-9.003609e-01 2.704401e+01 -1.352147e+01 -2.036365e+01
9.390936e+00 2.854682e+01 -2.493581e+01 -1.432483e+01
2.028705e+00 3.803644e+01 -6.477402e+00 -7.006048e+00
9.540988e+00 2.183675e+01 -2.383375e+01 -2.979814e+01
1.791643e+01 3.269482e+01 -2.671407e+01 -2.063654e+01
1.521355e+01 4.017898e+01 -3.607988e+01 -9.436149e+00
1.705149e+01 4.639419e+01 -2.369715e+01 -1.204182e+01
7.263192e+00 4.164625e+01 -2.412730e+01 -3.628649e+00
6.535295e+00 4.143298e+01 -1.965715e+01 1.227566e+01
-2.860076e-01 1.088649e+01 -3.842914e-01 -2.939009e+01
4.523260e+00 4.130873e+01 1.877892e+00 -1.631749e+01
-5.496420e+00 1.592648e+01 -2.764782e+00 -2.232943e+01
8.578068e+00 2.842542e+01 -4.473800e+00 -2.997143e+01
9.265493e+00 1.584086e+01 -3.952354e+00 -4.453621e+01
9.328094e+00 3.857588e+01 -2.136224e+01 -1.563640e+01
1.297839e+01 2.287499e+01 6.351093e+00 -3.147699e+01
1.788652e+01 3.124826e+01 -3.318891e+00 -3.514633e+01
4.306441e+00 2.640570e+01 -6.679193e+00 -2.782968e+01
1.187749e+01 2.367579e+01 -1.681622e+01 -2.840456e+01
1.051883e+01 1.697674e+01 -8.413178e+00 -2.992132e+01
1.636498e+01 3.013713e+00 -1.176611e+01 -6.149744e+01
-1.687906e+00 1.319712e+01 -1.257719e+01 -2.706073e+01
2.113340e+00 2.997236e+00 -2.401112e+01 -3.842920e+01
2.361676e+01 3.565353e+01 -1.730278e+01 -1.365026e+01
3.782448e+00 1.125361e+01 -5.782007e+00 -3.204567e+01
1.454897e+01 1.497645e+01 -2.511513e+01 -2.065254e+01
-1.876429e+00 1.432678e+01 -6.445041e+00 -3.267583e+01
4.534970e+00 2.674116e+01 -3.994786e+00 -2.062553e+01
1.158314e+01 -3.091747e+00 8.135861e+00 -1.436909e+01
7.901422e+00 1.195450e+01 -7.250619e+00 -1.680729e+01
-7.492715e-01 1.941688e+01 1.833645e+00 -1.237303e+01
9.540541e+00 3.826662e+00 6.094199e+00 -1.888193e+01
4.920657e-01 2.065126e+01 -1.286230e+01 -1.709488e+01
-5.117224e+00 -1.246550e+00 7.251376e+00 -5.135426e+01
7.424028e+00 8.020725e+00 4.597694e+00 -4.934045e+01
4.155171e+00 2.144905e+01 -1.343293e+01 -2.475800e+00
-1.314369e+01 2.233146e+00 2.479999e+00 -2.249106e+01
-5.462938e+00 -8.339575e-01 -5.007646e+00 -4.667033e+01
-3.074322e+00 -1.489299e+01 -1.358941e+01 -2.961259e+01
-3.098762e+00 2.417446e+00 -1.009375e+01 -4.365438e+01
-8.745500e+00 -5.380402e+00 2.646608e+00 -2.998689e+01
-8.810705e+00 -7.168867e+00 -1.035528e+00 -2.825331e+01
-5.811439e+00 2.969387e+01 1.050834e+01 -2.635909e+01
-3.779705e+00 9.821195e+00 -2.600312e+00 -3.118592e+01
-7.369493e+00 -6.691521e+00 -3.142241e+00 -3.862974e+01
1.664148e+00 1.672843e+01 -2.169205e+01 -3.460601e+01
8.848355e+00 3.136977e+00 -9.256142e+00 -3.251106e+01
-5.174964e+00 1.241189e+01 -4.333344e+00 -3.853724e+01
-3.856873e+00 7.454649e+00 4.205028e+00 -4.302301e+01
7.945514e+00 3.895787e+01 -9.109387e+00 -9.572551e+00
-4.559897e+00 2.048302e+01 -1.556106e+01 -1.110823e+01
2.413605e+00 3.523804e+01 -6.190344e+00 -1.433083e+01
-5.301792e+00 3.686739e+01 -2.490945e+00 2.733785e+00
7.089052e+00 2.736832e+01 -1.935635e+01 -1.484670e+01
4.185071e+00 3.188126e+01 -6.286150e+00 -2.902234e+01
-5.277804e+00 1.654881e+01 -4.539211e+00 -2.067116e+01
1.976162e+01 3.475869e+01 -1.050137e+01 -3.238153e+01
3.882777e+00 3.744556e+01 -1.197933e+01 -1.235055e+01
-2.453672e+00 2.500468e+01 5.152994e+00 -2.437412e+01
1.898981e+01 2.015296e+01 -6.950990e+00 -2.273244e+01
5.272012e+00 2.384052e+01 5.058834e+00 -1.282562e+01
1.693474e+01 3.059716e+01 -1.728657e+01 -2.132879e+01
2.126834e+01 2.404256e+01 -2.341157e+00 -3.078527e+01
1.305671e+01 1.983065e+01 -1.236996e+01 -3.567576e+01
-8.800908e-01 8.410943e+00 -1.550799e+01 -3.096964e+01
1.147070e+01 8.565330e-01 -2.965594e+01 -3.992148e+01
1.926369e+01 5.429571e+00 -2.930725e+01 -3.622774e+01
3.421571e+01 1.834659e+01 -3.371844e+01 -4.227044e+01
5.822568e+00 3.885195e+01 -2.467261e+00 5.797880e+00
9.821760e+00 4.057894e+01 -1.040934e+01 -9.084977e+00
7.605230e+00 1.680658e+01 -2.269251e+01 -3.048931e+01
9.133347e+00 1.585045e+01 -1.293146e+01 -2.321900e+01
6.484754e+00 3.324781e+01 -2.351596e+01 -2.778181e+01
1.940388e+01 1.140992e+01 -2.429356e+01 -2.724562e+01
8.010283e+00 3.069948e+01 -2.937273e+01 -2.682793e+01
2.174185e+00 5.418053e+00 -1.893887e+01 -3.081504e+01
8.143520e+00 1.386342e+01 -7.034441e+00 -6.675974e+00
1.363315e+01 1.302328e+01 -1.345806e+01 -3.156858e+01
9.392936e+00 1.219850e+01 -8.294312e-01 -1.928878e+01
2.030081e-01 2.607537e+00 -8.988770e+00 -3.273517e+01
8.722081e-01 1.177506e+01 -1.227539e-01 -1.831572e+01
1.713971e+00 1.798741e+01 -2.094057e+01 -1.458833e+01
1.194821e+01 1.315812e+01 -5.213942e+00 -1.855895e+01
1.080797e+01 3.231967e+01 -9.137358e+00 -4.165814e+01
-2.624417e+00 -7.280199e+00 -1.103365e+01 -3.314988e+01
1.831963e+01 3.362810e+01 -2.010996e+01 -1.479277e+01
2.677622e+00 -2.354907e+00 -1.902554e+01 -3.541633e+01
1.609063e+01 1.590228e+01 -3.491887e+00 -3.235609e+01
-1.255338e+01 1.468817e+01 -2.137728e+00 -2.500520e+01
-1.957767e+01 3.699378e+00 3.202888e+00 -2.953886e+01
-1.460234e+01 1.830425e+01 1.597229e-02 -2.431101e+01
-1.132672e+01 1.716643e+01 -7.444732e+00 -2.457893e+01
-1.443882e+01 7.716094e+00 -2.083312e+00 -5.012191e+01
-4.361752e+00 2.257990e+01 3.561682e+00 -2.413169e+01
-2.174548e+00 2.038609e+01 6.615315e+00 -3.772590e+01
-9.848016e+00 1.935569e+01 8.374388e-01 -4.414584e+01
-1.247157e+01 5.018672e+00 4.288764e+00 -2.972733e+01
-6.784817e+00 1.483098e+01 -4.487810e+00 -2.473905e+01
3.531947e+00 3.037672e+01 -1.598841e+00 -1.288588e+00
-1.730742e+01 -9.767447e-02 4.262288e-01 -3.997529e+01
-1.232491e+01 2.617609e+01 1.194838e+01 -3.305005e+01
-2.234381e+00 7.586232e+00 -1.215927e+01 -4.719138e+01
-4.131185e+00 1.666570e+01 -9.906367e+00 -2.996792e+01
-1.448949e+01 1.690464e+01 -8.539917e-01 -2.942088e+01
3.055587e+01 3.036070e+01 -7.627607e+00 8.052438e-01
5.008213e+00 2.131320e+01 -9.881202e+00 -2.079614e+01
7.307937e+00 1.307860e+01 -1.971699e+01 -3.688174e+01
1.106525e+01 7.077421e+00 -2.944102e+01 -3.511651e+01
-2.604510e+00 2.845225e+01 8.982743e-01 -3.273662e+01
1.492789e+01 2.736301e+01 -1.421703e+01 -2.191282e+01
6.115015e+00 2.448299e+01 -2.976205e+01 -3.095085e+01
-2.654400e+00 1.409512e+01 -7.568279e+00 -4.098978e+01
-2.728848e+00 8.894105e+00 -1.262128e+01 -3.274408e+01
8.688182e+00 2.554328e+01 -1.415899e+01 -2.200047e+01
-3.332859e-01 1.569627e+01 -2.756538e-01 -4.184047e+01
1.911431e+00 1.525449e+01 -1.330428e+01 -1.884957e+01
8.689646e+00 -8.020834e-01 3.339317e+00 -4.071857e+01
3.194012e+00 9.580329e+00 -1.432275e+00 -4.156022e+01
2.001772e+01 2.484154e+01 -3.938215e+01 -2.781805e+01
8.650564e+00 3.762075e+01 -1.814419e+01 -1.568878e+01
-1.092323e+01 1.224901e+01 4.843247e+00 -2.792697e+01
2.212391e-01 8.143262e+00 -6.529617e+00 -3.763365e+01
8.867855e+00 9.915703e+00 -1.728706e+01 -4.222019e+01
1.325195e+01 1.940691e+01 -2.730927e+01 -3.015386e+01
7.474056e+00 -7.316316e+00 -9.824360e-02 -4.056265e+01
-2.510787e+00 2.892948e+01 -1.002739e+01 -1.586669e+01
-2.481104e+00 1.999848e+00 -1.100809e+01 -4.599380e+01
3.578786e+00 3.169673e-01 -1.074379e+00 -2.492579e+01
1.100681e+01 1.252230e+01 -1.789875e+01 -3.437741e+01
1.324399e+01 2.863706e+00 4.214761e+00 -3.310954e+01
2.683389e+00 -2.931189e+00 -2.404446e+01 -4.093680e+01
1.061866e+01 1.034145e+01 -1.542638e+00 -4.518252e+01
6.030488e+00 -4.539905e+00 2.413223e+00 -4.408088e+01
6.782823e+00 2.474970e+01 -1.694521e+01 -3.025891e+01
9.916760e+00 1.082627e+01 -1.666887e+01 -3.863661e+01
2.717246e+00 8.654514e+00 -1.227870e+01 -2.752413e+01
1.368165e+01 1.970037e+01 -1.199662e+00 -4.015112e+01
5.530163e+00 -1.905708e+00 -2.199946e+01 -3.970117e+01
-5.550755e+00 9.022782e+00 -1.060300e+01 -2.853042e+01
1.145025e+01 4.517734e+00 -1.010796e+01 -3.645226e+01
5.232529e+00 4.420748e+01 -3.736306e+01 -2.377945e+01
2.882249e+00 2.898892e+01 -2.362824e+01 1.628497e+00
-2.007100e+00 2.309098e+01 -1.880773e+01 -2.515737e+01
2.431544e+01 3.837273e+01 -2.982813e+01 -7.399777e-01
1.807081e+01 3.337472e+01 -2.048689e+01 8.174090e+00
2.725548e+01 2.134436e+01 -3.536344e+01 -1.653752e+00
3.039762e+01 3.326026e+01 -4.523585e+01 1.206653e+01
2.230819e+01 3.201721e+01 -3.950915e+01 -8.027582e+00
7.625834e+00 4.054881e+01 -2.443058e+01 -1.677831e+01
3.844060e+00 4.165180e+01 -4.708724e+01 -1.840164e+01
-9.663416e+00 3.845921e+01 -2.906163e+01 -1.915454e+00
1.059884e+01 3.601931e+01 -3.022829e+01 -2.488870e+01
5.346344e+00 3.124475e+01 -4.139356e+01 -2.463482e+01
8.613100e+00 3.855749e+01 -8.050903e+00 -1.125742e+01
3.745469e+01 5.039132e+01 -2.374272e+01 -8.038226e+00
2.269126e+01 3.050546e+01 -1.877488e+01 -2.753188e+01
3.584145e+01 3.226284e+01 -1.018717e+01 8.414092e-01
1.863991e+01 3.355965e+01 -3.008411e+01 -1.383855e+01
3.747247e+01 3.043300e+01 -2.216747e+01 8.676708e+00
1.483898e+01 5.528764e+01 1.123827e+01 -4.368102e+00
2.916731e+01 2.952498e+01 -2.752359e+01 -1.637009e+01
2.631687e+01 4.793167e+01 -2.329839e+01 -3.927741e+00
9.043342e+00 2.404881e+01 -1.372595e+01 -1.689130e+01
1.305488e+01 1.798061e+01 4.812133e+00 -3.590016e+01
2.786132e+01 4.774406e+01 -6.681036e+00 -1.771909e+01
1.292396e+01 4.622259e+01 -6.101290e+00 -2.480325e+01
-1.387805e+00 5.108779e+01 4.339277e+01 2.594983e+01
-4.078019e+00 4.059092e+01 2.741858e+01 2.710762e+01
8.961889e+00 6.121762e+01 4.863545e+01 2.400667e+00
8.976790e+00 1.861552e+01 8.826337e+00 2.227100e+01
-3.685214e+00 5.368120e+01 3.108147e+01 3.909876e+01
2.259011e+00 -2.223704e+01 -4.878702e+00 -1.264587e+01
-4.227389e+00 3.573247e+01 3.433171e+01 3.522992e+01
1.177376e+00 3.908516e+01 4.936782e+01 6.157641e+00
-8.623235e-02 2.365133e+01 3.861392e+00 3.023158e+01
3.978684e+00 7.983864e+00 -1.205827e+01 2.750710e+01
6.019148e+00 2.544679e+01 -1.029710e+01 2.154050e+01
1.184745e+01 1.592017e+01 -1.797878e+01 7.638835e+00
1.026063e+01 3.820461e+01 4.606963e+00 1.063781e+01
1.429722e+01 1.249410e+01 -1.524464e+01 -1.525731e+00
2.521465e+00 4.406321e+01 1.726626e+01 1.250076e+01
-7.078980e+00 6.428677e+00 -5.193887e+00 1.259183e+01
-1.233308e+01 3.839549e+00 -1.060118e+01 9.785616e+00
-2.165049e+01 1.443605e+01 2.101251e+00 -1.098125e+01
3.391831e+00 3.516974e+00 2.912146e+00 -2.286779e+01
-1.121606e+01 1.011593e+01 -2.083482e+00 8.656931e+00
1.512043e+01 5.668786e+01 5.261281e+01 -4.834211e-01
1.509088e+01 5.177031e+01 3.947896e+01 1.242148e+01
1.735173e+01 5.484733e+01 2.802018e+01 -3.676078e-01
3.434211e+00 7.179007e+01 2.815092e+01 3.914584e+01
5.970063e+00 3.894518e+01 4.583311e+01 -5.792800e+00
3.302005e+00 4.359724e+01 4.769108e+01 1.819649e+01
1.746949e+01 4.282398e+01 5.248222e+01 -1.554373e+01
4.031969e+00 6.904099e+01 4.485393e+01 2.839241e+01
-1.586946e+01 7.246648e+01 9.728081e+00 3.633226e+01
-5.600919e+00 3.508379e+01 4.025037e+01 5.437242e+01
-1.885563e+01 1.496165e+01 -1.349035e+01 7.144272e+00
-2.105165e-01 6.648933e+01 1.167141e+00 4.138215e+01
-8.043168e+00 6.080248e+01 4.057732e+01 3.129401e+01
-8.687467e+00 7.148914e+01 3.012971e+01 4.717022e+01
1.443336e+01 2.085585e+01 -4.230622e+01 6.604798e+00
-1.304280e+01 2.647767e+01 -1.407045e+01 2.091964e+01
1.072773e+01 4.030313e+01 -2.342307e+01 2.056264e+01
-5.115915e+00 4.362778e+01 -2.838283e+01 -3.076775e+00
-4.260929e+00 4.755156e+01 -3.474730e+01 2.914329e+01
-6.510336e+00 4.658948e+01 -5.166549e+00 1.883570e+01
-5.558982e+00 5.040308e+01 -3.533117e+01 3.365280e+01
-8.145010e+00 3.341758e+01 -1.049015e+01 5.908744e+00
4.715110e+00 2.312271e+01 -2.828593e+01 8.092947e+00
2.058722e+00 -1.435140e+00 -1.027816e+01 -1.193087e+01
1.156722e+01 3.185605e-01 7.186698e+00 -1.917150e+01
1.471082e+01 -2.791451e+00 7.081735e+00 -2.598000e+01
1.079055e+01 7.422154e-01 1.657287e+00 -1.599010e+01
2.003381e+00 -2.345080e+01 2.227234e+01 -2.905296e+01
1.231235e+00 1.933300e+01 2.708263e+00 -1.663471e+01
-4.884692e+00 -7.100706e+00 1.390378e+01 -3.618148e+01
-1.427441e+00 -6.694669e+00 7.122886e+00 -3.856963e+01
3.143116e+00 4.630797e+00 7.417207e+00 -3.646202e+01
3.421437e+00 -4.681440e+00 -6.420634e+00 -3.278248e+01
-5.389240e-01 2.355153e+00 1.197378e+01 -4.164521e+01
-7.289803e+00 -5.609722e+00 1.109885e+01 -3.264795e+01
-5.993257e+00 -7.225327e+00 1.638288e+00 -3.868351e+01
4.317529e+00 -9.598961e+00 8.280724e+00 -2.375389e+01
4.307229e+00 -1.352782e+01 2.306509e+00 -2.118658e+01
1.268803e+01 -8.949382e+00 6.781184e+00 -1.050777e+01
4.895751e+00 1.486346e+01 -1.140010e+01 1.060015e+01
8.980316e+00 2.482773e+00 6.369801e-01 -9.260706e+00
4.329139e+00 -1.227509e+01 1.790820e+00 -2.080775e+01
1.994525e+01 3.464186e-02 9.232484e+00 -3.724074e+01
-1.096612e+01 -1.416577e+01 1.830428e+01 -3.795876e+01
1.038854e+00 -8.907951e+00 -5.380685e+00 -8.607893e+00
-6.962975e+00 1.534083e+01 -1.721559e+01 -1.901589e+01
-9.068864e+00 2.284886e+01 -1.738918e+01 -1.073263e+01
-3.512225e+00 3.922539e+00 -1.111325e+01 -1.296172e+01
-2.312147e+01 1.060135e+01 1.527302e+01 -7.550472e+00
-7.579923e+00 7.105163e+00 -4.378965e+00 -1.278970e+01
-8.810745e+00 3.363382e+01 8.215141e+00 -1.256729e+00
9.628677e-01 6.743800e+00 1.326276e+01 -1.776804e+01
8.413209e+00 2.135042e+00 8.162920e+00 -1.592893e+01
3.284117e+00 1.835221e+01 1.147473e+01 2.784441e+00
3.945265e+00 -2.037839e+00 7.200569e+00 -3.350690e+01
3.223697e+00 6.575366e+00 2.137065e+01 -1.097952e+01
-1.052859e+01 1.085119e+01 -2.570303e+01 -1.945083e+01
-1.257215e+01 2.514600e+00 -9.092790e-01 -4.326908e+00
5.588816e-01 1.259752e+01 5.037635e+00 -2.237802e+01
-1.259938e+01 -6.226097e+00 2.279897e+00 -6.349565e+00
-1.064505e+01 1.736714e+01 -5.422159e+00 -1.887264e+01
3.900421e+00 -8.825057e-01 7.510665e+00 -2.515439e+01
-3.877643e-01 8.413593e+00 5.464608e+00 -2.082665e+01
7.053161e-01 -5.621310e+00 5.513862e+00 -2.431923e+01
5.335335e-01 -1.701474e+01 1.337642e+01 -1.800049e+01
-1.242168e+00 1.914471e+01 7.257323e-01 -4.360637e+00
-1.121819e+01 3.352512e+01 -1.274473e+01 2.449486e+01
-8.381571e+00 4.048567e+01 -2.906867e+01 1.160196e+01
-3.542889e+00 2.904913e+01 -9.901037e+00 2.304819e+01
-6.508554e+00 3.351890e+01 -1.490337e+01 -1.608623e+01
-2.197945e-01 5.773981e+01 -8.526465e-01 3.116463e+01
1.280886e+01 -5.961832e+00 5.868463e-01 -1.327913e+01
1.345378e+01 2.059633e-01 -1.569767e+01 5.020408e+00
-1.361157e+01 3.287632e+01 -6.991113e+00 -3.272782e-01
6.269876e+00 3.362543e+01 -2.956396e-01 8.017708e+00
-2.126814e+01 6.381209e+01 -7.741416e+00 3.018235e+01
-1.830228e+01 6.502158e+01 3.673586e+01 4.489146e+01
-2.090147e+01 7.620439e+01 2.084883e+01 4.268740e+01
-3.261062e+00 -5.187123e+00 -1.051034e+01 -1.838652e+01
7.149219e+00 2.832102e+01 -3.617458e+01 -2.487065e+01
-7.018071e+00 2.472871e+01 -3.182177e+01 -1.129808e+01
-3.090955e+00 -8.251139e+00 -1.055737e+01 -1.537320e+01
-4.441985e+00 1.226638e+01 -1.074774e+00 -7.226179e+00
-9.381236e+00 1.986851e+01 -2.811095e+01 -1.305586e+01
-1.806665e+00 3.968520e+01 -9.937374e+00 -1.015701e+01
-5.361029e+00 -3.695792e+00 1.419935e+00 -1.817613e+01
-6.652353e+00 7.363490e+00 7.806842e+00 -5.926029e+00
3.914854e-01 2.512926e+01 3.280822e-01 -1.057502e+01
3.823982e+00 6.978539e+00 1.159799e+01 -2.906869e+01
-2.885388e+00 5.360311e+00 6.833149e+00 -1.329916e+01
1.136505e+00 -1.229407e+01 1.688992e+01 -3.966005e+01
1.345493e+01 -7.743655e+00 8.759109e+00 -2.676245e+01
-3.389873e+00 -6.419741e+00 2.189953e+01 -1.933279e+01
1.250017e+01 -1.691465e+00 9.559074e+00 -3.932195e+01
1.137938e+01 1.458373e+01 -1.369383e+00 -8.966186e+00
1.091624e+01 -2.764020e+00 6.268601e+00 -2.981044e+01
5.337088e+00 2.794923e+01 4.337581e+00 -1.347028e+01
8.065730e+00 1.669397e+01 -1.237732e+00 -1.153555e+01
1.184678e+01 3.095485e+00 9.622436e+00 -1.214724e+01
8.701927e+00 2.897558e+00 -1.533212e+00 -1.847606e+01
1.657685e+01 9.019880e-01 8.268512e+00 -3.714609e+01
5.155395e-01 -1.050402e+01 2.027856e+01 -3.001025e+01
1.577195e+00 2.425201e+01 -1.209356e+00 1.273524e+01
-1.103547e+01 -1.427410e+00 3.510998e+01 -1.459369e+01
-3.700731e+00 3.529186e+00 2.020065e+01 -8.625742e+00
-4.158486e+00 -1.285825e+01 6.723840e+00 -7.406981e+00
-3.907073e-01 -2.245586e+01 7.236752e+00 -1.733021e+01
7.572190e-01 -4.374305e+00 2.040324e+01 3.471293e-02
1.533103e+01 1.036974e+01 9.486217e+00 -3.137641e+01
-1.493695e+00 -1.806664e-02 1.500762e+01 -1.165938e+01
2.851321e+00 -1.650475e+00 9.345161e+00 -4.313085e+01
3.985398e+00 -1.922403e+00 4.118773e+00 -5.681091e+01
4.042393e+00 -7.014141e+00 -1.995509e+01 -8.948989e+00
-4.430901e+00 -6.915563e+00 -5.472982e+00 -1.178095e+01
4.308104e+00 -7.218381e-01 -2.023482e+01 2.152047e+01
1.471148e+01 1.463815e+01 -1.110078e+01 7.798917e+00
1.416606e+01 1.821121e+00 -1.902879e+00 -1.326718e+01
8.399286e+00 -5.652753e+00 1.732257e+00 -6.263610e+00
-5.181266e-01 3.752950e+01 1.317171e+01 2.264796e+01
1.429286e+01 1.805901e+01 -3.650625e+00 1.198121e+01
6.152254e+00 3.514567e+01 1.151623e+01 2.206630e+00
1.612278e+01 4.347016e+01 3.579083e+01 1.170813e+01
3.714236e+00 2.913457e+01 7.722805e+00 2.793572e+01
1.786807e+01 4.109603e+01 1.488948e+01 8.737933e+00
1.446828e+01 5.323130e+01 -1.073393e+01 1.607918e+01
-3.757851e+00 3.044796e+01 -1.796538e+01 2.467379e+01
4.607309e+00 3.606739e+01 2.940595e+00 3.206254e+01
-7.547277e+00 4.009903e+01 3.639115e+01 2.520591e+01
7.168879e+00 9.666340e+00 -8.682958e+00 -2.283928e+00
1.057423e+01 1.500937e+00 -1.508546e+01 -1.082723e+01
1.467811e+01 2.719415e+01 -5.687691e+00 2.108460e+01
-1.369643e+00 1.203497e+01 -1.009598e+01 2.744105e+01
4.968415e+00 3.909156e+01 2.208167e+01 1.932509e+01
-8.013388e-01 3.100542e+01 -9.396916e+00 4.142420e+00
4.584405e+00 -5.552318e-01 -2.321410e+01 1.396777e+01
3.486246e+00 -6.903220e-01 6.227884e+00 -2.553555e+01
9.784023e+00 5.845630e+00 -2.377000e+00 -3.925878e+01
8.514574e+00 -3.183560e+00 -9.531857e+00 -2.327310e+01
-1.120651e+01 -6.597190e+00 1.253398e+01 -2.069943e+01
1.126442e+00 -2.593861e+01 -2.412426e+00 -1.289914e+01
6.210658e+00 8.285195e+00 -3.391918e+00 -1.647093e+00
-8.547337e-01 4.888127e+00 -9.434016e+00 -3.713937e+00
1.864283e+00 2.038652e+01 -1.185511e+01 -7.026816e-01
7.423234e+00 -4.969486e+00 -4.156805e+00 -8.807620e+00
-9.270474e+00 1.624623e+01 -1.144385e+01 2.645971e+00
1.061713e+01 -4.899587e+00 -1.210553e+01 4.627779e+00
9.609389e+00 4.299900e+00 -8.989499e+00 1.310271e+00
1.147206e+01 -6.962709e+00 4.204970e+00 -3.467608e+00
6.073041e+00 5.259030e+00 -7.223005e-01 -7.475719e+00
-5.250763e+00 4.921237e+01 -4.130307e+00 4.512645e+01
5.973988e+00 4.206677e+01 1.009328e+01 3.364147e+01
-8.446479e+00 3.827589e+01 -4.586191e+00 4.091869e+01
-2.183194e+00 7.450163e+00 -8.426910e+00 1.686921e+01
5.474081e+00 4.308000e+01 -1.964102e+01 3.376845e+01
-1.008395e+01 3.649585e+01 7.953374e-01 5.495433e+00
3.817129e+00 2.392044e+01 -9.989871e+00 3.288861e+01
-1.203070e+01 3.949121e+01 -2.031116e+01 -8.607355e+00
-1.170942e+01 2.234600e+01 -1.601470e+01 4.242605e-01
-6.391263e+00 7.162994e+00 -7.474956e+00 -3.565005e+00
-3.466689e+00 5.553772e+01 -4.231839e+01 2.244715e+00
-1.724195e+01 4.814888e+01 -2.294075e+01 1.392533e+01
-1.538013e+00 2.896990e+01 -4.485881e+01 -1.617976e+01
-1.031641e+01 3.260500e+01 -2.306114e+01 -3.913221e-01
1.886579e+00 3.970889e+01 -3.427088e+01 1.509088e-01
-7.982330e+00 4.852380e+01 -1.617497e+01 -6.212058e+00
1.726418e+00 -1.037103e+01 9.223939e-01 -1.309746e+01
-4.123751e+00 1.389047e+01 -1.770483e+01 7.352249e+00
-6.832352e+00 4.885649e+01 -3.828530e+00 1.566918e+01
1.239586e+01 4.459426e+00 8.713448e+00 -2.358245e+01
-1.144302e+01 2.333741e+01 -8.732276e+00 -3.026887e+01
-1.806907e+01 2.529547e+01 -1.147704e+01 -1.014206e+01
-1.635683e+01 6.082903e+01 -5.755417e+00 3.679512e+01
-1.629096e+01 4.678652e+01 -3.204264e+01 2.823867e+01
-2.069949e+00 5.178556e+01 -1.524015e+01 3.761187e+01
-5.738277e+00 5.975837e+01 -1.769048e+01 2.956179e+01
-1.347704e+01 7.890043e+01 1.777936e+01 3.545965e+01
-2.361701e+01 7.996395e+01 -7.099580e+00 4.660083e+01
-1.724182e+01 3.834797e+01 -9.241067e+00 1.780636e+01
-8.015975e+00 7.309568e+00 8.343214e+00 3.946196e+00
6.748464e-01 -2.964240e+01 1.718231e-01 -3.333166e+01
-1.046343e+01 1.845671e+01 -2.705815e+01 -1.809649e+01
5.341694e+00 -2.914102e+00 -2.235099e+00 -2.928025e+01
-5.583734e-01 -1.906136e+01 4.297219e+00 -3.236856e+01
7.186588e-01 -1.217012e+01 1.228634e+01 -4.076179e+01
-4.912430e+00 6.103564e+01 2.381447e+01 2.341715e+01
-2.736384e+00 4.847203e+01 3.202904e+01 8.938116e+00
8.847897e+00 3.921072e+01 3.316445e+01 -1.574200e+00
8.197847e+00 2.331111e+01 7.968709e+00 -5.878880e+00
8.198046e+00 1.339827e+01 1.076858e+01 5.620445e+00
-1.814991e-01 1.751927e+01 1.439715e+00 2.592222e+01
-4.370544e+00 2.343324e+01 -6.227610e+00 3.070247e+01
-1.568474e+01 2.344016e-01 -2.058458e+00 8.074563e+00
-3.941858e+00 1.398957e+01 -4.142658e+00 8.477384e+00
9.337467e+00 5.018470e+01 2.217349e+01 4.555634e+01
1.057123e+01 5.730386e+01 4.956032e+01 8.846919e+00
2.697489e+00 5.646687e+01 3.753021e+01 3.230159e+01
-5.927755e+00 2.624803e+01 -4.964783e+00 1.627955e+01
-1.890921e+01 5.381306e+01 -7.520752e+00 3.569976e+01
4.205044e+00 5.202838e+01 -5.410904e+01 2.155311e+01
1.013033e+00 3.584339e+01 -2.386245e+01 2.075574e+01
-1.083548e+01 4.057807e+01 -3.942195e+01 2.352812e+01
-1.014353e+01 5.199641e+01 -2.626396e+01 2.511128e+01
-8.692050e-01 -1.086647e+01 2.612515e+01 -4.999318e+00
1.217206e+01 1.846104e+01 7.920012e+00 -2.345577e+01
2.343118e+00 -1.921974e+00 -4.888264e+00 -4.618459e+00
-2.064552e+01 3.936162e+00 -9.648025e-01 -1.736362e+01
1.477760e+00 -8.585133e+00 1.179445e+01 -1.976894e+01
-1.515034e+01 -1.668988e+01 1.617209e+01 -1.494523e+01
-1.021529e+01 1.279281e+01 1.154447e+00 -5.711725e+00
7.189280e+00 7.957488e+00 2.671525e+00 -2.777665e+01
-2.843495e+00 3.192573e+01 -1.843775e+01 -3.216387e+00
-1.585433e+01 4.494130e-01 6.023826e+00 -8.641340e+00
-6.573681e+00 -3.969654e+00 -7.153701e+00 -9.737972e+00
-3.439889e+00 1.319076e+01 5.995603e+00 -1.497366e+01
-4.069115e+00 2.123602e+01 -2.135283e+01 -2.510618e+01
-3.314961e+00 -1.135182e+01 1.128496e+01 -2.727312e+01
4.569369e+00 -1.871670e+01 7.135117e+00 -2.374524e+01
9.788677e+00 -4.718265e+00 -1.946626e+00 -2.031298e+01
-2.445900e+00 9.283982e-01 1.520873e+01 -2.279059e+01
4.091822e+00 -9.519521e+00 4.676060e+00 -1.901912e+01
-9.442995e+00 1.381626e+01 -8.245428e+00 6.565316e+00
-1.630011e+00 -1.485316e+01 1.146308e+00 -2.383870e+01
-1.329172e+01 9.961683e+00 6.431632e+00 -6.834677e-03
1.422842e+01 3.197920e+01 -1.338105e+01 1.084625e+01
-8.955211e+00 2.390189e+01 -8.260263e+00 -6.428772e+00
3.814389e+00 4.008348e+01 -1.822884e+01 2.587678e+01
-1.514354e+01 3.979357e+01 4.756927e+00 3.444153e+01
-2.625397e+01 7.422207e+01 1.157825e+01 4.942176e+01
-4.279431e+00 5.525195e+01 2.638475e+01 1.546500e+01
-9.020923e+00 6.012274e+01 -7.303037e+00 1.932999e+01
-1.039332e+01 3.640681e+01 -2.813660e+01 -8.758470e+00
1.603506e+01 8.736715e+00 -1.453344e+00 -2.351242e+01
-1.256585e+00 -1.951444e+00 6.522675e-01 -6.052161e+00
1.573531e+01 -7.976547e-01 5.420179e+00 -4.466247e+01
7.818119e+00 -4.461054e+00 -6.040504e+00 -7.533821e+00
1.960619e+01 6.140521e-01 1.143966e+01 -1.702225e+01
1.498186e+01 -7.078447e+00 -1.106232e+01 -1.331892e+01
-6.514542e+00 -9.505328e+00 2.095067e+01 -1.324064e+01
-5.608616e+00 7.011537e+00 2.400275e+01 -1.525784e+01
8.387960e+00 6.077619e+00 1.200446e+01 -2.771166e+01
2.209205e+00 1.225778e+01 -7.166540e+00 -1.780967e+01
3.703292e+00 6.685707e+00 2.834164e+00 -2.934083e+01
1.028127e+01 -4.931797e+00 1.123470e+00 -3.856598e+01
4.548015e+00 9.854047e+00 6.074700e+00 -4.324649e+01
2.398703e+01 -1.050989e+01 1.415949e+00 -3.039361e-01
-4.508167e+00 1.778607e+01 -4.780046e+00 1.446965e+00
1.216836e+01 1.830574e+01 -1.369934e+01 8.262757e+00
-3.673788e+00 1.905379e+01 6.800896e+00 9.487560e+00
5.241219e+00 5.620331e+01 1.027002e+00 1.803554e+01
4.834554e-01 1.632522e+01 -4.002136e+00 2.752621e+01
6.010044e+00 2.077492e+01 -3.993290e+00 -4.584471e-01
1.072625e+01 3.838053e+00 -1.605318e+01 2.339708e+00
-1.012810e+01 3.802761e+01 8.653496e+00 3.574657e+01
-5.582630e+00 3.453569e+01 -7.757907e+00 2.839866e+01
2.934135e+00 1.569904e+01 -1.660308e+01 -1.444103e-01
-7.176999e-01 3.047486e+00 -3.593423e+00 -7.247403e+00
-6.396064e+00 -9.019636e+00 -5.121650e-01 -9.521316e+00
-3.508067e+00 1.779277e+01 1.649423e+01 -2.172098e+01
1.256613e+00 1.357572e+01 -1.098007e+01 4.097922e+00
2.518848e+00 2.919386e+01 -5.382058e-01 2.551728e+01
1.011177e+01 3.260384e+01 7.624332e-01 2.751847e+01
2.682585e+00 9.279472e+00 -1.537814e+00 3.250364e+01
1.211664e+01 5.017286e+01 -4.907377e+01 7.724712e+00
-4.127654e+00 5.026356e+01 -4.889668e+01 -1.199207e-01
-4.436943e+00 5.203658e+01 -3.700650e+01 6.120800e+00
-1.521789e+01 6.689431e+00 1.250219e+01 -4.083017e+01
-7.725476e+00 4.247330e+01 -2.022715e+01 -1.940644e+01
-1.869702e+01 5.769319e+01 -3.389054e+00 3.308619e+01
-1.222442e+01 6.624757e+01 -1.325835e+00 3.398674e+01
-5.247623e+00 2.372192e+01 3.814273e+01 4.525702e-01
-1.418314e+01 7.564498e+00 6.693325e-01 -1.600095e+00
-2.202443e+01 9.851578e+00 1.667409e+01 -1.223977e+01
8.250106e-01 -1.580616e+01 6.440509e+00 -3.074627e+01
6.577837e+00 4.754117e+01 3.764312e+01 -7.227488e+00
2.911602e+00 9.318421e+00 2.559036e+00 -1.590988e+01
1.018142e+00 1.795882e+01 -7.591707e+00 1.165744e+01
-4.247950e+00 2.574393e+01 3.001870e-01 3.101853e+01
-1.403672e+01 6.905547e+00 8.788500e+00 8.093908e+00
-1.352925e+01 3.143750e+01 7.140690e+00 -4.872752e+00
-2.091720e+01 2.671071e+01 -1.375245e+01 1.611416e+01
-7.762815e+00 8.056854e+00 4.387270e+00 -2.555596e+00
1.257098e+01 1.416562e+01 5.840947e-01 -2.598495e-01
-1.184458e+01 6.636211e+01 2.057265e+01 3.864752e+01
-1.082022e+01 4.621928e+01 2.092851e+01 3.587625e+01
-6.351631e+00 2.925263e+01 5.774799e+00 3.653085e+01
-1.007719e+01 4.922533e+01 -3.156419e+01 2.299045e+01
-8.629434e+00 4.810374e+01 -2.939813e+01 -1.917132e+01
8.112610e+00 -1.264393e+01 2.505485e+01 -3.456679e+01
4.508257e+00 -2.676960e+00 7.466775e+00 -2.281240e+01
2.597892e+00 4.856622e+00 1.736962e+00 -1.279338e+01
-5.937361e+00 1.368573e+01 -1.232014e+01 -1.066068e+01
7.801803e+00 -6.010864e-01 6.846276e+00 -2.382297e+01
1.438611e+01 -6.768199e+00 2.196799e+01 -5.082152e+01
2.552593e+00 2.211670e+01 -3.490188e+00 -2.546345e+01
-6.191871e+00 1.024395e+01 1.430168e+01 -9.590531e+00
3.918558e+00 -5.541996e+00 5.052136e+00 -3.606454e+01
1.849115e+00 -5.423235e+00 1.433629e+01 -5.119853e+01
1.000286e+00 1.442871e+01 9.378788e+00 -1.025505e+01
4.125167e+00 -1.526750e+01 1.626420e+01 -3.961816e+01
-2.256575e+00 -8.572167e+00 1.564098e+00 -1.659622e+01
1.144530e+01 -4.363604e+00 1.689137e+00 -1.710973e+01
1.247558e+01 6.079266e+00 -4.670560e+00 -1.922755e+01
5.106059e+00 -6.957909e+00 1.762837e+00 -1.262862e+01
-1.030530e+01 -1.053361e+01 1.711130e+01 -3.774608e+01
2.470611e+00 -9.112257e+00 7.205226e+00 -2.336578e+01
1.829405e+01 5.964902e+00 2.665704e+01 -1.852819e+01
-3.933970e+00 -6.533637e+00 1.893818e+01 -2.020277e+01
6.256888e-01 1.541841e+01 1.181021e+01 -1.432980e+01
3.173436e+00 1.034520e+01 2.296334e+01 -1.338194e+01
-4.537008e+00 4.728015e+00 1.542621e+01 -1.838121e+01
-1.052811e+01 -9.495651e+00 6.287655e+00 -9.599268e+00
-8.296640e+00 -6.238123e+00 2.571607e+01 -3.403856e+01
-1.003955e+00 6.939170e+00 -3.729505e+00 -2.406731e+01
-4.530535e+00 -1.791593e+01 1.205942e+01 -1.507533e+01
-1.153290e+01 4.311848e+01 -1.124761e+01 4.002705e+01
-2.583421e-01 3.448929e+01 -5.964684e+00 1.934793e+01
-5.261695e+00 3.509945e+01 -1.641289e+01 2.806209e+01
-1.879883e+01 4.014043e+01 1.366234e+01 4.129680e+01
6.132845e-01 5.267679e+01 3.033524e+01 -3.187800e-05
-5.002584e+00 5.080207e+01 8.110584e+00 2.799249e+01
2.078860e+00 1.030357e+00 -1.332408e+01 -1.041490e+01
3.904539e-01 -5.681902e+00 1.073401e+01 -2.211226e+01
-8.336309e+00 3.670472e+01 -1.881943e+01 -3.841954e+00
-1.302138e+01 2.018731e+01 -1.153306e+01 -1.044830e+01
6.138778e+00 -4.383318e-01 5.742554e+00 -2.496597e+01
-5.617606e-01 1.165601e+01 2.256427e+00 -5.233865e+00
-4.381766e+00 1.819088e+01 -8.534513e+00 3.038619e+00
2.178169e+01 1.818568e+01 -6.124274e+00 -2.086732e+01
2.069377e+01 4.754675e+00 4.451117e+00 -2.363559e+01
2.046237e+00 3.276392e+01 -6.729471e+00 -6.427456e-01
7.733367e+00 2.223759e+01 2.775375e+01 -2.197751e+01
-8.411405e+00 2.150070e+01 3.470015e+00 -6.195357e+00
1.319504e+01 4.672755e+00 2.184543e+01 -3.248456e+01
2.431321e-01 -1.394057e+01 1.173501e+01 -4.640598e+01
1.878327e+00 1.099165e+01 5.240830e+00 -1.760080e+01
4.051912e+00 2.818946e+01 1.681668e+01 -1.287011e+01
7.999900e+00 2.566705e+00 -2.173507e+00 -1.820609e+01
-2.081475e-01 2.385326e+01 9.169670e-01 2.911867e+01
-1.612802e+00 2.193146e+01 1.178802e+01 2.089023e+01
3.194514e+01 1.889709e+00 -3.179374e+01 -1.306291e+00
1.167687e+01 2.332578e+01 -7.185106e-01 -3.251822e+00
-7.197334e+00 4.224123e+01 1.399155e+01 3.541038e+01
3.107752e+00 4.005305e+01 2.494217e+01 3.583072e+01
-1.953154e+00 1.131384e+01 -4.057055e+00 1.378288e+01
2.086884e+00 2.178019e+01 -1.457735e+00 9.468963e-04
2.034409e+00 9.890572e+00 -1.037909e+01 -4.419908e+00
-5.472675e+00 2.210837e+01 -2.371894e+01 -1.174367e+00
-2.291917e+00 2.125675e+01 2.462252e+01 2.569347e+01
-7.631534e-01 4.887613e+01 1.489153e+01 2.584758e+01
-1.660624e+01 6.058558e+01 -6.080973e+00 2.586412e+01
1.713908e+01 2.355444e+01 4.894513e+00 8.106000e-03
-1.226523e+01 2.474565e+01 -3.331089e+00 -1.276884e+01
-9.872131e+00 2.865193e+01 -4.486423e+01 -2.770090e+01
-5.635006e+00 -1.112818e+01 4.008775e+00 -9.342311e+00
-1.183566e+01 1.298534e+01 -8.009973e+00 -1.343314e+01
-1.238840e+01 5.447439e+01 2.954373e+01 2.795769e+01
-1.464943e+01 5.925496e+01 2.262017e+01 3.213586e+01
-5.606961e+00 2.779900e+01 -3.449443e+00 -1.001888e+01
-1.493010e+01 6.276074e+00 1.605452e+01 6.214030e-01
1.393750e+01 -2.256659e+01 -5.579492e+00 -2.213576e+01
-1.423154e+01 -5.772812e+00 -2.540527e+00 2.698536e+00
-7.241618e+00 -3.604485e+00 1.330499e+01 -8.123861e+00
-5.946256e-02 2.024215e+01 2.531287e+01 -1.644142e+01
-1.601130e+01 2.400195e+01 3.880923e+00 -8.879282e+00
-4.413580e+00 3.253242e+01 2.054520e+01 -1.217575e+01
-2.071894e+01 3.395389e+01 -1.218955e+01 6.060192e-01
1.328634e+00 -4.786774e+00 3.945006e+01 -4.632194e+01
-1.142612e+01 1.278085e+01 5.035440e+00 -1.427484e+01
1.498650e+01 1.044052e+00 -2.247264e+01 1.166327e+01
-1.670441e+01 2.869492e+01 1.105942e+01 -2.974291e+00
-1.264285e+01 4.012819e+01 -2.374297e+01 -1.288820e+01
-3.026265e+00 2.353927e+01 -1.052945e+01 -5.169209e+00
-1.447225e+01 2.544689e+01 -1.017078e+01 4.043614e+00
-8.333300e+00 8.647929e+00 -1.030619e+01 1.264740e+01
-6.539319e+00 3.035679e+01 -8.264834e+00 -9.018270e+00
-1.521092e+01 1.169372e+01 -1.230789e+01 2.583305e+00
-1.300008e+01 3.163393e+01 -2.245929e-01 6.400970e-01
-1.206235e+01 2.062329e+01 -3.640425e+00 9.574568e+00
-1.811615e+01 4.568637e+01 -2.847930e+01 1.184947e+01
-2.869909e+00 2.858356e+01 -2.250389e+01 -2.592059e+00
-1.091756e+01 4.686776e-01 -7.290701e+00 1.319677e+01
-1.074089e+00 1.364819e+01 1.801169e+01 -3.923722e+00
-1.016309e+01 2.955012e+01 -8.782733e-01 6.407594e-01
6.188089e+00 2.932395e+00 -1.555990e+00 -6.403831e+00
-1.831985e+01 3.989410e+01 -9.956311e+00 1.413185e+01
9.878116e+00 8.502877e+00 3.555220e+00 -2.046699e+01
3.142201e+00 4.156291e+00 4.513498e+00 -7.872449e+00
-4.840079e+00 1.273219e+01 -1.021181e+01 2.423060e+01
1.342290e+01 3.832287e+00 -1.016283e+01 5.796766e+00
-8.242275e+00 -4.664813e+00 -1.189566e+01 -1.643594e+01
-7.867830e+00 1.671259e+01 -1.818426e+01 -1.656705e+01
-1.488289e+00 1.030145e+01 -9.377935e+00 4.350155e+00
3.470773e+00 -1.557969e+01 2.100294e+00 -2.092346e+01
4.762429e+00 1.967771e+01 -3.964190e+00 3.777206e+01
4.110891e+00 -4.673055e+00 -2.776807e+01 1.147607e+01
1.806256e+00 4.095262e+00 -1.035346e+01 1.522149e+01
8.099491e+00 7.106181e+00 -2.035827e+01 3.301980e+01
2.007341e+00 3.703995e+01 3.099409e+01 3.357188e+01
8.414072e+00 3.604478e+01 4.066703e+01 1.087952e+01
4.206835e+00 2.352268e+01 -1.286968e-01 2.663157e+01
-2.740955e+00 3.471409e+01 -2.339985e+01 -4.805410e+00
6.631202e+00 1.412855e+01 -4.741158e+00 -1.469903e+01
1.149771e+01 2.161439e+01 -3.589876e+00 -2.377352e+01
1.344617e+01 -8.747866e-01 -5.372264e-01 -3.370022e+01
1.291752e+01 -4.624574e+00 1.324529e+01 -4.203351e+01
3.721863e+00 -8.095043e+00 -4.431164e+00 -1.057555e+01
1.120685e+01 -1.076403e+01 -1.734722e+00 -2.127752e+01
2.645785e+01 6.197754e+00 4.895701e+00 -4.482448e+01
1.254293e+01 2.596796e+00 7.833429e+00 -1.773438e+01
1.928391e+01 -5.534509e+00 1.385369e+01 -4.891591e+01
1.928408e+01 -8.290785e+00 -3.758078e+00 -1.899392e+01
-6.912282e+00 3.305328e+01 -1.406458e+00 1.484604e+01
1.638683e+01 -5.713058e+00 -4.007621e+00 -2.236300e+01
6.150270e+00 1.106802e+00 -3.979863e+00 -4.584466e+01
1.775274e+01 4.614812e+00 -2.053746e+00 -3.153654e+01
-4.276507e-01 -1.946664e+01 1.041836e+01 -5.192803e+01
1.151886e+01 1.518436e+01 -5.309616e+00 2.159551e+00
-3.493791e+00 1.387690e+01 1.379785e+01 -3.100348e+00
5.635023e+00 7.739667e+00 1.053266e+01 -4.781633e+01
6.157530e+00 9.784381e-03 7.547637e+00 -9.792074e+00
-4.416256e+00 -6.937270e+00 -4.932533e+00 -1.971045e+01
4.716949e+00 -9.517265e+00 -4.074548e+00 -6.015549e+01
2.300401e+00 -6.450801e-01 2.446819e+00 -5.135535e+01
-7.519297e+00 5.672952e-01 9.448296e+00 -1.173389e+01
-4.943060e+00 -2.067925e+01 8.442831e-01 -2.316196e+01
1.589914e+01 -4.414895e-01 -4.985013e+00 -2.975133e+01
-2.737327e+00 5.489592e+01 4.281431e+01 1.940994e+01
5.543789e+00 2.978152e+01 4.948123e+01 -1.005528e+01
-6.933315e+00 4.267170e+01 5.283506e+01 1.543858e+01
6.046267e+00 4.233642e+01 5.501830e+01 -1.103115e+01
-3.669416e+00 6.757638e+01 5.466466e+01 1.733431e+01
2.309040e+00 4.240852e+01 4.895135e+01 1.054086e+01
-1.038192e+01 4.650881e+01 5.009321e+01 1.364309e+01
7.197899e+00 4.324143e+01 3.357281e+01 -5.605275e-01
4.630282e+00 4.837847e+01 3.929687e+01 7.826487e+00
1.367177e+01 4.162876e+01 5.280903e+01 4.846695e+00
-1.316287e+00 4.760217e+01 5.546822e+01 2.072702e+01
-1.998793e+00 5.090129e+01 4.055815e+01 1.142328e+01
-2.596949e+00 5.862767e+01 3.776258e+01 3.406198e+01
-2.781347e+00 8.586115e-01 2.798914e+00 -4.348442e+00
1.119601e+01 3.201886e+01 8.787022e+00 -6.621060e+00
1.350832e+01 1.659917e+01 -5.248030e-01 -1.678916e+01
-7.401897e+00 1.331405e+01 -6.294848e+00 4.732327e+00
2.501175e+00 -1.844264e+01 3.013807e+01 -2.787961e+01
-9.542071e+00 1.900075e+01 -6.123680e+00 2.214263e+00
-2.770063e+00 2.531159e+01 8.174723e+00 -9.871496e+00
9.417453e+00 -1.086942e+00 -2.730051e-01 -1.205100e+01
-1.274664e+00 3.508341e+01 -6.203822e+00 1.996024e+01
5.412259e-01 1.543730e+01 -1.987609e+01 -1.294051e+01
-2.276948e+00 3.148874e+01 -4.068989e+00 -7.552268e+00
-6.615289e+00 2.116039e+01 1.633254e+00 6.615245e+00
2.885355e-03 2.080406e+01 -1.026879e+01 -1.358756e+01
-1.287315e+01 -1.484384e+01 4.512636e+00 -4.569895e+00
-5.767050e+00 -2.824824e+01 1.415299e+01 -1.683488e+01
-2.261190e+00 -1.781509e+01 9.172415e+00 -1.971031e+01
-9.452229e+00 -4.014610e+00 3.732216e+00 -1.925238e+01
-5.335196e+00 -1.775938e+00 1.019165e+01 -2.923194e+01
-1.552933e+01 -4.098770e+00 1.056272e+01 -7.876615e+00
-6.673122e+00 -7.014206e+00 -1.078955e-01 -1.670397e+01
-6.112594e+00 -1.337154e+01 1.061736e+01 -1.863409e+01
-1.997231e+00 -2.424274e+00 1.506659e+01 -1.671837e+01
-9.820373e+00 -1.593908e+01 1.774325e+01 -2.438428e+01
-1.391760e+01 -4.032579e+00 -4.555489e+00 -1.443445e+01
1.297952e+01 -2.749893e+01 3.266723e+01 -4.848001e+01
-4.000350e+00 -2.285908e+01 8.744797e+00 -2.256892e+01
2.249944e+01 2.437996e+01 -2.940137e+00 -1.926839e+01
2.430496e+00 1.109623e+01 1.232391e+01 -4.571467e+01
-3.696583e-02 6.816826e+00 1.834936e+01 -8.030788e+00
1.448934e+01 2.295488e+01 1.313939e+01 -1.307680e+01
-2.627247e+00 -3.337991e+00 1.732225e+01 -2.778076e+01
5.493500e+00 2.528934e+01 5.752209e+00 -5.328510e+00
-1.119283e+01 1.500161e+01 4.842319e+00 -3.584519e+01
2.547626e+00 -1.433969e+01 1.261764e+01 4.637205e+00
-1.562316e-01 -1.143729e+01 2.244760e+01 -3.394058e+01
-1.056098e+01 3.303963e+01 -2.659138e-01 -1.876260e+01
3.944752e+00 -8.450210e-01 -1.589523e+01 -2.524593e+01
-4.433603e+00 2.656509e+01 -1.464157e+01 -3.339742e+01
-4.433248e+00 1.099895e+01 -1.201541e+01 -6.735215e+00
2.929683e+00 -7.804693e+00 8.417085e+00 -4.381987e+01
-3.962503e+00 1.690207e+01 -1.143232e+01 -1.214777e+01
1.167760e+01 7.223426e+00 6.063308e+00 -3.103086e+01
-9.854078e-01 -2.197350e+01 -1.609611e+00 -2.700543e+01
3.211401e+00 -1.567637e+01 4.871421e-01 -1.598387e+01
-7.089928e+00 -2.185821e+01 -4.046301e+00 -2.083668e+01
-2.074704e+00 1.818741e+01 -1.953867e+00 -1.307891e+01
2.717790e+00 2.333475e+01 2.396453e+00 -1.392366e+01
-7.813224e+00 -9.625091e+00 -8.158101e+00 -1.568212e+01
3.301404e+00 6.589030e+00 4.077484e+00 -1.842747e+01
8.410943e+00 9.282955e+00 5.686919e-01 -2.001546e+01
4.480424e+00 1.165863e+01 -1.352157e+01 -1.357110e+01
5.915851e+00 -6.265103e-01 -5.449165e+00 -8.527547e+00
6.681446e+00 -2.450000e+01 1.416526e+01 -5.173395e+01
-3.136621e+00 -5.645015e+00 8.414207e+00 -1.372623e+00
-9.092774e+00 -1.819267e+01 -3.259257e+00 -6.923199e+00
8.254516e+00 -1.428816e+01 -1.261784e+01 -1.026079e+00
8.194999e+00 -8.586306e+00 -1.248999e+01 -4.721467e+00
2.351609e-01 -7.533707e+00 -1.886566e+01 -1.701211e+01
-1.047930e+01 2.369215e+01 -2.685790e+01 -9.382847e+00
-7.492533e+00 -1.310931e-02 -4.111284e+00 1.818021e+00
1.269147e+01 -2.046267e+01 -1.769500e+01 -2.072310e+01
3.754508e+00 2.902901e+00 -8.293832e+00 -8.773433e+00
1.033385e+01 -1.429691e+01 -8.157500e+00 -2.859786e+01
8.667339e+00 3.949042e+00 -5.949180e+00 3.800913e+00
-9.855843e+00 8.987259e+00 -1.634265e+00 -5.477220e+00
-6.265960e-01 2.821600e+01 -1.993771e+01 -1.440937e+01
-5.527905e+00 -8.588741e+00 -4.001232e+00 -1.005483e+01
-5.803394e-01 -1.106990e+00 1.193644e-01 -1.360887e+01
-4.452292e+00 2.248248e+01 -1.178198e+01 -5.271071e+00
-7.179447e-01 1.416142e+01 -4.906306e+00 -1.574786e+01
-1.372111e+01 9.216547e+00 6.318142e+00 -6.595473e+00
-3.895421e+00 -5.095718e+00 -1.326920e+01 -2.309958e+01
-3.679923e+00 1.143120e+01 -2.103671e+01 9.441613e-01
-1.293323e+01 5.044522e-01 3.517186e+00 -1.832457e+01
4.009358e+00 -6.153575e-01 -1.521487e+01 -2.083931e+01
-3.238910e+00 4.336357e+01 -3.551878e+01 -3.114293e+00
5.841596e+00 1.968986e+01 -2.393698e+01 -1.000393e+01
2.531867e+00 4.048451e+01 3.230232e+01 2.398749e+01
-1.155742e+00 6.907144e+01 -1.699405e+01 3.141049e+01
-6.903599e+00 6.686048e+01 9.599193e+00 4.558750e+01
-2.087479e+01 7.057997e+01 3.408055e+01 4.497357e+01
2.108690e+00 1.330330e+01 3.254979e+01 2.439190e+01
1.427966e+01 1.987481e+01 -1.311159e+01 1.198967e-01
-4.237002e+00 3.768734e+01 2.468837e+01 4.404088e+01
-1.446949e+01 1.129240e+01 4.138313e+00 -6.719913e+00
2.902166e+00 2.148991e+01 7.592944e+00 2.746433e+01
-6.542676e+00 4.236542e+01 -3.467434e+01 -1.233436e+01
7.194099e+00 4.042675e+01 -2.239310e+01 -9.952759e+00
2.095012e+01 2.311022e+01 -1.333209e+01 3.874742e+00
3.178002e+00 5.096104e+00 -3.718262e+00 2.727509e+01
-2.924597e+00 -6.570526e+00 5.463117e+00 -2.223311e+01
-1.395602e+00 2.718956e+00 3.478236e+00 -5.280137e+00
-7.733939e+00 1.598363e+01 4.522730e+00 5.395415e+00
-5.667801e+00 2.022458e+01 -8.104481e-01 5.897467e+00
2.010072e-01 2.769121e+01 -1.914688e+01 -6.321917e+00
-9.989223e+00 2.018717e+01 -9.580548e+00 -2.359174e+00
3.042744e+00 -7.783583e+00 1.297759e+00 -2.014029e+01
-3.306922e+00 8.248448e-01 -3.596556e+00 -4.392208e+00
1.324620e+01 8.156203e+00 3.434018e-01 -6.376146e+00
1.065447e+01 8.926998e+00 6.992891e+00 -4.971756e+00
-1.808304e+01 5.195101e+01 -1.287061e+01 1.647257e+00
-2.881399e+00 2.207055e+01 -3.702959e+00 5.743268e+00
2.754971e+00 3.348984e+01 8.318278e+00 -1.154956e+01
