9.160022e+02 -1.249478e+02 -2.128399e+03 2.039434e+03 -1.968411e+03 8.419728e+01 -9.165269e+02 1.180388e+03 -1.346973e+03 9.424159e+02 1.552626e+03 -1.486424e+03 1.619775e+03 -4.029658e+03 -1.109651e+03 -7.267556e+02
1.071583e+03 1.329381e+02 -1.870028e+03 2.184324e+03 -1.795310e+03 6.445552e+01 -6.510333e+02 1.081679e+03 -1.523757e+03 9.223640e+02 1.392061e+03 -1.572465e+03 1.691939e+03 -4.037155e+03 -1.223909e+03 -8.296799e+02
8.907612e+02 1.301575e+02 -1.710466e+03 2.039530e+03 -1.823183e+03 1.998923e+02 -5.436268e+02 1.119472e+03 -1.511769e+03 9.735833e+02 1.155918e+03 -1.437392e+03 1.459624e+03 -3.792712e+03 -1.018910e+03 -7.896818e+02
9.796856e+02 3.999197e+01 -1.718887e+03 2.245948e+03 -1.929961e+03 2.710180e+02 -8.445590e+02 1.032913e+03 -1.462561e+03 9.889204e+02 1.361756e+03 -1.434375e+03 1.542936e+03 -3.913907e+03 -1.096874e+03 -7.663670e+02
1.120109e+03 2.083790e+01 -2.033769e+03 2.360527e+03 -2.017534e+03 2.406956e+02 -7.339462e+02 1.155957e+03 -1.573769e+03 9.276836e+02 1.338189e+03 -1.661281e+03 1.574057e+03 -3.864791e+03 -1.140123e+03 -7.468509e+02
1.113923e+03 3.993878e+02 -1.771749e+03 2.876725e+03 -2.050369e+03 3.643153e+02 -9.064181e+02 1.070040e+03 -1.844838e+03 7.580735e+02 1.193562e+03 -1.583439e+03 1.140577e+03 -3.852970e+03 -1.116426e+03 -1.091262e+03
1.193370e+03 -1.597822e+02 -2.050049e+03 2.290987e+03 -1.967560e+03 1.629613e+02 -1.123714e+03 1.239585e+03 -1.399353e+03 8.341753e+02 1.657743e+03 -1.587230e+03 1.518550e+03 -4.212518e+03 -1.087798e+03 -8.777702e+02
9.378696e+02 -1.640751e+01 -2.137821e+03 2.251712e+03 -1.985068e+03 2.394338e+02 -7.313423e+02 1.199702e+03 -1.494883e+03 9.048209e+02 1.308603e+03 -1.578123e+03 1.382701e+03 -3.754779e+03 -1.157335e+03 -6.938466e+02
1.188787e+03 -1.501047e+02 -2.122947e+03 2.293635e+03 -1.929445e+03 3.521312e+00 -1.103476e+03 1.226041e+03 -1.365944e+03 7.725371e+02 1.713058e+03 -1.658484e+03 1.569484e+03 -4.339408e+03 -1.207308e+03 -8.851549e+02
1.198396e+03 -5.476800e+01 -1.807523e+03 2.170177e+03 -1.871381e+03 2.072807e+02 -8.989307e+02 1.152196e+03 -1.441433e+03 8.578474e+02 1.565004e+03 -1.629664e+03 1.356528e+03 -4.122721e+03 -1.100265e+03 -9.216427e+02
1.108394e+03 -6.748794e+02 -2.818682e+03 2.544262e+03 -2.507930e+03 5.489698e+02 -1.637103e+03 1.006854e+03 -2.313928e+03 2.541745e+02 1.672761e+03 -2.821958e+03 -1.529245e+01 -4.318910e+03 -1.448647e+01 -1.233008e+03
1.361163e+03 -6.296656e+02 -2.523501e+03 2.670013e+03 -2.583354e+03 4.716522e+02 -1.501779e+03 1.118274e+03 -2.380891e+03 4.201684e+02 1.621347e+03 -2.773006e+03 4.069573e+02 -4.381951e+03 -3.605565e+02 -1.315284e+03
1.408235e+03 -9.002789e+02 -2.480892e+03 2.987713e+03 -2.829233e+03 4.474823e+02 -1.769456e+03 1.123128e+03 -2.442675e+03 2.336305e+02 1.764468e+03 -3.108793e+03 -1.529672e+02 -4.694130e+03 -3.476788e+02 -1.785414e+03
1.648006e+03 -9.836163e+02 -2.424214e+03 3.110835e+03 -2.774667e+03 7.694189e+02 -1.876711e+03 1.194796e+03 -2.451252e+03 2.135282e+02 1.761222e+03 -3.267697e+03 -2.183891e+02 -5.026655e+03 -5.084649e+02 -1.851155e+03
1.213717e+03 -6.281150e+02 -2.680798e+03 2.342862e+03 -2.415354e+03 5.919720e+02 -1.507049e+03 9.340574e+02 -1.951753e+03 3.251325e+02 1.555967e+03 -2.338070e+03 4.595113e+02 -4.145464e+03 -2.062354e+02 -1.230513e+03
1.043722e+03 -2.335253e+02 -2.559251e+03 2.393552e+03 -2.205478e+03 2.582600e+02 -1.281273e+03 1.042251e+03 -1.948158e+03 4.965291e+02 1.464225e+03 -2.157113e+03 8.569623e+02 -4.135174e+03 -1.424144e+02 -1.139190e+03
1.264037e+03 -6.029657e+02 -2.755263e+03 2.441943e+03 -2.424550e+03 4.313480e+02 -1.514559e+03 9.965632e+02 -2.008032e+03 3.105387e+02 1.559059e+03 -2.562563e+03 3.154647e+02 -4.395796e+03 -3.478853e+02 -1.300866e+03
9.138788e+02 -2.376137e+02 -2.362303e+03 2.519446e+03 -2.069602e+03 3.603447e+02 -1.259199e+03 8.697723e+02 -2.164359e+03 4.804445e+02 1.334648e+03 -2.275546e+03 6.081794e+02 -4.173051e+03 -4.733673e+02 -1.142645e+03
1.180104e+03 -4.221123e+02 -2.529899e+03 2.393118e+03 -2.366250e+03 4.570732e+02 -1.464460e+03 1.029935e+03 -2.048019e+03 5.017784e+02 1.553466e+03 -2.306002e+03 8.188464e+02 -4.254223e+03 -3.830011e+02 -1.238279e+03
1.075607e+03 -2.374436e+02 -2.616601e+03 2.263054e+03 -2.147349e+03 3.849887e+02 -1.317711e+03 8.585008e+02 -1.748727e+03 2.960429e+02 1.577645e+03 -2.038407e+03 5.136316e+02 -4.114297e+03 -2.466832e+02 -1.142052e+03
1.222581e+03 -5.778528e+02 -2.538274e+03 2.820564e+03 -2.538134e+03 4.698156e+02 -1.511529e+03 1.016090e+03 -2.455764e+03 4.590932e+02 1.602861e+03 -2.862511e+03 1.712048e+02 -4.288545e+03 -2.219723e+02 -1.392023e+03
1.394086e+03 -5.513116e+02 -2.091457e+03 2.971324e+03 -2.610452e+03 6.731121e+02 -1.616285e+03 1.129774e+03 -2.426174e+03 5.229055e+02 1.787747e+03 -2.982905e+03 -1.243897e+01 -4.442644e+03 -4.445393e+02 -1.808085e+03
1.077944e+03 -4.546474e+02 -2.371825e+03 2.295027e+03 -2.281644e+03 5.392746e+02 -1.321958e+03 9.291516e+02 -1.895582e+03 4.927603e+02 1.420400e+03 -2.112445e+03 6.842123e+02 -4.067714e+03 -4.818223e+02 -1.220233e+03
1.896605e+03 -1.221899e+03 -2.793257e+03 3.241451e+03 -3.217474e+03 8.419858e+02 -2.070740e+03 1.426356e+03 -2.650285e+03 1.807035e+02 2.023065e+03 -3.690814e+03 -6.539826e+02 -4.909110e+03 -3.517382e+02 -1.919525e+03
1.258057e+03 -1.862108e+02 -2.404343e+03 2.791976e+03 -2.186745e+03 3.801162e+02 -1.139283e+03 1.073496e+03 -2.427207e+03 7.373412e+02 1.367017e+03 -2.567223e+03 8.510877e+02 -4.145922e+03 -5.746098e+02 -1.264434e+03
1.835033e+03 -1.274150e+03 -2.957573e+03 3.264629e+03 -3.086938e+03 6.167682e+02 -2.104618e+03 1.320228e+03 -2.501776e+03 3.098131e+01 1.978363e+03 -3.687571e+03 -5.840562e+02 -4.995183e+03 2.726453e+01 -1.721826e+03
1.696540e+03 -1.199260e+03 -2.753804e+03 2.999485e+03 -3.021840e+03 6.981756e+02 -1.982839e+03 1.284974e+03 -2.614137e+03 1.659130e+02 1.910368e+03 -3.472156e+03 -4.729325e+02 -4.919318e+03 -5.084949e+02 -1.876645e+03
1.246242e+03 -6.461687e+02 -2.724892e+03 2.498891e+03 -2.394781e+03 5.617029e+02 -1.571367e+03 9.327378e+02 -2.042431e+03 3.314357e+02 1.478057e+03 -2.620720e+03 3.800822e+02 -4.388705e+03 -2.626244e+02 -1.293531e+03
9.314905e+02 -3.956245e+02 -2.594591e+03 2.356834e+03 -2.120704e+03 3.676509e+02 -1.389239e+03 7.741531e+02 -1.962217e+03 3.607971e+02 1.505462e+03 -2.171732e+03 6.622586e+02 -4.360383e+03 -3.496544e+02 -1.007431e+03
1.256126e+03 -5.183221e+02 -2.353706e+03 3.002677e+03 -2.489011e+03 4.714635e+02 -1.443292e+03 1.010024e+03 -2.355945e+03 3.883095e+02 1.606072e+03 -2.885317e+03 1.521745e+02 -4.601272e+03 -6.019972e+02 -1.566220e+03
1.736838e+03 -1.741337e+02 -2.506998e+03 3.222136e+03 -2.393611e+03 5.169549e+02 -1.268391e+03 1.178163e+03 -2.571639e+03 7.901406e+02 1.294623e+03 -2.955731e+03 4.262334e+02 -4.581947e+03 -8.365261e+02 -1.805209e+03
1.350426e+03 -4.411701e+02 -2.481526e+03 2.754193e+03 -2.411253e+03 3.834730e+02 -1.281191e+03 1.078443e+03 -2.373350e+03 4.750953e+02 1.462027e+03 -2.730286e+03 5.467779e+02 -4.189290e+03 -4.540142e+02 -1.338192e+03
1.016203e+03 -1.804673e+01 -2.442146e+03 2.637627e+03 -2.293180e+03 6.441642e+02 -1.469404e+03 9.171589e+02 -2.198343e+03 5.512488e+02 1.633900e+03 -2.378333e+03 -1.711170e+01 -3.862682e+03 -1.018418e+02 -1.477406e+03
1.579400e+03 -1.062098e+03 -3.159335e+03 2.923256e+03 -2.909266e+03 5.132299e+02 -2.000996e+03 1.133557e+03 -2.523360e+03 1.489697e+02 2.024651e+03 -3.403372e+03 -3.739488e+02 -4.765988e+03 -1.144276e+01 -1.512379e+03
1.191812e+03 -4.249761e+02 -2.429065e+03 2.475653e+03 -2.232219e+03 4.724707e+02 -1.311120e+03 1.026068e+03 -1.980275e+03 5.365235e+02 1.373680e+03 -2.309086e+03 7.622004e+02 -4.210731e+03 -4.757553e+02 -1.241666e+03
1.273351e+03 -4.909207e+02 -2.501059e+03 2.672246e+03 -2.358768e+03 5.242194e+02 -1.410554e+03 9.504865e+02 -2.143704e+03 4.852461e+02 1.384485e+03 -2.587040e+03 5.831124e+02 -4.399870e+03 -5.193247e+02 -1.393628e+03
1.178054e+03 -2.496400e+02 -2.290374e+03 2.733212e+03 -2.179687e+03 3.964472e+02 -1.171366e+03 9.369687e+02 -2.176596e+03 6.561831e+02 1.251292e+03 -2.364552e+03 8.218060e+02 -4.165087e+03 -5.367952e+02 -1.331049e+03
1.118246e+03 -5.435875e+02 -2.501888e+03 2.652194e+03 -2.296480e+03 3.735859e+02 -1.310265e+03 9.092073e+02 -2.234852e+03 4.000587e+02 1.428667e+03 -2.528407e+03 4.474139e+02 -4.264024e+03 -5.087436e+02 -1.207107e+03
1.201443e+03 -3.506738e+02 -2.294175e+03 2.899248e+03 -2.492319e+03 4.176191e+02 -1.384700e+03 1.073493e+03 -2.274619e+03 5.290908e+02 1.459486e+03 -2.691607e+03 2.440765e+02 -4.188268e+03 -3.906486e+02 -1.477336e+03
1.081811e+03 8.143851e+01 -2.473367e+03 2.567880e+03 -1.981898e+03 2.502444e+02 -8.288103e+02 1.096149e+03 -2.118049e+03 8.109884e+02 1.223073e+03 -2.253024e+03 1.187114e+03 -3.955763e+03 -4.225360e+02 -1.033370e+03
1.456019e+03 -5.100864e+02 -2.608333e+03 2.940947e+03 -2.383828e+03 3.615194e+02 -1.308964e+03 9.878619e+02 -2.463937e+03 5.438155e+02 1.440482e+03 -2.881493e+03 4.578759e+02 -4.292069e+03 -3.782648e+02 -1.447231e+03
1.124675e+03 -3.598793e+02 -2.557300e+03 2.281024e+03 -2.320481e+03 4.671985e+02 -1.346826e+03 1.029014e+03 -2.011168e+03 4.658918e+02 1.546150e+03 -2.260702e+03 8.596854e+02 -4.107233e+03 -3.067482e+02 -1.135863e+03
1.056438e+03 -2.262836e+02 -2.262949e+03 2.741183e+03 -2.145203e+03 3.472921e+02 -1.092082e+03 8.967321e+02 -2.421140e+03 8.018588e+02 1.296771e+03 -2.468073e+03 1.007042e+03 -4.265316e+03 -5.583691e+02 -1.228679e+03
1.445409e+03 -2.731987e+02 -2.446632e+03 2.984813e+03 -2.231758e+03 3.681108e+02 -1.132909e+03 1.035698e+03 -2.484513e+03 7.493910e+02 1.275393e+03 -2.780393e+03 6.667279e+02 -4.162996e+03 -5.961981e+02 -1.576697e+03
1.721527e+03 -4.646203e+02 -2.283071e+03 3.140269e+03 -2.585601e+03 5.682206e+02 -1.337136e+03 1.236624e+03 -2.578359e+03 7.724822e+02 1.212813e+03 -2.994818e+03 3.894222e+02 -4.570720e+03 -6.198738e+02 -1.777037e+03
1.052158e+03 -6.773900e+02 -2.854230e+03 2.398858e+03 -2.387134e+03 4.471279e+02 -1.618490e+03 9.606508e+02 -2.188822e+03 3.395883e+02 1.457810e+03 -2.592952e+03 4.306119e+02 -4.433195e+03 -1.811580e+02 -1.090589e+03
1.308107e+03 -8.147720e+02 -2.783881e+03 2.869212e+03 -2.805333e+03 5.088749e+02 -1.704156e+03 1.168690e+03 -2.519951e+03 3.165167e+02 1.828245e+03 -3.111556e+03 -2.184942e+02 -4.571723e+03 -2.713698e+02 -1.557209e+03
1.428747e+03 -4.352356e+02 -2.494107e+03 2.938776e+03 -2.300990e+03 5.474500e+02 -1.240218e+03 9.859233e+02 -2.457733e+03 7.074462e+02 1.319822e+03 -2.787736e+03 5.700274e+02 -4.416473e+03 -4.392954e+02 -1.505247e+03
1.095148e+03 -3.505529e+02 -2.398830e+03 2.646180e+03 -2.217341e+03 3.702866e+02 -1.202223e+03 8.252295e+02 -2.301794e+03 6.511564e+02 1.403737e+03 -2.440417e+03 8.265048e+02 -4.399879e+03 -5.950864e+02 -1.173988e+03
1.161617e+03 -6.741250e+02 -2.817338e+03 2.605684e+03 -2.519464e+03 4.001569e+02 -1.537139e+03 1.006350e+03 -2.373689e+03 4.041884e+02 1.710245e+03 -2.789061e+03 2.960313e+02 -4.495583e+03 -3.271558e+02 -1.091769e+03
1.485959e+03 -1.108695e+03 -3.245579e+03 2.906284e+03 -3.081590e+03 6.367745e+02 -2.192423e+03 1.077857e+03 -2.474550e+03 8.017937e+01 2.138029e+03 -3.412572e+03 -5.254843e+02 -4.807135e+03 -3.594560e+01 -1.583615e+03
1.261277e+03 -2.180741e+02 -2.558662e+03 2.849270e+03 -2.013342e+03 2.923399e+02 -1.048918e+03 9.334057e+02 -2.414550e+03 7.686716e+02 1.250649e+03 -2.588755e+03 9.184651e+02 -4.251940e+03 -5.265569e+02 -1.267831e+03
1.369642e+03 -4.012284e+02 -2.374273e+03 3.131695e+03 -2.591240e+03 6.203471e+02 -1.187630e+03 9.588351e+02 -2.556457e+03 6.670904e+02 1.580050e+03 -2.863240e+03 4.726140e+02 -4.532905e+03 -8.106276e+02 -1.473394e+03
1.382258e+03 -7.878696e+02 -3.073617e+03 2.454204e+03 -2.611534e+03 3.891845e+02 -1.822421e+03 9.985784e+02 -2.183949e+03 1.880104e+02 1.818414e+03 -2.776411e+03 1.466883e+02 -4.695746e+03 -1.576225e+02 -1.234378e+03
1.748613e+03 -1.032532e+03 -2.626125e+03 3.029725e+03 -2.839447e+03 6.855659e+02 -1.911691e+03 1.149352e+03 -2.533281e+03 2.233338e+02 1.803964e+03 -3.290457e+03 -8.860887e+01 -4.840641e+03 -3.494239e+02 -1.758825e+03
1.601563e+03 -4.868102e+02 -2.553524e+03 3.117237e+03 -2.495858e+03 5.833924e+02 -1.370843e+03 1.073062e+03 -2.604307e+03 5.577591e+02 1.535625e+03 -3.065886e+03 2.800436e+02 -4.443008e+03 -6.352493e+02 -1.650824e+03
1.290013e+03 -7.801020e+02 -2.522451e+03 2.778234e+03 -2.541705e+03 4.962578e+02 -1.675036e+03 9.300989e+02 -2.304834e+03 2.843906e+02 1.780292e+03 -2.757753e+03 1.764514e+02 -4.697726e+03 -3.063686e+02 -1.511138e+03
1.158604e+03 2.821468e+02 -2.320352e+03 2.594515e+03 -1.946166e+03 2.899674e+02 -7.968109e+02 1.059322e+03 -2.139686e+03 9.454289e+02 1.343263e+03 -2.153264e+03 1.397123e+03 -4.002038e+03 -7.070078e+02 -1.042225e+03
1.107765e+03 -5.345650e+02 -2.485792e+03 2.400660e+03 -2.221186e+03 3.594372e+02 -1.265449e+03 9.441770e+02 -2.144769e+03 5.186749e+02 1.432782e+03 -2.476742e+03 7.661861e+02 -4.298237e+03 -3.685001e+02 -1.224072e+03
1.245705e+03 -7.663658e+01 -2.261201e+03 2.939508e+03 -2.067977e+03 3.826232e+02 -1.052049e+03 8.992718e+02 -2.401492e+03 7.523412e+02 1.257365e+03 -2.502737e+03 7.726964e+02 -4.169130e+03 -6.873243e+02 -1.415423e+03
1.013966e+03 -1.448074e+02 -2.151619e+03 2.738933e+03 -1.939104e+03 2.987955e+02 -1.080219e+03 9.019797e+02 -2.370996e+03 8.769761e+02 1.184731e+03 -2.301684e+03 1.105541e+03 -4.105706e+03 -5.960274e+02 -1.262771e+03
1.124011e+03 -6.172480e+02 -2.606361e+03 2.860315e+03 -2.696009e+03 6.387883e+02 -1.675170e+03 9.587186e+02 -2.516974e+03 5.141618e+02 1.705834e+03 -2.896479e+03 2.169086e+02 -4.530833e+03 -3.512744e+02 -1.379535e+03
1.337159e+03 -4.811585e+02 -2.769183e+03 2.528736e+03 -2.333688e+03 5.638166e+02 -1.405447e+03 9.627398e+02 -1.998429e+03 2.855446e+02 1.542766e+03 -2.589532e+03 4.449585e+02 -4.215369e+03 -1.886127e+02 -1.252613e+03
1.344936e+03 -8.640434e+01 -2.382457e+03 2.986047e+03 -2.041434e+03 2.935110e+02 -1.024713e+03 9.859736e+02 -2.364205e+03 7.963792e+02 1.209131e+03 -2.515935e+03 8.230239e+02 -4.246034e+03 -6.445388e+02 -1.421286e+03
1.038071e+03 -2.130319e+02 -2.457240e+03 2.511797e+03 -2.097560e+03 2.326618e+02 -1.076006e+03 9.542186e+02 -2.081013e+03 5.184735e+02 1.320450e+03 -2.246509e+03 7.835795e+02 -3.965580e+03 -4.753227e+02 -1.118379e+03
1.326156e+03 -3.510012e+02 -2.354146e+03 2.824936e+03 -2.330102e+03 3.815731e+02 -1.200882e+03 9.962305e+02 -2.326648e+03 5.176221e+02 1.443762e+03 -2.636676e+03 5.699894e+02 -4.174340e+03 -5.194649e+02 -1.409179e+03
1.384553e+03 -7.127714e+02 -2.757665e+03 2.553839e+03 -2.406237e+03 6.375453e+02 -1.639702e+03 1.002182e+03 -2.068622e+03 2.745428e+02 1.505792e+03 -2.593228e+03 1.148563e+02 -4.605866e+03 -3.521833e+02 -1.320231e+03
1.387091e+03 -1.063784e+03 -3.282025e+03 2.889975e+03 -2.926714e+03 5.851870e+02 -1.985218e+03 1.086625e+03 -2.520031e+03 1.883970e+02 1.889234e+03 -3.423224e+03 -4.454030e+02 -4.637329e+03 -2.613825e+01 -1.479771e+03
9.847925e+02 -4.229953e+02 -2.547326e+03 2.452088e+03 -2.245923e+03 4.205870e+02 -1.279561e+03 9.616408e+02 -2.122677e+03 4.718695e+02 1.383829e+03 -2.319392e+03 5.970314e+02 -4.141866e+03 -5.029574e+02 -1.149557e+03
1.428921e+03 -3.845442e+02 -2.413912e+03 3.019205e+03 -2.268421e+03 4.938527e+02 -1.228561e+03 1.065393e+03 -2.403637e+03 5.715971e+02 1.226984e+03 -2.827381e+03 2.869504e+02 -4.164490e+03 -4.108045e+02 -1.567127e+03
1.429260e+03 -4.603258e+02 -2.675992e+03 3.060641e+03 -2.514207e+03 3.624990e+02 -1.444844e+03 1.113928e+03 -2.475138e+03 3.178747e+02 1.575252e+03 -3.034907e+03 3.700823e+01 -4.492208e+03 -3.503059e+02 -1.512158e+03
1.291902e+03 -3.660117e+02 -2.492586e+03 2.563147e+03 -2.228643e+03 5.069546e+02 -1.295588e+03 9.215990e+02 -1.949828e+03 4.546771e+02 1.416368e+03 -2.449046e+03 6.492748e+02 -4.333752e+03 -3.278974e+02 -1.405427e+03
1.048516e+03 -2.428435e+02 -2.388315e+03 2.676653e+03 -2.107265e+03 2.850549e+02 -1.104361e+03 9.048973e+02 -2.267706e+03 5.723749e+02 1.307153e+03 -2.393362e+03 8.286136e+02 -3.941901e+03 -4.754513e+02 -1.232514e+03
1.343903e+03 -1.792688e+02 -2.373458e+03 3.013250e+03 -2.202414e+03 4.429635e+02 -1.081860e+03 1.048490e+03 -2.469190e+03 8.214201e+02 1.293060e+03 -2.624040e+03 7.292301e+02 -4.229462e+03 -7.901281e+02 -1.501052e+03
1.987458e+03 -6.048816e+02 -3.030328e+03 3.743041e+03 -2.710067e+03 6.723984e+02 -1.820679e+03 1.088839e+03 -2.864632e+03 4.056972e+02 1.436433e+03 -3.558588e+03 -4.157105e+02 -4.948005e+03 -2.906436e+02 -1.905279e+03
1.336200e+03 -2.557134e+02 -2.507855e+03 3.046977e+03 -2.289955e+03 3.011181e+02 -1.258315e+03 1.133941e+03 -2.398843e+03 5.914566e+02 1.393862e+03 -2.697650e+03 4.924836e+02 -4.093660e+03 -4.732275e+02 -1.458890e+03
1.379809e+03 -2.731019e+02 -2.554308e+03 2.863963e+03 -2.124135e+03 3.722273e+02 -1.159206e+03 9.314658e+02 -2.314652e+03 5.638421e+02 1.290931e+03 -2.717111e+03 6.417190e+02 -4.374463e+03 -4.452308e+02 -1.342507e+03
1.280291e+03 -1.873236e+02 -2.501880e+03 2.880858e+03 -2.101317e+03 2.471439e+02 -1.076793e+03 9.449035e+02 -2.358494e+03 6.684035e+02 1.353309e+03 -2.575385e+03 8.029690e+02 -4.286501e+03 -4.931605e+02 -1.322785e+03
8.566644e+02 -2.943019e+02 -2.290488e+03 2.443027e+03 -2.326771e+03 5.032114e+02 -1.446899e+03 9.472963e+02 -2.148608e+03 5.599719e+02 1.645339e+03 -2.254479e+03 5.828745e+02 -4.073838e+03 -2.881017e+02 -1.168325e+03
1.653769e+03 -5.385044e+02 -2.802132e+03 3.010210e+03 -2.549427e+03 4.913075e+02 -1.287401e+03 1.084281e+03 -2.551601e+03 5.295783e+02 1.617662e+03 -3.058043e+03 3.148985e+02 -4.536126e+03 -6.323260e+02 -1.569819e+03
1.658350e+03 -3.312684e+02 -2.548027e+03 3.178300e+03 -2.383099e+03 5.836017e+02 -1.239282e+03 1.195045e+03 -2.570188e+03 6.797506e+02 1.239471e+03 -2.998513e+03 2.427618e+02 -4.445318e+03 -6.974766e+02 -1.778400e+03
1.428747e+03 -4.352356e+02 -2.494107e+03 2.938776e+03 -2.300990e+03 5.474500e+02 -1.240218e+03 9.859233e+02 -2.457733e+03 7.074462e+02 1.319822e+03 -2.787736e+03 5.700274e+02 -4.416473e+03 -4.392954e+02 -1.505247e+03
1.336200e+03 -2.557134e+02 -2.507855e+03 3.046977e+03 -2.289955e+03 3.011181e+02 -1.258315e+03 1.133941e+03 -2.398843e+03 5.914566e+02 1.393862e+03 -2.697650e+03 4.924836e+02 -4.093660e+03 -4.732275e+02 -1.458890e+03
1.278778e+03 -5.356737e+02 -2.689861e+03 2.826785e+03 -2.432824e+03 3.748261e+02 -1.476784e+03 1.065106e+03 -2.284539e+03 2.964456e+02 1.471625e+03 -2.838363e+03 1.508559e+02 -4.188932e+03 -7.946429e+01 -1.424473e+03
1.398422e+03 -2.494189e+02 -2.456193e+03 3.044795e+03 -2.232850e+03 5.223047e+02 -1.321626e+03 9.051219e+02 -2.537224e+03 6.693441e+02 1.401362e+03 -2.805463e+03 4.982167e+02 -4.253838e+03 -4.317393e+02 -1.545670e+03
1.334393e+03 -6.300418e+02 -2.638453e+03 2.382090e+03 -2.370459e+03 6.106982e+02 -1.563788e+03 9.953499e+02 -1.869508e+03 2.958976e+02 1.570513e+03 -2.391775e+03 4.608743e+02 -4.371992e+03 -2.432075e+02 -1.329110e+03
1.135303e+03 -4.466799e+02 -2.535469e+03 2.631175e+03 -2.272919e+03 4.213607e+02 -1.297626e+03 8.945513e+02 -2.076356e+03 4.025854e+02 1.385510e+03 -2.451074e+03 4.262048e+02 -4.240199e+03 -4.382846e+02 -1.264253e+03
1.238156e+03 -2.532106e+02 -2.484498e+03 2.751306e+03 -2.149073e+03 3.236367e+02 -1.091813e+03 1.022313e+03 -2.394950e+03 6.537266e+02 1.402670e+03 -2.566527e+03 8.570513e+02 -4.144662e+03 -5.048032e+02 -1.235159e+03
1.228572e+03 -3.207251e+02 -2.338266e+03 2.595450e+03 -2.300978e+03 2.766079e+02 -1.097803e+03 9.984782e+02 -2.334220e+03 6.863208e+02 1.494319e+03 -2.584981e+03 9.921617e+02 -4.191043e+03 -4.956082e+02 -1.231956e+03
1.388995e+03 -5.487221e+02 -2.678800e+03 2.638375e+03 -2.364423e+03 4.492755e+02 -1.294594e+03 8.983767e+02 -2.181048e+03 3.645225e+02 1.541856e+03 -2.780049e+03 4.737448e+02 -4.368956e+03 -3.176625e+02 -1.370590e+03
1.428672e+03 -3.740540e+02 -2.366794e+03 2.846647e+03 -2.307604e+03 6.906233e+02 -1.313612e+03 1.116976e+03 -2.178973e+03 7.290549e+02 1.143059e+03 -2.554890e+03 5.036875e+02 -4.138318e+03 -3.497905e+02 -1.588238e+03
1.429259e+03 1.487972e+02 -2.156918e+03 2.773612e+03 -1.865771e+03 2.640552e+02 -9.011185e+02 1.241658e+03 -2.152006e+03 9.443530e+02 1.073157e+03 -2.308704e+03 1.186770e+03 -4.184971e+03 -9.411479e+02 -1.394581e+03
1.226165e+03 -4.578574e+02 -2.508112e+03 2.776334e+03 -2.443689e+03 4.468694e+02 -1.401802e+03 1.002898e+03 -2.266982e+03 3.226074e+02 1.470255e+03 -2.694087e+03 1.526304e+02 -4.013556e+03 -2.387425e+02 -1.467040e+03
1.452959e+03 -4.942352e+02 -2.633847e+03 2.850409e+03 -2.352813e+03 3.623232e+02 -1.285919e+03 1.119244e+03 -2.359021e+03 4.566774e+02 1.436556e+03 -2.877844e+03 5.029534e+02 -4.326412e+03 -3.673339e+02 -1.347812e+03
1.064512e+03 -6.089746e+02 -2.834663e+03 2.614651e+03 -2.530790e+03 4.432367e+02 -1.584999e+03 9.207257e+02 -2.340161e+03 3.231644e+02 1.777708e+03 -2.783455e+03 1.174714e+02 -4.502915e+03 -2.456265e+02 -1.176560e+03
1.248594e+03 -3.639054e+02 -2.456117e+03 2.483067e+03 -2.194088e+03 4.441366e+02 -1.143575e+03 9.874939e+02 -1.993177e+03 4.848892e+02 1.346153e+03 -2.421631e+03 7.615954e+02 -4.159069e+03 -5.560484e+02 -1.305415e+03
1.262246e+03 -3.343513e+02 -2.474650e+03 2.476537e+03 -2.264512e+03 5.057118e+02 -1.326513e+03 1.063099e+03 -2.071800e+03 6.284262e+02 1.387684e+03 -2.337903e+03 8.562512e+02 -4.159633e+03 -3.673363e+02 -1.225468e+03
1.655404e+03 -7.749246e+02 -2.557867e+03 3.377212e+03 -3.081927e+03 5.922658e+02 -2.005285e+03 1.296258e+03 -2.452450e+03 3.838554e+02 1.684546e+03 -3.264122e+03 -7.708993e+01 -4.526108e+03 -4.888530e+01 -1.953277e+03
1.292955e+03 -6.241403e+02 -2.724977e+03 2.278684e+03 -2.301950e+03 4.669226e+02 -1.443571e+03 9.088725e+02 -1.840123e+03 2.424345e+02 1.569096e+03 -2.271955e+03 3.419975e+02 -4.292356e+03 -3.224160e+02 -1.203816e+03
1.253117e+03 -1.538555e+02 -2.232636e+03 2.977459e+03 -2.070228e+03 3.471182e+02 -1.094853e+03 9.939820e+02 -2.405824e+03 8.377554e+02 1.159731e+03 -2.498304e+03 7.568282e+02 -4.186072e+03 -5.899392e+02 -1.499493e+03
1.390088e+03 -2.660616e+02 -2.523621e+03 2.518491e+03 -2.401107e+03 6.519868e+02 -1.324339e+03 9.599602e+02 -2.011280e+03 8.345525e+02 1.492084e+03 -2.246444e+03 8.249366e+02 -3.956966e+03 -2.175904e+02 -1.381315e+03
1.144143e+03 -6.064003e+02 -2.735961e+03 2.383963e+03 -2.404399e+03 3.899232e+02 -1.471051e+03 9.323837e+02 -2.065177e+03 3.638983e+02 1.620945e+03 -2.452031e+03 6.391210e+02 -4.397532e+03 -3.432064e+02 -1.148332e+03
1.091794e+03 -4.162390e+02 -2.650854e+03 2.599053e+03 -2.250299e+03 3.227112e+02 -1.226894e+03 9.241846e+02 -2.194112e+03 4.394396e+02 1.427329e+03 -2.534215e+03 5.973238e+02 -4.253769e+03 -4.197145e+02 -1.208474e+03
1.249362e+03 -6.940320e+02 -2.752093e+03 2.280356e+03 -2.336781e+03 6.340509e+02 -1.686073e+03 1.001442e+03 -1.910020e+03 2.904587e+02 1.565533e+03 -2.374055e+03 4.223569e+02 -4.493601e+03 -2.798624e+02 -1.145538e+03
1.176489e+03 -6.021990e+02 -2.657066e+03 2.400655e+03 -2.372814e+03 4.641680e+02 -1.462048e+03 9.280851e+02 -2.054783e+03 4.198941e+02 1.531747e+03 -2.411374e+03 6.490524e+02 -4.443207e+03 -4.248030e+02 -1.135186e+03
1.137008e+03 -4.326114e+02 -2.501201e+03 2.776654e+03 -2.497860e+03 5.621324e+02 -1.655966e+03 9.903581e+02 -2.356701e+03 3.865590e+02 1.755121e+03 -2.736168e+03 1.191647e+00 -4.247214e+03 -7.084931e+01 -1.404284e+03
1.486927e+03 -5.502077e+02 -2.598254e+03 2.761851e+03 -2.450813e+03 7.292353e+02 -1.718647e+03 1.013947e+03 -2.141302e+03 4.290049e+02 1.449351e+03 -2.792606e+03 5.554677e+02 -4.798598e+03 -2.331429e+02 -1.345456e+03
1.224951e+03 -4.803904e+02 -2.656327e+03 2.710072e+03 -2.314791e+03 4.813862e+02 -1.544367e+03 9.324751e+02 -2.277671e+03 4.314503e+02 1.375678e+03 -2.710126e+03 5.171293e+02 -4.619091e+03 -2.980713e+02 -1.202655e+03
1.251291e+03 -4.582783e+01 -2.320906e+03 2.875001e+03 -2.020858e+03 2.427463e+02 -9.721522e+02 1.030357e+03 -2.341107e+03 8.915849e+02 1.194947e+03 -2.389521e+03 9.874992e+02 -4.093816e+03 -5.801619e+02 -1.281253e+03
1.720053e+03 -6.298290e+02 -2.255468e+03 3.570502e+03 -2.810548e+03 9.297109e+02 -1.819277e+03 1.355325e+03 -2.701250e+03 5.435408e+02 1.475733e+03 -3.394789e+03 -1.102963e+02 -5.096222e+03 -5.399309e+02 -2.164629e+03
1.137828e+03 8.138548e+01 -2.133124e+03 2.461671e+03 -2.341173e+03 4.845178e+02 -1.089789e+03 1.092311e+03 -2.027515e+03 8.199753e+02 1.377180e+03 -2.042470e+03 7.720297e+02 -3.746741e+03 -3.011148e+02 -1.338111e+03
1.141201e+03 -5.017988e+01 -2.176604e+03 2.709571e+03 -2.075891e+03 1.554566e+02 -9.599385e+02 9.240040e+02 -2.242728e+03 7.339761e+02 1.354366e+03 -2.304226e+03 1.057225e+03 -4.236414e+03 -6.099916e+02 -1.192615e+03
1.325882e+03 -8.018453e+02 -2.866574e+03 2.870462e+03 -2.791162e+03 6.683759e+02 -1.837124e+03 1.106733e+03 -2.378554e+03 1.798537e+02 1.874192e+03 -3.122430e+03 -2.433772e+02 -4.559780e+03 -1.887406e+02 -1.467327e+03
1.162263e+03 -5.449134e+02 -2.746792e+03 2.410271e+03 -2.256345e+03 3.311557e+02 -1.373644e+03 9.024350e+02 -1.946775e+03 3.454603e+02 1.485857e+03 -2.426912e+03 5.899647e+02 -4.332576e+03 -2.403605e+02 -1.223202e+03
1.411265e+03 -8.051426e+02 -2.968467e+03 3.013761e+03 -2.714040e+03 5.159600e+02 -1.721956e+03 1.026223e+03 -2.489187e+03 1.419411e+02 1.784277e+03 -3.210932e+03 -3.779111e+02 -4.612450e+03 -2.001909e+02 -1.520256e+03
9.843003e+02 -5.415734e+02 -2.527061e+03 2.381810e+03 -2.203598e+03 3.480888e+02 -1.363859e+03 9.226593e+02 -2.202603e+03 4.077536e+02 1.474692e+03 -2.604771e+03 4.706559e+02 -4.294454e+03 -1.908495e+02 -1.147108e+03
9.875854e+02 -2.426272e+02 -2.477134e+03 2.620681e+03 -2.258462e+03 4.068617e+02 -1.349994e+03 8.952640e+02 -2.376149e+03 6.012257e+02 1.438661e+03 -2.581888e+03 6.549552e+02 -4.405064e+03 -3.192066e+02 -1.139544e+03
1.384288e+03 -8.415375e+02 -3.040899e+03 2.763525e+03 -2.472445e+03 6.383250e+02 -1.681554e+03 9.357825e+02 -2.291655e+03 2.469722e+02 1.456438e+03 -2.999179e+03 2.564940e+02 -4.569991e+03 1.080986e+02 -1.360711e+03
1.389488e+03 -3.013718e+02 -2.405826e+03 2.849694e+03 -2.136687e+03 2.920715e+02 -1.063252e+03 1.085320e+03 -2.394853e+03 6.617631e+02 1.295694e+03 -2.743305e+03 7.890142e+02 -4.284216e+03 -6.089134e+02 -1.393878e+03
1.349698e+03 -5.492210e+02 -2.788271e+03 2.732139e+03 -2.171208e+03 5.774776e+02 -1.292523e+03 9.260851e+02 -2.141644e+03 4.436502e+02 1.247827e+03 -2.778013e+03 4.583231e+02 -4.371644e+03 -2.706867e+02 -1.395532e+03
1.272055e+03 -8.480825e+02 -3.013885e+03 2.802562e+03 -2.713738e+03 6.309551e+02 -1.863019e+03 1.046021e+03 -2.460985e+03 2.263505e+02 1.725409e+03 -3.231530e+03 -2.662148e+02 -4.615929e+03 -3.425144e+01 -1.374494e+03
1.057163e+03 -3.256139e+02 -2.377365e+03 2.662392e+03 -2.280665e+03 3.170308e+02 -1.211752e+03 9.272612e+02 -2.415819e+03 5.992572e+02 1.413781e+03 -2.533941e+03 7.635898e+02 -4.085570e+03 -4.593407e+02 -1.287470e+03
1.226023e+03 -5.337567e+02 -2.646618e+03 2.214030e+03 -2.392318e+03 4.651511e+02 -1.514673e+03 9.238565e+02 -2.036873e+03 4.623989e+02 1.660195e+03 -2.220121e+03 7.422372e+02 -4.238505e+03 -3.087937e+02 -1.187641e+03
1.275587e+03 -3.023777e+02 -2.654790e+03 2.815289e+03 -2.254699e+03 3.277023e+02 -1.352780e+03 8.882226e+02 -2.462824e+03 4.674622e+02 1.633290e+03 -2.776272e+03 6.509861e+02 -4.735971e+03 -3.542271e+02 -1.130567e+03
1.019084e+03 -6.014949e+02 -2.716020e+03 2.448332e+03 -2.476734e+03 5.965394e+02 -1.688114e+03 9.292477e+02 -2.215672e+03 3.348208e+02 1.721658e+03 -2.532158e+03 1.275634e+02 -4.323027e+03 -1.352483e+02 -1.117661e+03
1.294855e+03 -2.813698e+02 -2.636607e+03 2.692445e+03 -1.907386e+03 4.005201e+02 -1.017846e+03 1.095173e+03 -2.184895e+03 7.323158e+02 1.058230e+03 -2.549196e+03 9.117366e+02 -4.216160e+03 -3.493516e+02 -1.317933e+03
1.518875e+03 7.487247e+01 -2.147564e+03 3.092881e+03 -2.097093e+03 5.273044e+02 -1.150175e+03 1.227727e+03 -2.228773e+03 8.506427e+02 1.101779e+03 -2.364856e+03 7.180181e+02 -4.107946e+03 -8.601341e+02 -1.558920e+03
1.408017e+03 -8.185244e+02 -2.401519e+03 3.069600e+03 -2.635584e+03 7.247708e+02 -1.901958e+03 1.109779e+03 -2.524552e+03 2.792951e+02 1.826793e+03 -3.153417e+03 -2.593950e+02 -4.721944e+03 -2.641091e+02 -1.726532e+03
1.018866e+03 -1.355145e+02 -2.287471e+03 2.599614e+03 -1.987993e+03 2.390864e+02 -9.847602e+02 8.189574e+02 -2.241971e+03 7.773515e+02 1.295564e+03 -2.271805e+03 9.588313e+02 -4.037637e+03 -5.569855e+02 -1.298538e+03
1.134660e+03 -3.013451e+02 -2.467253e+03 2.749264e+03 -2.270566e+03 4.128046e+02 -1.289819e+03 9.684484e+02 -2.202704e+03 4.510428e+02 1.359114e+03 -2.504297e+03 3.084908e+02 -4.040915e+03 -3.727771e+02 -1.354899e+03
1.751112e+03 -3.992640e+02 -2.387560e+03 2.989587e+03 -2.296985e+03 3.703171e+02 -1.161575e+03 1.318844e+03 -2.425842e+03 7.212273e+02 1.324124e+03 -2.970445e+03 5.404547e+02 -4.532885e+03 -7.325746e+02 -1.832029e+03
1.164728e+03 -3.797886e+02 -2.331141e+03 2.456116e+03 -2.335381e+03 5.662630e+02 -1.400835e+03 9.749708e+02 -1.866260e+03 4.043587e+02 1.490727e+03 -2.216846e+03 2.744447e+02 -3.906382e+03 -2.780806e+02 -1.316134e+03
1.246745e+03 -1.885885e+02 -2.573299e+03 2.845086e+03 -2.141861e+03 2.973148e+02 -1.148868e+03 8.810965e+02 -2.355823e+03 5.420299e+02 1.403642e+03 -2.621635e+03 5.801279e+02 -4.235576e+03 -4.821315e+02 -1.343904e+03
1.485739e+03 -7.093570e+02 -2.228632e+03 3.172301e+03 -2.528529e+03 7.039362e+02 -1.821293e+03 1.150201e+03 -2.559632e+03 4.158700e+02 1.825605e+03 -3.240725e+03 -7.144105e+01 -4.772610e+03 -1.770275e+02 -1.880898e+03
1.456418e+03 5.147971e+01 -2.138181e+03 2.901951e+03 -1.859837e+03 4.162682e+02 -9.598654e+02 1.163233e+03 -2.250613e+03 9.070113e+02 1.021226e+03 -2.371926e+03 9.290225e+02 -4.185155e+03 -7.580383e+02 -1.547289e+03
1.217580e+03 -3.010522e+02 -2.391881e+03 2.866576e+03 -2.274828e+03 3.687336e+02 -1.211483e+03 9.929252e+02 -2.360211e+03 7.239633e+02 1.331783e+03 -2.564032e+03 7.290417e+02 -4.092912e+03 -4.400349e+02 -1.342598e+03
8.718932e+02 -1.690964e+02 -2.256287e+03 2.565596e+03 -2.444691e+03 5.113915e+02 -1.305379e+03 9.935389e+02 -2.121683e+03 6.465831e+02 1.473249e+03 -2.234733e+03 4.346185e+02 -3.710514e+03 -2.636167e+02 -1.512921e+03
1.384865e+03 -3.203778e+02 -2.426198e+03 2.963731e+03 -2.241666e+03 4.937272e+02 -1.270678e+03 1.058044e+03 -2.368633e+03 6.655638e+02 1.243599e+03 -2.762984e+03 5.597114e+02 -4.458254e+03 -4.140225e+02 -1.464861e+03
7.407424e+02 2.087969e+02 -2.168359e+03 2.207146e+03 -1.847675e+03 1.662701e+02 -8.251478e+02 8.028704e+02 -1.982456e+03 7.866750e+02 1.428235e+03 -1.836101e+03 1.162122e+03 -3.835817e+03 -4.008156e+02 -9.809046e+02
1.071552e+03 -3.831564e+02 -2.733533e+03 2.631311e+03 -2.323920e+03 3.786065e+02 -1.394908e+03 9.241599e+02 -2.412954e+03 5.003453e+02 1.496372e+03 -2.786092e+03 5.606221e+02 -4.537003e+03 -2.753381e+02 -1.100879e+03
1.321457e+03 4.741695e+02 -2.150584e+03 2.975018e+03 -2.028193e+03 5.223091e+02 -1.035907e+03 9.259838e+02 -2.250232e+03 9.740227e+02 1.555632e+03 -2.325587e+03 2.577617e+02 -3.602935e+03 -1.313825e+02 -1.578843e+03
1.079082e+03 -4.617911e+02 -2.386769e+03 2.730002e+03 -2.448644e+03 2.941132e+02 -1.387545e+03 9.311590e+02 -2.294312e+03 3.997104e+02 1.747863e+03 -2.605121e+03 2.814002e+02 -4.281686e+03 -3.264085e+02 -1.366385e+03
1.300934e+03 -5.254989e+02 -2.879469e+03 2.589266e+03 -2.332546e+03 2.682438e+02 -1.362009e+03 9.936813e+02 -2.279514e+03 2.470931e+02 1.627281e+03 -2.888056e+03 3.460603e+02 -4.508059e+03 -2.337210e+02 -1.216696e+03
1.031970e+03 -2.884097e+02 -2.467929e+03 2.613622e+03 -2.311962e+03 3.372287e+02 -1.224120e+03 9.808948e+02 -2.297525e+03 5.154009e+02 1.484514e+03 -2.453778e+03 7.017579e+02 -4.113519e+03 -4.300796e+02 -1.184861e+03
1.311815e+03 -8.540593e+02 -2.359746e+03 2.776560e+03 -2.654523e+03 5.989763e+02 -1.710531e+03 9.982522e+02 -2.409899e+03 4.072947e+02 1.736279e+03 -2.829910e+03 1.693475e+02 -4.573261e+03 -5.694319e+02 -1.522220e+03
2.007089e+03 -1.046773e+03 -3.282214e+03 3.662172e+03 -3.064619e+03 6.625276e+02 -2.167132e+03 1.293474e+03 -3.074886e+03 2.250335e+02 1.826576e+03 -4.105046e+03 -6.598637e+02 -4.945221e+03 1.995667e+02 -1.994341e+03
1.539429e+03 -4.884244e+02 -2.628248e+03 3.126651e+03 -2.639056e+03 5.265375e+02 -1.531683e+03 1.285798e+03 -2.490845e+03 3.289729e+02 1.536083e+03 -3.020113e+03 -1.923695e+01 -4.351825e+03 -3.934040e+02 -1.632316e+03
1.535846e+03 -7.206857e+02 -2.838693e+03 2.611560e+03 -2.452839e+03 4.764976e+02 -1.470899e+03 1.060474e+03 -2.054033e+03 1.991736e+02 1.538920e+03 -2.842825e+03 2.056722e+02 -4.295740e+03 -1.090396e+02 -1.458837e+03
1.122744e+03 -3.581075e+02 -2.713761e+03 2.368895e+03 -2.171754e+03 4.756254e+02 -1.505553e+03 8.649626e+02 -2.045517e+03 4.046371e+02 1.463419e+03 -2.418764e+03 5.467806e+02 -4.529576e+03 -2.434392e+02 -1.151718e+03
1.732290e+03 -9.625355e+02 -2.481477e+03 3.314991e+03 -2.797634e+03 8.050835e+02 -1.987738e+03 1.246183e+03 -2.566200e+03 2.800483e+02 1.852610e+03 -3.499729e+03 -3.840000e+02 -4.992616e+03 -2.138950e+02 -1.938684e+03
1.160001e+03 -2.557338e+02 -2.351727e+03 2.789270e+03 -2.177026e+03 2.268861e+02 -1.097872e+03 9.505348e+02 -2.367934e+03 5.883539e+02 1.426583e+03 -2.561008e+03 6.405565e+02 -4.227549e+03 -5.395589e+02 -1.287508e+03
1.002337e+03 -2.905985e+02 -2.382128e+03 2.472497e+03 -2.283234e+03 4.162232e+02 -1.233654e+03 8.788788e+02 -2.183670e+03 5.702270e+02 1.475070e+03 -2.294797e+03 8.008166e+02 -4.051336e+03 -4.584475e+02 -1.150164e+03
9.709512e+02 -1.290080e+01 -2.071320e+03 2.743965e+03 -1.977217e+03 3.593485e+02 -1.057028e+03 7.587667e+02 -2.371519e+03 8.499058e+02 1.337609e+03 -2.210089e+03 1.076893e+03 -4.137456e+03 -7.611124e+02 -1.226834e+03
1.091428e+03 -4.066681e+02 -2.442359e+03 2.521256e+03 -2.316513e+03 4.171721e+02 -1.353525e+03 8.777931e+02 -2.009824e+03 4.526030e+02 1.497022e+03 -2.280733e+03 6.406856e+02 -4.294984e+03 -5.116179e+02 -1.282747e+03
1.077566e+03 -3.276025e+02 -2.643681e+03 2.617379e+03 -2.230519e+03 4.037544e+02 -1.376520e+03 8.377053e+02 -2.297255e+03 5.200866e+02 1.460505e+03 -2.559674e+03 7.256476e+02 -4.462210e+03 -3.738815e+02 -1.182334e+03
1.017633e+03 2.586800e+02 -2.490847e+03 2.633725e+03 -2.030855e+03 6.727377e+02 -1.406802e+03 9.193648e+02 -2.106308e+03 7.439868e+02 1.534694e+03 -2.103819e+03 1.777929e+02 -3.613367e+03 -9.365788e+01 -1.375881e+03
1.157815e+03 -2.554126e+02 -2.380948e+03 2.716894e+03 -2.324061e+03 4.011711e+02 -1.245272e+03 8.871484e+02 -2.412472e+03 6.963256e+02 1.507898e+03 -2.592299e+03 8.180983e+02 -4.381175e+03 -5.517258e+02 -1.327648e+03
1.178611e+03 -2.862321e+02 -2.488406e+03 2.743534e+03 -2.208481e+03 3.132647e+02 -1.168437e+03 9.003269e+02 -2.293704e+03 5.451212e+02 1.448555e+03 -2.526938e+03 6.677025e+02 -4.336775e+03 -5.620615e+02 -1.227679e+03
1.382715e+03 -7.456967e+02 -2.909687e+03 2.559600e+03 -2.535980e+03 4.277779e+02 -1.573136e+03 8.853758e+02 -2.085300e+03 1.706917e+02 1.700564e+03 -2.637477e+03 1.536293e+02 -4.443390e+03 -2.343180e+02 -1.303537e+03
1.480887e+03 -4.261362e+02 -2.427124e+03 3.060455e+03 -2.579837e+03 5.081633e+02 -1.366751e+03 1.178373e+03 -2.516511e+03 5.623979e+02 1.552089e+03 -2.953415e+03 2.324830e+02 -4.365143e+03 -5.773795e+02 -1.661344e+03
1.370322e+03 -5.799242e+02 -2.827326e+03 2.244708e+03 -2.214619e+03 4.689983e+02 -1.480057e+03 9.688341e+02 -1.795978e+03 1.573177e+02 1.622649e+03 -2.335756e+03 3.566489e+02 -4.272314e+03 -2.224977e+02 -1.213251e+03
1.652491e+03 -7.207001e+02 -2.363208e+03 3.351499e+03 -2.871522e+03 7.253790e+02 -1.946813e+03 1.200232e+03 -2.583174e+03 3.664889e+02 1.821332e+03 -3.407490e+03 -4.063331e+02 -4.801885e+03 -2.199550e+02 -1.980177e+03
1.647925e+03 -6.601034e+02 -2.535954e+03 3.148695e+03 -2.918537e+03 6.006696e+02 -2.000489e+03 1.205711e+03 -2.428760e+03 3.484344e+02 1.892529e+03 -3.209222e+03 -8.701383e+01 -4.575280e+03 8.785591e+00 -1.851952e+03
1.042958e+03 -1.786979e+02 -2.492913e+03 2.599714e+03 -2.108602e+03 2.565192e+02 -1.064306e+03 9.801084e+02 -2.165428e+03 5.989187e+02 1.332487e+03 -2.341118e+03 9.249457e+02 -4.036465e+03 -4.595126e+02 -1.121338e+03
1.130163e+03 -2.674454e+02 -2.479206e+03 2.549455e+03 -2.183626e+03 1.375634e+02 -1.090491e+03 8.580820e+02 -2.068634e+03 4.984494e+02 1.541174e+03 -2.279618e+03 8.564298e+02 -4.287672e+03 -5.076045e+02 -1.131421e+03
1.372857e+03 -6.817045e+02 -2.711922e+03 2.362000e+03 -2.423970e+03 4.587761e+02 -1.573865e+03 9.627772e+02 -1.895971e+03 3.309133e+02 1.656323e+03 -2.384927e+03 6.059581e+02 -4.528009e+03 -2.936512e+02 -1.265607e+03
1.178088e+03 -6.529982e+02 -2.699441e+03 2.691696e+03 -2.550554e+03 5.444015e+02 -1.591033e+03 1.037459e+03 -2.395090e+03 3.705239e+02 1.714761e+03 -2.871996e+03 1.511339e+01 -4.376134e+03 -1.749268e+02 -1.273548e+03
1.142333e+03 -2.560089e+02 -2.338026e+03 2.816798e+03 -2.286587e+03 3.478355e+02 -1.232682e+03 8.971042e+02 -2.427911e+03 7.050634e+02 1.430442e+03 -2.578224e+03 7.037003e+02 -4.224226e+03 -4.898179e+02 -1.354634e+03
1.107447e+03 -3.401400e+02 -2.467918e+03 2.284473e+03 -2.178286e+03 4.407838e+02 -1.259401e+03 8.789446e+02 -1.810972e+03 3.904958e+02 1.469404e+03 -2.025676e+03 5.048864e+02 -4.030704e+03 -4.221209e+02 -1.175756e+03
2.043369e+03 -1.753219e+03 -3.350961e+03 4.085358e+03 -3.994694e+03 9.530617e+02 -3.253100e+03 1.517263e+03 -3.542519e+03 -2.846475e+02 2.359617e+03 -5.191607e+03 -1.747924e+03 -5.137590e+03 1.012791e+03 -2.731309e+03
1.343827e+03 -4.642187e+02 -2.401413e+03 2.748774e+03 -2.461702e+03 4.762659e+02 -1.489573e+03 1.162004e+03 -2.456594e+03 4.676674e+02 1.563642e+03 -2.782798e+03 4.930569e+02 -4.306135e+03 -3.849976e+02 -1.372104e+03
1.689910e+03 -6.588690e+02 -2.788167e+03 3.017562e+03 -2.537783e+03 4.497882e+02 -1.342582e+03 1.034882e+03 -2.480524e+03 3.898523e+02 1.528591e+03 -3.172316e+03 1.813728e+02 -4.493746e+03 -4.662263e+02 -1.598119e+03
1.394088e+03 -7.211244e+02 -2.966653e+03 3.120570e+03 -2.687010e+03 5.821362e+02 -1.643557e+03 1.048023e+03 -2.702675e+03 3.729530e+02 1.668616e+03 -3.375362e+03 -2.024448e+02 -4.689418e+03 -2.340557e+02 -1.546093e+03
1.171558e+03 -1.491650e+02 -2.503137e+03 2.510843e+03 -2.192353e+03 3.244901e+02 -1.034787e+03 1.035839e+03 -2.282697e+03 6.606533e+02 1.424409e+03 -2.424957e+03 1.059165e+03 -4.040332e+03 -4.678581e+02 -1.108796e+03
1.112251e+03 -5.224560e+02 -2.548163e+03 2.238545e+03 -2.295261e+03 4.819544e+02 -1.559256e+03 1.019764e+03 -1.876957e+03 2.212991e+02 1.599923e+03 -2.351476e+03 2.033514e+02 -4.307393e+03 -3.114893e+02 -1.195087e+03
1.421999e+03 -5.820489e+02 -2.877502e+03 2.691004e+03 -2.295167e+03 3.377470e+02 -1.305485e+03 9.716664e+02 -2.012744e+03 2.131191e+02 1.419113e+03 -2.749716e+03 3.418941e+02 -4.276078e+03 -2.488525e+02 -1.320939e+03
1.386864e+03 -1.941478e+02 -2.524606e+03 3.052536e+03 -2.171586e+03 4.794711e+02 -1.208793e+03 9.507694e+02 -2.477594e+03 6.054197e+02 1.338480e+03 -2.824977e+03 3.710024e+02 -4.328656e+03 -5.028108e+02 -1.502034e+03
1.269378e+03 -7.020430e+02 -2.781939e+03 2.289927e+03 -2.339834e+03 5.955801e+02 -1.692483e+03 1.010682e+03 -1.900377e+03 2.835257e+02 1.583916e+03 -2.398760e+03 4.647137e+02 -4.541017e+03 -2.839839e+02 -1.127233e+03
1.232133e+03 -2.937887e+02 -2.465859e+03 2.744842e+03 -2.216583e+03 3.513945e+02 -1.175201e+03 1.046365e+03 -2.378411e+03 6.057827e+02 1.399181e+03 -2.628269e+03 7.130119e+02 -4.039186e+03 -4.447782e+02 -1.335236e+03
1.415366e+03 -6.910812e+02 -2.702468e+03 2.617863e+03 -2.442229e+03 6.185363e+02 -1.591139e+03 9.784445e+02 -2.057165e+03 3.285309e+02 1.465123e+03 -2.643199e+03 2.135791e+02 -4.599400e+03 -4.688641e+02 -1.353530e+03
1.146676e+03 -6.270203e+02 -2.764927e+03 2.079734e+03 -2.249182e+03 4.422641e+02 -1.567976e+03 9.492249e+02 -1.869712e+03 2.238383e+02 1.701846e+03 -2.285949e+03 4.287117e+02 -4.492194e+03 -2.306382e+02 -1.046492e+03
1.496550e+03 -2.458794e+02 -2.486326e+03 2.995844e+03 -2.192723e+03 2.861610e+02 -1.074642e+03 1.190393e+03 -2.280495e+03 6.928764e+02 1.195019e+03 -2.714337e+03 7.482120e+02 -4.168479e+03 -5.296638e+02 -1.403707e+03
1.215366e+03 -3.983285e+02 -2.616057e+03 2.685505e+03 -2.194970e+03 2.872369e+02 -1.208649e+03 9.024629e+02 -2.344388e+03 4.892981e+02 1.533067e+03 -2.670285e+03 6.019008e+02 -4.553879e+03 -4.461663e+02 -1.163676e+03
1.306744e+03 -4.531999e+02 -2.760543e+03 2.855096e+03 -2.400672e+03 3.645347e+02 -1.310848e+03 9.336013e+02 -2.450778e+03 4.834103e+02 1.536067e+03 -2.857551e+03 4.139684e+02 -4.453216e+03 -3.788558e+02 -1.322293e+03
1.105528e+03 -1.666152e+01 -2.261667e+03 2.748219e+03 -2.014419e+03 2.678085e+02 -9.940292e+02 1.020114e+03 -2.334028e+03 7.497371e+02 1.349719e+03 -2.347040e+03 9.305247e+02 -4.112024e+03 -6.266373e+02 -1.241246e+03
1.017959e+03 -7.244332e+01 -2.342357e+03 2.702392e+03 -1.948791e+03 2.439122e+02 -1.021011e+03 8.228598e+02 -2.376020e+03 7.584544e+02 1.373288e+03 -2.360085e+03 1.065206e+03 -4.171558e+03 -5.448244e+02 -1.146946e+03
1.211844e+03 -5.286203e+02 -2.601827e+03 2.566505e+03 -2.321460e+03 3.510733e+02 -1.300820e+03 9.986990e+02 -2.223604e+03 4.157808e+02 1.472931e+03 -2.626989e+03 6.866812e+02 -4.289086e+03 -4.127706e+02 -1.171547e+03
1.231000e+03 -3.142083e+02 -2.446096e+03 2.829505e+03 -2.359901e+03 3.030734e+02 -1.291927e+03 1.151168e+03 -2.339827e+03 4.911043e+02 1.488350e+03 -2.664130e+03 3.942493e+02 -4.105584e+03 -4.028713e+02 -1.341292e+03
1.593967e+03 5.629010e+01 -2.067820e+03 3.184531e+03 -2.194793e+03 6.542350e+02 -1.095020e+03 1.148819e+03 -2.353879e+03 8.599953e+02 1.100834e+03 -2.518019e+03 5.808788e+02 -4.269762e+03 -9.262494e+02 -1.706447e+03
1.295142e+03 -1.623906e+02 -2.310426e+03 2.911224e+03 -2.126758e+03 3.480096e+02 -1.095976e+03 1.034334e+03 -2.361759e+03 7.042360e+02 1.299013e+03 -2.589375e+03 7.207757e+02 -3.974472e+03 -5.351593e+02 -1.469586e+03
1.663577e+03 -6.303004e+01 -2.193594e+03 3.088666e+03 -2.225240e+03 4.843867e+02 -1.131733e+03 1.279499e+03 -2.428172e+03 9.611102e+02 1.072465e+03 -2.582429e+03 7.381797e+02 -4.341547e+03 -8.469623e+02 -1.735788e+03
1.289029e+03 -4.265921e+02 -2.670856e+03 2.783421e+03 -2.236980e+03 3.062916e+02 -1.185552e+03 9.450230e+02 -2.227600e+03 3.572476e+02 1.356855e+03 -2.679260e+03 4.052128e+02 -4.193791e+03 -4.083814e+02 -1.234627e+03
1.241626e+03 -6.070667e+02 -2.879672e+03 2.806379e+03 -2.518304e+03 3.923939e+02 -1.437821e+03 9.513873e+02 -2.516427e+03 3.668539e+02 1.607329e+03 -2.957567e+03 8.235119e+01 -4.414234e+03 -3.225613e+02 -1.339224e+03
1.100338e+03 -3.639367e+02 -2.309005e+03 2.575501e+03 -2.366401e+03 4.669332e+02 -1.263863e+03 9.649108e+02 -2.266357e+03 6.688194e+02 1.491275e+03 -2.440189e+03 8.193702e+02 -4.155210e+03 -4.135780e+02 -1.301602e+03
1.478750e+03 -7.985429e+02 -2.431091e+03 3.112106e+03 -2.809723e+03 7.581496e+02 -1.911145e+03 1.221157e+03 -2.537915e+03 2.297175e+02 1.863955e+03 -3.355005e+03 -4.999569e+02 -4.804513e+03 -2.569083e+02 -1.812061e+03
1.177392e+03 -3.863774e+02 -2.409106e+03 2.454750e+03 -2.181607e+03 5.366892e+02 -1.214296e+03 9.529882e+02 -2.017043e+03 5.734959e+02 1.267409e+03 -2.341818e+03 8.281206e+02 -4.033960e+03 -4.634860e+02 -1.250017e+03
1.487081e+03 -4.690331e+02 -2.473245e+03 2.854386e+03 -2.399677e+03 4.705009e+02 -1.274106e+03 1.084761e+03 -2.481924e+03 5.958600e+02 1.368911e+03 -2.869130e+03 6.017708e+02 -4.282244e+03 -4.700513e+02 -1.473984e+03
1.173682e+03 -5.467400e+01 -2.232398e+03 2.811013e+03 -2.008612e+03 3.051193e+02 -1.060758e+03 8.474783e+02 -2.387871e+03 8.702804e+02 1.215405e+03 -2.413286e+03 9.965959e+02 -4.266272e+03 -5.951513e+02 -1.341426e+03
9.666475e+02 -4.021520e+02 -2.563225e+03 2.366125e+03 -2.145746e+03 2.392004e+02 -1.238221e+03 7.839501e+02 -2.057284e+03 4.590323e+02 1.509396e+03 -2.192098e+03 8.265025e+02 -4.393276e+03 -4.925253e+02 -1.024175e+03
1.112872e+03 -2.132945e+02 -2.626656e+03 2.662550e+03 -2.013867e+03 2.084700e+02 -1.104659e+03 8.020024e+02 -2.220657e+03 4.979744e+02 1.337372e+03 -2.448833e+03 7.865593e+02 -4.263973e+03 -3.843456e+02 -1.140548e+03
1.797788e+03 -1.428071e+02 -2.326451e+03 3.152544e+03 -2.278548e+03 4.892125e+02 -1.341715e+03 1.311239e+03 -2.161891e+03 6.767206e+02 1.266980e+03 -2.578999e+03 6.823540e+02 -4.337897e+03 -6.501964e+02 -1.526865e+03
1.443145e+03 -6.674968e+02 -2.382953e+03 3.100439e+03 -2.725681e+03 5.088403e+02 -1.693402e+03 1.088404e+03 -2.416514e+03 2.958467e+02 1.734701e+03 -3.118737e+03 -1.069315e+02 -4.557476e+03 -2.938517e+02 -1.800864e+03
1.064696e+03 -5.141655e+02 -2.554326e+03 2.133904e+03 -2.276099e+03 5.160788e+02 -1.490174e+03 9.089459e+02 -1.819337e+03 3.788908e+02 1.599731e+03 -2.125230e+03 6.943971e+02 -4.241114e+03 -2.752387e+02 -1.108861e+03
1.630400e+03 -7.857832e+02 -2.832274e+03 3.081947e+03 -2.915444e+03 6.733204e+02 -1.718998e+03 1.289439e+03 -2.642575e+03 2.017679e+02 1.764978e+03 -3.514666e+03 -4.872862e+02 -4.700291e+03 -4.399595e+02 -1.821558e+03
1.145290e+03 -5.032308e+02 -2.632291e+03 2.402204e+03 -2.282562e+03 4.175042e+02 -1.389173e+03 9.240884e+02 -2.013852e+03 3.671493e+02 1.469325e+03 -2.434664e+03 6.216752e+02 -4.261019e+03 -3.355328e+02 -1.130204e+03
1.218326e+03 -3.809784e+02 -2.644873e+03 2.767937e+03 -2.274319e+03 5.003128e+02 -1.350296e+03 9.023053e+02 -2.470548e+03 5.958572e+02 1.378744e+03 -2.790203e+03 4.939512e+02 -4.339826e+03 -4.000621e+02 -1.316460e+03
1.329066e+03 1.535193e+02 -2.324490e+03 2.841554e+03 -1.904649e+03 3.157971e+02 -9.320552e+02 1.090797e+03 -2.242984e+03 8.280781e+02 1.171756e+03 -2.318137e+03 9.414980e+02 -4.036949e+03 -5.170042e+02 -1.285020e+03
1.380531e+03 -7.055627e+02 -2.533793e+03 3.096929e+03 -2.915040e+03 7.032228e+02 -1.802934e+03 1.063227e+03 -2.510628e+03 4.119865e+02 1.781138e+03 -3.071701e+03 -3.241365e+02 -4.134856e+03 -9.645493e+00 -1.885065e+03
1.137166e+03 -4.463429e+02 -2.831913e+03 2.501863e+03 -2.122410e+03 2.058183e+02 -1.412696e+03 8.099570e+02 -2.317121e+03 3.736277e+02 1.558774e+03 -2.600271e+03 8.727945e+02 -4.896005e+03 -1.972345e+02 -9.899209e+02
1.324034e+03 -3.275464e+02 -2.309426e+03 2.992035e+03 -2.319491e+03 4.691365e+02 -1.197547e+03 1.034957e+03 -2.331318e+03 5.605331e+02 1.360840e+03 -2.663868e+03 3.243757e+02 -4.062344e+03 -4.567154e+02 -1.527928e+03
1.309665e+03 1.122991e+02 -2.421995e+03 3.088006e+03 -2.442117e+03 6.365328e+02 -1.128135e+03 1.197972e+03 -2.045132e+03 1.121352e+03 1.632589e+03 -2.323489e+03 2.444280e+02 -3.830231e+03 -6.477825e+02 -1.475058e+03
1.446059e+03 2.939290e+02 -2.246547e+03 3.242045e+03 -2.264327e+03 6.072643e+02 -1.044780e+03 1.050443e+03 -2.051172e+03 1.165572e+03 1.547281e+03 -2.309626e+03 4.266188e+02 -3.877822e+03 -6.260367e+02 -1.543477e+03
2.311348e+03 -2.158408e+02 -2.993356e+03 3.714932e+03 -2.720028e+03 8.163999e+02 -1.830707e+03 1.353198e+03 -2.200775e+03 6.844449e+02 1.950480e+03 -3.325939e+03 -5.931601e+02 -4.808907e+03 7.125975e+01 -1.925137e+03
1.505293e+03 1.257762e+02 -2.446433e+03 3.295601e+03 -2.456103e+03 6.739957e+02 -1.129275e+03 1.097037e+03 -2.137423e+03 1.106826e+03 1.579051e+03 -2.424284e+03 2.082134e+02 -3.984319e+03 -6.442774e+02 -1.516204e+03
2.056825e+03 -5.731887e+02 -3.222277e+03 3.967880e+03 -3.207485e+03 9.627074e+02 -1.984688e+03 1.294463e+03 -2.833503e+03 6.590168e+02 2.016523e+03 -3.825230e+03 -1.185310e+03 -4.776436e+03 2.780729e+01 -2.154336e+03
9.237947e+02 1.062759e+02 -2.033503e+03 3.109424e+03 -2.440533e+03 8.054478e+02 -1.144116e+03 1.103583e+03 -2.112441e+03 9.671084e+02 1.309083e+03 -2.028452e+03 3.764632e+02 -3.882698e+03 -1.150569e+03 -1.489417e+03
9.737724e+02 -3.085998e+02 -2.375235e+03 2.940476e+03 -2.713309e+03 5.962701e+02 -1.206520e+03 1.053202e+03 -2.119286e+03 7.981736e+02 1.552133e+03 -2.275043e+03 1.965594e+02 -4.085613e+03 -9.027455e+02 -1.436286e+03
1.584865e+03 2.711840e+02 -2.002963e+03 3.370507e+03 -1.917431e+03 7.347632e+02 -1.357593e+03 1.131608e+03 -1.573639e+03 8.761945e+02 1.213014e+03 -2.009738e+03 -6.100638e+01 -4.275621e+03 -2.956602e+02 -1.520006e+03
1.406077e+03 2.450516e+02 -2.282342e+03 3.149719e+03 -2.339240e+03 6.795438e+02 -1.128939e+03 1.090145e+03 -2.042875e+03 1.050851e+03 1.502040e+03 -2.253238e+03 -6.150313e+01 -3.962954e+03 -6.475025e+02 -1.537149e+03
1.474743e+03 2.732352e+02 -1.951574e+03 3.132600e+03 -2.134586e+03 7.226930e+02 -1.300265e+03 1.010879e+03 -1.816716e+03 8.197673e+02 1.352377e+03 -2.192872e+03 -1.498223e+02 -4.054281e+03 -5.005621e+02 -1.628787e+03
1.520208e+03 2.020073e+01 -2.541415e+03 3.252643e+03 -2.506564e+03 8.365766e+02 -1.132902e+03 1.059350e+03 -2.226935e+03 1.088701e+03 1.629062e+03 -2.538869e+03 6.923791e+01 -4.136153e+03 -6.853988e+02 -1.534094e+03
1.508477e+03 1.583255e+02 -2.316815e+03 3.186941e+03 -2.185261e+03 7.189474e+02 -9.899413e+02 9.623442e+02 -2.142388e+03 1.047443e+03 1.500069e+03 -2.437379e+03 2.133529e+02 -4.388041e+03 -7.460612e+02 -1.575301e+03
1.536985e+03 -5.887963e+01 -2.616363e+03 3.175000e+03 -2.918137e+03 6.386066e+02 -1.361238e+03 1.177202e+03 -2.282350e+03 9.359932e+02 1.795471e+03 -2.789372e+03 -1.031776e+02 -4.202862e+03 -7.824544e+02 -1.713295e+03
1.342635e+03 3.523762e+02 -2.220017e+03 3.074953e+03 -2.184465e+03 5.776650e+02 -9.558708e+02 9.500324e+02 -2.067005e+03 1.271104e+03 1.632822e+03 -2.122182e+03 6.514703e+02 -4.070590e+03 -8.404914e+02 -1.463957e+03
1.590949e+03 8.562930e+01 -2.430122e+03 3.395142e+03 -2.743058e+03 8.367679e+02 -1.294026e+03 1.047783e+03 -2.381057e+03 1.013432e+03 1.666783e+03 -2.723529e+03 1.461409e+02 -4.469521e+03 -9.230100e+02 -1.612071e+03
1.727359e+03 1.364179e+02 -2.241659e+03 3.332091e+03 -2.199583e+03 7.249733e+02 -1.375543e+03 1.195984e+03 -1.764460e+03 9.023640e+02 1.350931e+03 -2.343942e+03 -2.327388e+02 -4.383806e+03 -5.319137e+02 -1.656989e+03
1.925581e+03 2.091372e+02 -2.700206e+03 3.437807e+03 -2.321519e+03 6.512758e+02 -1.354312e+03 1.140233e+03 -2.012441e+03 9.771505e+02 1.746970e+03 -2.705122e+03 6.129940e+01 -4.509651e+03 -2.136796e+02 -1.568639e+03
1.352937e+03 3.947490e+02 -2.290076e+03 3.277656e+03 -1.999419e+03 6.095399e+02 -9.565117e+02 8.537099e+02 -1.978999e+03 1.032693e+03 1.402410e+03 -2.168630e+03 2.808805e+02 -4.142378e+03 -5.426336e+02 -1.474325e+03
1.480501e+03 1.675924e+02 -2.363469e+03 3.360188e+03 -2.327207e+03 6.734370e+02 -1.430950e+03 9.870680e+02 -2.139367e+03 8.713844e+02 1.726160e+03 -2.712074e+03 -2.354534e+02 -4.194213e+03 -1.563751e+02 -1.689440e+03
1.480554e+03 3.101758e+02 -1.850935e+03 3.270159e+03 -1.976869e+03 7.409232e+02 -1.115770e+03 1.091294e+03 -1.833143e+03 1.027519e+03 1.206927e+03 -2.010629e+03 1.416473e+02 -4.084110e+03 -6.009890e+02 -1.533682e+03
1.368215e+03 2.258161e+02 -2.006530e+03 3.029135e+03 -2.140368e+03 8.256794e+02 -1.464320e+03 1.056654e+03 -2.021191e+03 1.077946e+03 1.288023e+03 -2.166172e+03 3.029055e+01 -4.046989e+03 -5.271130e+02 -1.665792e+03
1.792255e+03 -1.554542e+02 -2.728156e+03 3.321720e+03 -2.757139e+03 7.936947e+02 -1.389251e+03 1.257824e+03 -2.159137e+03 9.138481e+02 1.615660e+03 -2.843013e+03 -4.120319e+02 -4.250919e+03 -6.003248e+02 -1.742137e+03
1.189906e+03 3.413837e+02 -2.203407e+03 2.784814e+03 -2.287223e+03 4.752008e+02 -1.141366e+03 1.182171e+03 -1.903171e+03 1.149149e+03 1.571536e+03 -2.086260e+03 5.347432e+02 -3.845775e+03 -7.660182e+02 -1.453518e+03
1.516001e+03 2.868264e+02 -2.178590e+03 3.136963e+03 -2.085293e+03 6.122251e+02 -1.070135e+03 1.074209e+03 -1.882832e+03 1.072033e+03 1.375136e+03 -2.140148e+03 2.121155e+02 -4.147575e+03 -7.524437e+02 -1.437950e+03
1.461567e+03 2.486269e+02 -2.118802e+03 2.923057e+03 -2.168799e+03 6.751258e+02 -1.203639e+03 1.115764e+03 -1.910597e+03 1.039630e+03 1.512469e+03 -2.131118e+03 1.964020e+02 -4.128972e+03 -7.237356e+02 -1.478222e+03
2.002904e+03 -1.695240e+02 -2.879753e+03 3.383734e+03 -2.864468e+03 6.375845e+02 -1.652744e+03 1.333052e+03 -2.259129e+03 8.523273e+02 1.923306e+03 -3.140187e+03 -2.274123e+02 -4.544489e+03 -2.542095e+02 -1.780726e+03
1.651094e+03 4.140322e+02 -2.306891e+03 3.474432e+03 -1.851027e+03 4.853596e+02 -1.174158e+03 9.061327e+02 -1.949156e+03 9.149821e+02 1.585920e+03 -2.359388e+03 4.908400e+02 -4.705330e+03 -3.834987e+02 -1.553523e+03
1.265356e+03 4.653746e+02 -2.058788e+03 3.044763e+03 -2.125566e+03 5.781642e+02 -8.860869e+02 9.836852e+02 -2.077776e+03 1.170332e+03 1.485965e+03 -1.973928e+03 4.653813e+02 -4.012872e+03 -8.259665e+02 -1.382980e+03
1.399211e+03 -8.259097e+01 -2.480253e+03 3.261701e+03 -2.841195e+03 8.843080e+02 -1.261441e+03 1.027453e+03 -2.338922e+03 9.951385e+02 1.432731e+03 -2.650068e+03 -2.253122e+02 -4.225557e+03 -1.006190e+03 -1.747922e+03
1.359963e+03 2.791413e+02 -2.268045e+03 2.965337e+03 -2.199536e+03 6.313264e+02 -1.328293e+03 1.219150e+03 -1.809648e+03 1.021862e+03 1.488663e+03 -2.075500e+03 2.350354e+02 -3.997725e+03 -4.990410e+02 -1.427478e+03
2.193990e+03 -1.626741e+01 -2.838066e+03 3.755985e+03 -2.546300e+03 8.357719e+02 -1.509005e+03 1.246170e+03 -2.128947e+03 8.475867e+02 1.755038e+03 -3.126940e+03 -3.787143e+02 -4.640874e+03 -4.236483e+01 -1.816813e+03
1.171596e+03 4.093562e+02 -2.085172e+03 3.068484e+03 -2.020037e+03 5.371367e+02 -8.441144e+02 7.674722e+02 -2.107044e+03 1.239552e+03 1.479355e+03 -2.102131e+03 5.945462e+02 -4.080748e+03 -7.589239e+02 -1.565113e+03
2.028308e+03 -8.069745e+02 -2.951886e+03 3.617147e+03 -3.152292e+03 7.059297e+02 -2.012593e+03 1.317772e+03 -2.263451e+03 3.874686e+02 2.021992e+03 -3.492176e+03 -6.654135e+02 -4.822090e+03 1.269586e+02 -1.864777e+03
1.459398e+03 2.196026e+02 -2.095536e+03 2.997174e+03 -2.263352e+03 7.068211e+02 -1.071066e+03 1.136439e+03 -1.932830e+03 1.042550e+03 1.378597e+03 -2.180595e+03 1.911476e+02 -4.088950e+03 -8.629150e+02 -1.465515e+03
1.382444e+03 3.995503e+02 -2.213589e+03 3.086117e+03 -2.079838e+03 5.033602e+02 -1.137523e+03 9.840191e+02 -1.835028e+03 1.070466e+03 1.506268e+03 -2.091643e+03 2.103568e+02 -4.004851e+03 -6.258589e+02 -1.469193e+03
1.595364e+03 2.235954e+02 -2.057503e+03 3.202755e+03 -2.018184e+03 6.515534e+02 -1.232718e+03 1.010864e+03 -1.760266e+03 9.640614e+02 1.373373e+03 -2.161942e+03 1.234022e+02 -4.369116e+03 -7.046676e+02 -1.608687e+03
1.815409e+03 2.237613e+01 -2.794494e+03 3.283075e+03 -2.695252e+03 6.382065e+02 -1.376959e+03 1.358322e+03 -2.227455e+03 9.065761e+02 1.635299e+03 -2.924850e+03 -3.967922e+02 -4.268124e+03 -3.603282e+02 -1.764288e+03
1.048754e+03 -1.629902e+02 -2.460953e+03 2.939150e+03 -2.829689e+03 6.017618e+02 -1.190582e+03 1.048740e+03 -2.115837e+03 9.373966e+02 1.538039e+03 -2.184234e+03 1.953050e+02 -3.768403e+03 -8.276380e+02 -1.475916e+03
2.081770e+03 -2.651904e+02 -2.712718e+03 3.524443e+03 -2.686173e+03 6.480506e+02 -1.579674e+03 1.155497e+03 -2.280057e+03 7.811215e+02 1.983867e+03 -3.255932e+03 -1.149978e+02 -4.824539e+03 -2.404069e+02 -1.832957e+03
1.629614e+03 -1.117352e+02 -2.290256e+03 3.238542e+03 -2.339261e+03 7.568424e+02 -1.592312e+03 1.284442e+03 -1.896993e+03 6.358495e+02 1.386968e+03 -2.622571e+03 -6.446373e+02 -4.255635e+03 -3.480231e+02 -1.799570e+03
1.572369e+03 -2.545971e+02 -2.840647e+03 3.298790e+03 -3.106833e+03 6.465075e+02 -1.412356e+03 1.300546e+03 -2.257478e+03 8.552053e+02 1.808339e+03 -2.851884e+03 -2.215707e+02 -4.069830e+03 -4.711313e+02 -1.653706e+03
1.296468e+03 -1.127460e+02 -2.505175e+03 3.011816e+03 -2.667684e+03 4.301942e+02 -1.224357e+03 1.319390e+03 -2.142875e+03 8.922290e+02 1.771051e+03 -2.533070e+03 2.905095e+02 -4.008696e+03 -6.151119e+02 -1.404036e+03
1.270193e+03 4.989513e+02 -1.941617e+03 2.972000e+03 -1.856029e+03 4.818488e+02 -9.616286e+02 9.286461e+02 -1.834687e+03 1.117018e+03 1.357982e+03 -1.943929e+03 3.346699e+02 -4.072096e+03 -7.804181e+02 -1.540165e+03
1.562647e+03 2.604775e+02 -2.603400e+03 3.226511e+03 -2.470228e+03 6.314524e+02 -9.894451e+02 9.397590e+02 -2.287549e+03 1.105362e+03 1.623783e+03 -2.545516e+03 1.451407e+02 -4.198117e+03 -6.695064e+02 -1.579296e+03
1.495704e+03 2.707014e+02 -2.152583e+03 2.945931e+03 -2.065749e+03 5.745812e+02 -1.115383e+03 9.873952e+02 -1.861556e+03 1.065651e+03 1.472251e+03 -2.189286e+03 3.496810e+02 -4.370667e+03 -9.033312e+02 -1.576684e+03
1.172564e+03 2.401457e+02 -2.117421e+03 2.897788e+03 -2.238109e+03 6.208143e+02 -9.529846e+02 1.177427e+03 -1.954442e+03 1.021146e+03 1.397850e+03 -2.098283e+03 3.820138e+02 -3.896662e+03 -8.546473e+02 -1.258341e+03
1.766697e+03 -4.927647e+02 -2.719424e+03 3.360689e+03 -3.065747e+03 6.505313e+02 -1.537452e+03 1.130922e+03 -2.592861e+03 8.313083e+02 1.948284e+03 -3.272331e+03 3.739639e+01 -5.043216e+03 -6.924355e+02 -1.989760e+03
1.418783e+03 1.696241e+02 -2.256443e+03 3.171996e+03 -2.256313e+03 7.780199e+02 -1.007518e+03 1.037125e+03 -2.106464e+03 1.122726e+03 1.505270e+03 -2.303162e+03 2.920608e+02 -4.045592e+03 -7.786839e+02 -1.535519e+03
1.951076e+03 1.561447e+02 -2.559400e+03 3.427259e+03 -2.348488e+03 7.076222e+02 -1.307438e+03 1.223374e+03 -1.949314e+03 9.167159e+02 1.764305e+03 -2.600991e+03 4.052215e+01 -4.435259e+03 -3.726218e+02 -1.507329e+03
2.455334e+03 -2.288978e+02 -3.001549e+03 3.964242e+03 -2.754997e+03 8.337785e+02 -1.903480e+03 1.395725e+03 -2.188611e+03 7.300615e+02 1.900373e+03 -3.441736e+03 -6.131859e+02 -4.974900e+03 1.281805e+02 -1.999363e+03
1.173662e+03 3.602308e+02 -2.220428e+03 3.118857e+03 -2.118568e+03 5.331231e+02 -8.754536e+02 9.023824e+02 -2.056228e+03 1.233375e+03 1.496782e+03 -2.061710e+03 6.675850e+02 -3.930279e+03 -6.953082e+02 -1.367063e+03
1.643423e+03 7.945145e+01 -2.460010e+03 3.311526e+03 -2.420058e+03 6.678081e+02 -1.345981e+03 1.140970e+03 -2.040786e+03 7.692032e+02 1.649220e+03 -2.621267e+03 -3.097458e+02 -4.169861e+03 -3.074243e+02 -1.698959e+03
2.024968e+03 -5.525637e+02 -2.782256e+03 3.521997e+03 -3.027329e+03 8.339838e+02 -1.729809e+03 1.338023e+03 -2.188328e+03 7.238413e+02 1.928715e+03 -3.242239e+03 -3.300643e+02 -4.672417e+03 -3.389874e+02 -1.890110e+03
1.236376e+03 3.463679e+01 -2.470232e+03 3.134686e+03 -2.542123e+03 5.765809e+02 -9.730354e+02 9.923305e+02 -2.261310e+03 1.194558e+03 1.439404e+03 -2.401176e+03 3.928533e+02 -4.066205e+03 -9.676820e+02 -1.516485e+03
1.377889e+03 2.607694e+02 -2.394592e+03 3.073484e+03 -2.352767e+03 4.184272e+02 -1.071061e+03 1.036112e+03 -2.051525e+03 1.082226e+03 1.675637e+03 -2.278872e+03 3.220392e+02 -3.989459e+03 -6.611064e+02 -1.517466e+03
9.714607e+02 -4.298113e+01 -2.288792e+03 2.942460e+03 -2.519618e+03 4.816496e+02 -1.116736e+03 1.048739e+03 -2.082305e+03 9.292336e+02 1.423338e+03 -2.112661e+03 3.081707e+02 -3.933324e+03 -1.041621e+03 -1.450858e+03
2.743877e+03 -1.640866e+03 -3.449418e+03 4.774442e+03 -4.148560e+03 1.286635e+03 -3.306341e+03 1.646453e+03 -3.406186e+03 1.929583e+02 2.521916e+03 -5.524705e+03 -2.315968e+03 -5.326962e+03 9.487111e+02 -3.287834e+03
8.784693e+02 3.022668e+02 -1.887900e+03 2.843183e+03 -2.107441e+03 5.339830e+02 -7.632206e+02 9.303337e+02 -1.978326e+03 1.155522e+03 1.407471e+03 -1.825177e+03 7.490302e+02 -3.881277e+03 -9.609387e+02 -1.238922e+03
1.697731e+03 7.556273e+01 -2.313988e+03 3.311150e+03 -2.180115e+03 7.802356e+02 -1.188374e+03 1.034739e+03 -1.926556e+03 8.984583e+02 1.469695e+03 -2.454763e+03 -1.111198e+02 -4.243165e+03 -5.521931e+02 -1.560132e+03
1.490992e+03 5.122529e+02 -2.378119e+03 3.192551e+03 -2.158384e+03 6.106790e+02 -1.031352e+03 9.441908e+02 -2.039201e+03 1.165769e+03 1.719587e+03 -2.309973e+03 4.438753e+02 -4.163958e+03 -5.082786e+02 -1.470481e+03
1.439512e+03 3.900003e+02 -1.825466e+03 3.180657e+03 -1.940335e+03 6.993420e+02 -1.216952e+03 1.040689e+03 -1.744092e+03 8.634836e+02 1.196881e+03 -1.989972e+03 -9.264698e+01 -4.188296e+03 -5.850870e+02 -1.590962e+03
8.744061e+02 2.117792e+02 -2.277786e+03 2.873217e+03 -2.246778e+03 5.421541e+02 -8.325399e+02 9.647315e+02 -2.063094e+03 1.055315e+03 1.497108e+03 -1.981161e+03 3.449905e+02 -3.857468e+03 -8.307793e+02 -1.311299e+03
1.896068e+03 1.007522e+02 -2.675740e+03 3.558538e+03 -2.465964e+03 7.798526e+02 -1.262474e+03 1.232685e+03 -2.181969e+03 9.750796e+02 1.531741e+03 -2.809766e+03 -2.439585e+02 -4.371189e+03 -3.387648e+02 -1.659029e+03
1.143322e+03 -2.945574e-01 -2.395152e+03 3.244607e+03 -2.393803e+03 6.692208e+02 -1.045276e+03 9.777223e+02 -2.185010e+03 1.140799e+03 1.391218e+03 -2.289880e+03 1.465773e+02 -3.762731e+03 -7.129956e+02 -1.597589e+03
1.930718e+03 2.805500e+01 -2.612737e+03 3.474555e+03 -2.450424e+03 7.078935e+02 -1.587085e+03 1.104589e+03 -2.260677e+03 8.721651e+02 1.812305e+03 -3.113796e+03 -1.057904e+02 -4.607700e+03 -1.602440e+02 -1.749988e+03
1.284364e+03 1.563764e+02 -2.374930e+03 2.972077e+03 -2.396102e+03 6.232973e+02 -1.162863e+03 1.228480e+03 -2.004806e+03 9.376880e+02 1.615924e+03 -2.295325e+03 2.339099e+02 -3.956428e+03 -7.369132e+02 -1.362276e+03
9.447899e+02 4.183006e+02 -2.025129e+03 2.696926e+03 -2.102321e+03 5.042290e+02 -7.005450e+02 1.024767e+03 -1.988313e+03 1.110964e+03 1.472597e+03 -1.887341e+03 8.547255e+02 -4.009324e+03 -1.023782e+03 -1.095927e+03
1.541965e+03 1.789250e+02 -2.318344e+03 3.258720e+03 -2.324579e+03 7.004851e+02 -1.266165e+03 1.106602e+03 -1.836081e+03 8.852568e+02 1.457233e+03 -2.381898e+03 -3.210246e+02 -3.941960e+03 -3.917272e+02 -1.613044e+03
1.555422e+03 1.486714e+02 -2.064425e+03 3.278851e+03 -2.119760e+03 8.061960e+02 -1.300939e+03 1.052416e+03 -1.745061e+03 8.227417e+02 1.304937e+03 -2.219926e+03 -2.794462e+02 -4.129505e+03 -4.271351e+02 -1.635669e+03
1.610555e+03 8.157746e+01 -2.397100e+03 3.159694e+03 -2.533586e+03 7.070350e+02 -1.220845e+03 1.212461e+03 -2.017841e+03 9.587803e+02 1.641978e+03 -2.462476e+03 3.383948e+01 -3.986566e+03 -6.597040e+02 -1.547689e+03
2.463589e+03 -7.736974e+02 -2.990028e+03 3.701603e+03 -3.186224e+03 8.075753e+02 -2.002390e+03 1.414684e+03 -2.489510e+03 6.139950e+02 2.128627e+03 -3.911510e+03 -5.654096e+02 -5.300868e+03 -3.218577e+02 -2.111228e+03
1.668063e+03 1.873200e+02 -2.252106e+03 3.203977e+03 -2.122504e+03 6.277347e+02 -1.372492e+03 1.096318e+03 -1.758821e+03 9.480328e+02 1.464851e+03 -2.285719e+03 6.241193e+01 -4.373015e+03 -5.669353e+02 -1.605263e+03
1.874664e+03 -3.673992e+02 -2.575267e+03 3.359031e+03 -2.682047e+03 5.518685e+02 -1.655903e+03 1.082394e+03 -2.359929e+03 7.595594e+02 2.117080e+03 -3.321712e+03 -6.246636e+00 -4.715870e+03 -2.128415e+02 -1.892647e+03
1.157905e+03 2.067633e+02 -2.275657e+03 3.136020e+03 -2.254890e+03 5.502604e+02 -9.031921e+02 8.864262e+02 -2.165884e+03 1.173363e+03 1.483491e+03 -2.185613e+03 3.521398e+02 -4.003018e+03 -8.417172e+02 -1.593319e+03
1.587734e+03 9.416015e+01 -2.013959e+03 3.350797e+03 -2.057274e+03 7.053250e+02 -1.594552e+03 1.134975e+03 -1.722863e+03 7.896288e+02 1.245302e+03 -2.259757e+03 -2.156942e+02 -4.575545e+03 -4.974833e+02 -1.757339e+03
1.405676e+03 2.606172e+02 -2.178321e+03 3.081609e+03 -2.332398e+03 6.512268e+02 -1.215488e+03 1.114619e+03 -1.929456e+03 1.241676e+03 1.504353e+03 -2.195567e+03 3.706392e+02 -3.968676e+03 -6.529822e+02 -1.573171e+03
2.434325e+03 -1.520934e+02 -2.981502e+03 3.947966e+03 -2.706251e+03 8.967929e+02 -1.736700e+03 1.428781e+03 -2.170460e+03 7.476403e+02 1.803056e+03 -3.399706e+03 -6.297364e+02 -4.761707e+03 3.755227e+01 -1.976839e+03
1.467417e+03 2.818532e+02 -1.998770e+03 3.086775e+03 -2.130636e+03 7.144914e+02 -1.421573e+03 1.117454e+03 -1.796152e+03 8.938019e+02 1.413941e+03 -2.078972e+03 3.168597e+01 -4.294029e+03 -5.445772e+02 -1.594342e+03
1.298782e+03 2.759068e+02 -2.275713e+03 3.130075e+03 -2.309820e+03 5.806032e+02 -8.620077e+02 8.378798e+02 -2.158585e+03 1.172968e+03 1.497094e+03 -2.222218e+03 4.435576e+02 -4.039528e+03 -8.201393e+02 -1.532137e+03
1.560527e+03 1.029889e+02 -2.068018e+03 3.266666e+03 -1.996371e+03 7.375453e+02 -1.465583e+03 1.227941e+03 -1.677931e+03 7.058843e+02 1.199316e+03 -2.265784e+03 -4.583732e+02 -4.369880e+03 -3.432198e+02 -1.614876e+03
1.681068e+03 5.303255e+01 -2.728030e+03 3.319537e+03 -2.718821e+03 5.133237e+02 -1.326270e+03 1.153216e+03 -2.220930e+03 8.641984e+02 1.842989e+03 -2.809739e+03 -2.493541e+02 -4.255213e+03 -4.350926e+02 -1.674863e+03
1.512382e+03 2.268117e+02 -2.034177e+03 3.102163e+03 -2.057554e+03 6.359872e+02 -1.164537e+03 1.075133e+03 -1.830079e+03 1.068823e+03 1.441866e+03 -2.200478e+03 1.994377e+02 -4.186885e+03 -7.053600e+02 -1.607008e+03
9.971285e+02 3.489317e+02 -2.262742e+03 2.698549e+03 -2.136884e+03 4.687269e+02 -7.940752e+02 1.167173e+03 -1.967176e+03 1.050057e+03 1.486731e+03 -1.973923e+03 5.302533e+02 -3.915371e+03 -9.029924e+02 -1.154908e+03
1.447666e+03 4.830160e+02 -1.743349e+03 3.097197e+03 -1.772731e+03 5.870433e+02 -1.004081e+03 9.795989e+02 -1.777724e+03 1.085195e+03 1.263955e+03 -1.776805e+03 6.112709e+02 -4.306278e+03 -8.433611e+02 -1.471772e+03
8.584261e+02 6.611067e+02 -2.160158e+03 3.157157e+03 -2.232187e+03 7.312750e+02 -1.235989e+03 1.067229e+03 -2.160098e+03 7.593362e+02 1.561179e+03 -2.099590e+03 3.469309e+02 -3.623925e+03 -8.147107e+02 -1.469811e+03
2.085575e+03 -5.751299e+02 -2.718275e+03 3.490071e+03 -2.938669e+03 7.293316e+02 -1.832550e+03 1.223282e+03 -2.256052e+03 6.968695e+02 2.005129e+03 -3.302202e+03 -2.023187e+02 -4.831798e+03 -2.498430e+02 -2.056758e+03
1.961524e+03 -1.143897e+02 -2.477971e+03 3.457778e+03 -2.473146e+03 6.452995e+02 -1.476235e+03 1.052969e+03 -2.017414e+03 8.139577e+02 1.783870e+03 -2.769423e+03 7.013512e+01 -4.824198e+03 -2.684246e+02 -1.800784e+03
1.568072e+03 1.631850e+02 -2.373669e+03 3.246586e+03 -2.231419e+03 6.193280e+02 -1.100011e+03 1.019603e+03 -1.916156e+03 1.004467e+03 1.485950e+03 -2.346659e+03 1.391984e+02 -4.123249e+03 -5.812804e+02 -1.500221e+03
1.066888e+03 2.465508e+02 -2.223734e+03 3.079799e+03 -2.182390e+03 4.923968e+02 -9.027110e+02 9.222378e+02 -2.093064e+03 1.126844e+03 1.444596e+03 -2.036466e+03 3.860814e+02 -3.927908e+03 -8.266921e+02 -1.444387e+03
1.501548e+03 1.885550e+02 -2.278804e+03 3.091628e+03 -2.453718e+03 6.939731e+02 -1.077508e+03 1.098541e+03 -2.070059e+03 1.161018e+03 1.669027e+03 -2.335885e+03 3.695950e+02 -3.989336e+03 -6.813243e+02 -1.510318e+03
1.589565e+03 3.351931e+02 -2.224240e+03 3.178339e+03 -2.065194e+03 6.129968e+02 -1.008734e+03 8.599806e+02 -1.959370e+03 1.128935e+03 1.521797e+03 -2.183395e+03 5.046930e+02 -4.296627e+03 -7.442741e+02 -1.442984e+03
1.559582e+03 3.636995e+02 -2.188872e+03 3.192685e+03 -2.150187e+03 6.088710e+02 -1.066787e+03 9.311561e+02 -2.122016e+03 1.177963e+03 1.558734e+03 -2.353039e+03 5.509845e+02 -4.333161e+03 -7.015078e+02 -1.589667e+03
1.553220e+03 8.441055e+01 -2.346399e+03 3.329754e+03 -2.319657e+03 8.568616e+02 -1.029334e+03 1.000362e+03 -2.141434e+03 1.112090e+03 1.441291e+03 -2.470115e+03 2.773013e+01 -4.234490e+03 -7.546799e+02 -1.696708e+03
1.861435e+03 5.153394e+01 -2.610846e+03 3.430006e+03 -2.438983e+03 7.918712e+02 -1.230633e+03 1.097098e+03 -2.130264e+03 9.335190e+02 1.583446e+03 -2.725737e+03 -2.980251e+01 -4.389948e+03 -5.781182e+02 -1.572278e+03
1.418802e+03 2.700021e+02 -2.373655e+03 3.311306e+03 -2.257338e+03 6.554914e+02 -9.865308e+02 9.233356e+02 -2.113794e+03 1.108992e+03 1.457703e+03 -2.305505e+03 1.670623e+02 -4.110549e+03 -6.245677e+02 -1.525363e+03
1.531389e+03 2.161969e+02 -2.444051e+03 3.086518e+03 -2.503803e+03 5.272126e+02 -1.250940e+03 1.041286e+03 -2.071915e+03 1.014713e+03 1.816482e+03 -2.470165e+03 4.538740e+01 -4.067895e+03 -6.485274e+02 -1.614989e+03
2.114603e+03 -1.102850e+02 -2.932252e+03 3.521979e+03 -2.710663e+03 7.540798e+02 -1.576030e+03 1.304525e+03 -2.064891e+03 8.291285e+02 1.875266e+03 -3.088106e+03 -2.993046e+02 -4.515315e+03 -1.343604e+02 -1.723692e+03
1.406309e+03 4.340316e+00 -2.478159e+03 3.155083e+03 -2.520971e+03 7.051444e+02 -1.065126e+03 1.008922e+03 -2.132822e+03 1.015751e+03 1.574071e+03 -2.473046e+03 -1.193793e+02 -3.926606e+03 -6.804638e+02 -1.636406e+03
1.528817e+03 2.159851e+02 -2.210151e+03 3.274615e+03 -2.220101e+03 7.654319e+02 -9.755016e+02 9.397475e+02 -2.086558e+03 1.172090e+03 1.397854e+03 -2.305936e+03 3.540718e+02 -4.142693e+03 -7.390053e+02 -1.551014e+03
1.735007e+03 1.252526e+02 -2.517014e+03 3.315054e+03 -2.334942e+03 6.841386e+02 -1.234266e+03 1.165268e+03 -1.970548e+03 9.716901e+02 1.635430e+03 -2.552078e+03 6.896398e+00 -4.132467e+03 -3.552026e+02 -1.542784e+03
1.884104e+03 -9.028516e+00 -2.778770e+03 3.565256e+03 -2.573806e+03 9.147402e+02 -1.302189e+03 1.095825e+03 -2.284964e+03 9.828743e+02 1.736807e+03 -2.928655e+03 -3.441378e+02 -4.407395e+03 -3.230191e+02 -1.718596e+03
1.437119e+03 2.636013e+02 -2.218161e+03 3.245169e+03 -2.269811e+03 6.661098e+02 -1.027676e+03 9.582330e+02 -2.190831e+03 1.206511e+03 1.550989e+03 -2.324221e+03 3.794143e+02 -4.117491e+03 -7.400254e+02 -1.538782e+03
1.552977e+03 1.813233e+02 -2.055068e+03 3.244776e+03 -2.157203e+03 7.720208e+02 -1.116502e+03 1.048258e+03 -1.927152e+03 1.082783e+03 1.305164e+03 -2.237209e+03 2.014237e+02 -4.176398e+03 -7.650077e+02 -1.510976e+03
1.153620e+03 4.816791e+01 -2.496102e+03 3.150301e+03 -2.335435e+03 6.247932e+02 -1.021396e+03 1.041870e+03 -2.148504e+03 1.049176e+03 1.438622e+03 -2.280811e+03 8.009893e+01 -3.921980e+03 -7.957356e+02 -1.465701e+03
1.484449e+03 2.743460e+02 -2.426692e+03 3.218125e+03 -2.321929e+03 6.122191e+02 -1.016334e+03 1.011511e+03 -2.096214e+03 1.129758e+03 1.591024e+03 -2.329163e+03 2.854858e+02 -4.010565e+03 -6.084323e+02 -1.442753e+03
1.528605e+03 1.943602e+02 -2.227706e+03 3.039216e+03 -2.296095e+03 5.222456e+02 -1.309383e+03 1.158529e+03 -1.958837e+03 8.256393e+02 1.570487e+03 -2.331998e+03 2.749881e+01 -4.390502e+03 -7.324772e+02 -1.522494e+03
1.611687e+03 4.280544e+02 -2.101281e+03 3.192513e+03 -1.859265e+03 5.526590e+02 -1.078382e+03 9.336230e+02 -1.759379e+03 1.023124e+03 1.429223e+03 -1.990579e+03 4.314274e+02 -4.492167e+03 -6.696293e+02 -1.477275e+03
2.960866e+03 -1.768078e+03 -3.671746e+03 4.895563e+03 -4.398014e+03 1.293646e+03 -3.733293e+03 1.745577e+03 -3.334697e+03 -4.794895e+01 2.660908e+03 -5.817073e+03 -2.609220e+03 -5.479521e+03 1.310498e+03 -3.441880e+03
1.262573e+03 2.645550e+02 -2.168802e+03 3.183526e+03 -2.171063e+03 5.478306e+02 -8.411138e+02 9.294026e+02 -2.032833e+03 1.191158e+03 1.364959e+03 -2.062534e+03 6.716440e+02 -4.011423e+03 -8.801647e+02 -1.357625e+03
1.592062e+03 -2.138404e+01 -2.193251e+03 3.308703e+03 -2.285436e+03 8.335866e+02 -1.463264e+03 1.243689e+03 -1.759928e+03 8.819364e+02 1.263781e+03 -2.266559e+03 -1.555704e+02 -4.136992e+03 -4.207922e+02 -1.578399e+03
1.233906e+03 3.821365e+02 -2.070422e+03 3.078645e+03 -2.099705e+03 5.895846e+02 -7.826178e+02 7.576781e+02 -2.109557e+03 1.341594e+03 1.480753e+03 -1.973849e+03 9.111952e+02 -4.074275e+03 -8.977529e+02 -1.345347e+03
1.623703e+03 2.412399e+02 -2.126411e+03 3.286539e+03 -2.096870e+03 7.645229e+02 -9.934984e+02 8.664433e+02 -2.113192e+03 1.085969e+03 1.447583e+03 -2.452106e+03 2.738466e+02 -4.273234e+03 -6.507917e+02 -1.648258e+03
1.340694e+03 4.590867e+02 -1.691596e+03 2.966654e+03 -1.897993e+03 6.006882e+02 -1.244166e+03 9.819746e+02 -1.925102e+03 9.963303e+02 1.434308e+03 -2.156901e+03 1.446294e+02 -3.851008e+03 -4.295581e+02 -1.512703e+03
1.741396e+03 9.399337e+01 -2.297380e+03 3.344983e+03 -2.203918e+03 7.491376e+02 -1.349440e+03 1.107295e+03 -1.787339e+03 9.423395e+02 1.367016e+03 -2.401599e+03 -1.272976e+02 -4.290996e+03 -5.512765e+02 -1.623551e+03
1.784844e+03 1.038235e+02 -2.428827e+03 3.451257e+03 -2.225174e+03 7.920430e+02 -1.305448e+03 1.125104e+03 -1.930163e+03 9.288362e+02 1.529604e+03 -2.536411e+03 -7.667272e+01 -4.347890e+03 -2.436805e+02 -1.521090e+03
9.915007e+02 4.836976e+02 -2.057037e+03 3.200818e+03 -1.914851e+03 8.318168e+02 -1.374480e+03 9.724017e+02 -2.294676e+03 9.564729e+02 1.249984e+03 -2.212149e+03 -2.269146e+02 -3.695412e+03 -1.270525e+02 -1.563557e+03
1.604475e+03 -2.807907e+01 -2.317404e+03 3.251572e+03 -2.331999e+03 8.360909e+02 -1.174843e+03 1.111263e+03 -2.061071e+03 1.007780e+03 1.362131e+03 -2.511965e+03 -8.262348e+01 -4.159790e+03 -7.199992e+02 -1.626257e+03
1.215701e+03 2.416379e+02 -2.322008e+03 2.868713e+03 -2.380427e+03 5.674543e+02 -1.089734e+03 1.233320e+03 -2.052513e+03 1.030173e+03 1.523772e+03 -2.257222e+03 1.635771e+02 -3.801154e+03 -6.004396e+02 -1.488273e+03
1.834698e+03 -1.175399e+02 -2.336583e+03 3.138706e+03 -2.599983e+03 5.926085e+02 -1.490158e+03 1.083444e+03 -2.351907e+03 8.795452e+02 1.873750e+03 -3.028015e+03 6.355237e+01 -4.580630e+03 -4.901005e+02 -1.837984e+03
1.272092e+03 2.914998e+02 -2.102461e+03 3.203685e+03 -2.172356e+03 8.047616e+02 -1.313756e+03 1.024891e+03 -2.211945e+03 8.736650e+02 1.437549e+03 -2.488690e+03 -3.027902e+02 -3.934642e+03 -2.189935e+02 -1.661316e+03
1.761786e+03 2.346619e+01 -2.278739e+03 3.300262e+03 -2.322385e+03 8.227845e+02 -1.236531e+03 1.184045e+03 -1.869155e+03 9.333365e+02 1.385303e+03 -2.478128e+03 -1.886886e+02 -4.234739e+03 -5.306163e+02 -1.633746e+03
1.578283e+03 1.822076e+02 -2.232381e+03 3.233656e+03 -2.293293e+03 6.371826e+02 -1.490671e+03 1.227527e+03 -1.948724e+03 7.126365e+02 1.479753e+03 -2.710560e+03 -4.032329e+02 -4.317467e+03 -3.633382e+02 -1.785748e+03
1.518241e+03 -1.282649e+02 -2.535797e+03 3.078760e+03 -2.809154e+03 7.133464e+02 -1.240597e+03 1.177263e+03 -2.343056e+03 1.103142e+03 1.607533e+03 -2.682305e+03 -4.695367e+01 -4.252626e+03 -8.550371e+02 -1.819340e+03
1.465637e+03 3.009010e+02 -2.371083e+03 3.121286e+03 -2.124150e+03 4.913521e+02 -1.109457e+03 9.827636e+02 -1.863542e+03 1.013084e+03 1.519993e+03 -2.267183e+03 1.782189e+02 -4.133638e+03 -6.340951e+02 -1.518159e+03
1.498039e+03 1.118320e+02 -1.969762e+03 3.312643e+03 -2.039817e+03 7.746644e+02 -1.466177e+03 1.169784e+03 -1.735313e+03 7.648621e+02 1.124811e+03 -2.181482e+03 -3.949959e+02 -4.336738e+03 -4.339581e+02 -1.629130e+03
1.772999e+03 4.872667e+01 -2.655173e+03 3.477305e+03 -2.333644e+03 7.963493e+02 -1.365038e+03 1.218740e+03 -1.993165e+03 9.025328e+02 1.556922e+03 -2.722161e+03 -3.347568e+02 -4.223827e+03 -7.647921e+01 -1.635597e+03
1.647547e+03 5.129179e+01 -2.565431e+03 3.345862e+03 -2.495138e+03 7.548660e+02 -1.272618e+03 1.184058e+03 -2.099483e+03 1.042970e+03 1.595357e+03 -2.613859e+03 -1.625725e+02 -4.038107e+03 -4.602472e+02 -1.586316e+03
1.465606e+03 9.354341e+01 -2.419565e+03 3.161494e+03 -2.400993e+03 3.984982e+02 -1.354578e+03 1.000399e+03 -1.916780e+03 8.737279e+02 1.770317e+03 -2.505812e+03 1.688120e+02 -4.228081e+03 -3.116034e+02 -1.634139e+03
1.997106e+03 -3.453133e+02 -2.696815e+03 3.474815e+03 -2.817758e+03 7.861839e+02 -1.588338e+03 1.225441e+03 -2.245968e+03 8.063510e+02 1.748344e+03 -3.226646e+03 -3.037209e+02 -4.583923e+03 -4.451756e+02 -1.993552e+03
2.050243e+03 1.489342e+02 -2.662583e+03 3.448593e+03 -2.617554e+03 6.690954e+02 -1.381192e+03 1.138437e+03 -2.237705e+03 1.060546e+03 1.849011e+03 -2.879230e+03 3.496667e+02 -4.580234e+03 -3.807761e+02 -1.643887e+03
1.449017e+03 1.611352e+01 -2.369972e+03 3.205965e+03 -2.302699e+03 8.122360e+02 -1.326464e+03 1.237195e+03 -1.846961e+03 9.561823e+02 1.318876e+03 -2.326690e+03 -1.617753e+02 -4.059014e+03 -5.809643e+02 -1.499382e+03
1.657857e+03 -9.788249e+01 -2.596306e+03 3.281311e+03 -2.786361e+03 7.483703e+02 -1.283850e+03 1.142823e+03 -2.369255e+03 1.033565e+03 1.650562e+03 -2.833117e+03 -7.638831e+01 -4.280214e+03 -7.000898e+02 -1.736531e+03
1.499624e+03 5.827555e+01 -2.250289e+03 3.192758e+03 -2.505212e+03 7.606547e+02 -1.120763e+03 1.174617e+03 -2.111276e+03 1.036676e+03 1.480122e+03 -2.377798e+03 5.184005e+01 -4.056295e+03 -7.599262e+02 -1.529176e+03
1.210477e+03 4.454007e+02 -2.203206e+03 3.040141e+03 -2.091127e+03 5.176224e+02 -9.075949e+02 8.451447e+02 -2.090167e+03 1.207913e+03 1.543887e+03 -2.167464e+03 4.806627e+02 -3.918884e+03 -6.138539e+02 -1.550872e+03
1.457624e+03 1.934079e+02 -2.278415e+03 3.050379e+03 -2.398117e+03 6.364356e+02 -1.163362e+03 1.183188e+03 -2.032944e+03 9.721326e+02 1.598184e+03 -2.337647e+03 1.793376e+02 -4.086806e+03 -6.445076e+02 -1.445994e+03
9.999553e+02 3.374503e+02 -2.136582e+03 3.061390e+03 -2.028003e+03 5.950235e+02 -7.958815e+02 8.756356e+02 -2.050056e+03 1.232613e+03 1.372651e+03 -1.878908e+03 6.191119e+02 -3.793452e+03 -8.375776e+02 -1.340025e+03
1.960943e+03 -5.253971e+02 -2.759387e+03 3.372820e+03 -2.997321e+03 6.101402e+02 -1.745179e+03 1.158442e+03 -2.457099e+03 6.930946e+02 2.150022e+03 -3.470060e+03 -1.846046e+02 -4.726901e+03 -2.492995e+02 -1.896151e+03
1.811275e+03 2.374752e+02 -2.676068e+03 3.349746e+03 -2.361121e+03 7.375095e+02 -1.241702e+03 1.168749e+03 -1.983387e+03 1.055565e+03 1.717877e+03 -2.603934e+03 9.203045e+01 -4.348368e+03 -3.818704e+02 -1.533305e+03
1.657750e+03 2.632352e+01 -2.250224e+03 3.167106e+03 -2.303472e+03 6.809840e+02 -1.227176e+03 1.188538e+03 -1.913935e+03 8.763113e+02 1.482977e+03 -2.463497e+03 -4.371653e+01 -4.145981e+03 -6.470442e+02 -1.503619e+03
1.346213e+03 -1.101579e+02 -2.390336e+03 3.159068e+03 -2.776598e+03 6.352311e+02 -1.263402e+03 1.086491e+03 -2.430619e+03 1.028710e+03 1.375168e+03 -2.732647e+03 -4.945295e+01 -4.468641e+03 -1.029230e+03 -1.793068e+03
1.500522e+03 2.407736e+02 -1.996373e+03 3.094188e+03 -2.045436e+03 7.015684e+02 -1.285286e+03 1.076165e+03 -1.766423e+03 9.904017e+02 1.305487e+03 -2.046546e+03 1.954143e+02 -4.181257e+03 -7.107388e+02 -1.547792e+03
1.100453e+03 6.843263e+02 -1.890097e+03 2.738840e+03 -1.839626e+03 3.700717e+02 -8.935658e+02 9.811622e+02 -1.747470e+03 1.134590e+03 1.361305e+03 -1.652831e+03 7.363808e+02 -3.904950e+03 -7.162186e+02 -1.348209e+03
1.726510e+03 2.107582e+02 -2.523952e+03 3.183993e+03 -2.215504e+03 6.075669e+02 -1.270813e+03 1.129309e+03 -1.935761e+03 8.532364e+02 1.643240e+03 -2.559705e+03 -1.439795e+02 -4.327906e+03 -4.132350e+02 -1.562907e+03
1.451052e+03 1.550008e+02 -2.259796e+03 3.131011e+03 -2.243103e+03 6.983798e+02 -1.359149e+03 1.184584e+03 -1.745264e+03 9.943822e+02 1.410336e+03 -2.160598e+03 3.086448e+00 -4.036583e+03 -5.740064e+02 -1.467872e+03
1.247614e+03 3.303278e+01 -2.439967e+03 3.191751e+03 -2.502350e+03 6.633096e+02 -1.095426e+03 1.097315e+03 -2.234053e+03 1.170914e+03 1.373955e+03 -2.437350e+03 1.225551e+02 -3.917866e+03 -8.149615e+02 -1.634523e+03
2.257680e+03 -1.209162e+03 -3.156812e+03 4.614994e+03 -3.771023e+03 1.417020e+03 -3.250058e+03 1.552532e+03 -3.222601e+03 5.252518e+01 2.151824e+03 -4.821084e+03 -2.432564e+03 -4.843569e+03 1.121851e+03 -2.849108e+03
1.645938e+03 5.309227e+01 -2.123969e+03 3.352506e+03 -2.091802e+03 7.698564e+02 -1.415908e+03 1.135407e+03 -1.682035e+03 8.738107e+02 1.276376e+03 -2.280934e+03 -1.533359e+02 -4.350303e+03 -4.207706e+02 -1.725295e+03
1.371016e+03 3.660994e+02 -2.031401e+03 2.974859e+03 -1.961698e+03 6.475556e+02 -1.256156e+03 1.074681e+03 -1.791265e+03 9.663626e+02 1.333584e+03 -1.986857e+03 1.073613e+02 -4.274034e+03 -6.588539e+02 -1.513337e+03
1.174425e+03 8.498257e-01 -2.369696e+03 3.114666e+03 -2.376953e+03 5.884632e+02 -1.055658e+03 1.094715e+03 -2.099349e+03 9.234042e+02 1.413801e+03 -2.340984e+03 6.983095e+01 -4.030083e+03 -8.170181e+02 -1.515565e+03
1.415220e+03 4.125251e+02 -2.027763e+03 3.147993e+03 -1.852629e+03 5.580009e+02 -1.113216e+03 8.964505e+02 -1.635771e+03 8.541343e+02 1.332369e+03 -2.016289e+03 5.060159e+01 -4.131265e+03 -5.428862e+02 -1.635108e+03
1.018842e+03 4.600876e+02 -1.960720e+03 3.054288e+03 -1.909654e+03 5.296955e+02 -7.590955e+02 7.694273e+02 -2.011020e+03 1.305725e+03 1.405570e+03 -1.840139e+03 8.050386e+02 -3.858772e+03 -8.343925e+02 -1.371378e+03
2.458552e+03 -1.173689e+03 -3.499620e+03 4.112191e+03 -3.890554e+03 9.810268e+02 -2.773252e+03 1.635759e+03 -2.957001e+03 3.693010e+02 2.469062e+03 -4.624056e+03 -1.361778e+03 -4.987001e+03 6.066482e+02 -2.490012e+03
2.585664e+03 -1.314723e+03 -3.937473e+03 4.770034e+03 -3.853312e+03 1.324513e+03 -2.968584e+03 1.572927e+03 -3.266243e+03 3.093014e+02 2.335806e+03 -5.055554e+03 -2.068812e+03 -5.126604e+03 8.898300e+02 -2.676489e+03
1.354586e+03 2.827703e+02 -1.956366e+03 2.994515e+03 -2.170032e+03 7.580987e+02 -1.147445e+03 1.146391e+03 -1.891599e+03 1.097099e+03 1.310575e+03 -2.069475e+03 2.969453e+02 -3.957105e+03 -7.422492e+02 -1.494353e+03
1.683973e+03 4.026406e+02 -2.182826e+03 3.414965e+03 -1.842446e+03 6.636894e+02 -1.118948e+03 8.722203e+02 -1.794177e+03 9.528402e+02 1.361083e+03 -2.283897e+03 2.164005e+02 -4.520525e+03 -4.217130e+02 -1.642623e+03
1.488582e+03 9.417501e+01 -2.373604e+03 3.432707e+03 -2.381327e+03 8.561998e+02 -1.032856e+03 8.945251e+02 -2.312662e+03 1.123364e+03 1.416158e+03 -2.538236e+03 1.250432e+02 -4.151583e+03 -6.188640e+02 -1.658673e+03
1.163085e+03 3.173348e+02 -2.341647e+03 2.945807e+03 -2.324181e+03 4.379273e+02 -9.137523e+02 1.052791e+03 -2.054493e+03 1.177654e+03 1.623296e+03 -2.062572e+03 5.944893e+02 -3.865091e+03 -7.495993e+02 -1.352854e+03
1.543998e+03 1.375152e+02 -2.248514e+03 3.198024e+03 -2.126049e+03 6.771544e+02 -1.188638e+03 1.128756e+03 -1.805242e+03 8.339811e+02 1.304890e+03 -2.276908e+03 -1.837949e+02 -4.061864e+03 -5.662736e+02 -1.531041e+03
1.381060e+03 2.609811e+02 -2.391644e+03 3.225713e+03 -2.295736e+03 6.023968e+02 -9.179625e+02 8.987816e+02 -2.197961e+03 1.155535e+03 1.559801e+03 -2.324268e+03 3.853130e+02 -4.147098e+03 -7.410310e+02 -1.456647e+03
1.742473e+03 -1.320045e+01 -2.624369e+03 3.197118e+03 -2.736740e+03 4.261954e+02 -1.323742e+03 1.054820e+03 -2.099603e+03 9.541739e+02 1.933249e+03 -2.745057e+03 2.301367e+02 -4.474999e+03 -6.173145e+02 -1.629530e+03
1.144494e+03 7.773928e+01 -2.133554e+03 3.146214e+03 -2.157458e+03 7.976027e+02 -8.263662e+02 9.062885e+02 -2.265929e+03 1.256725e+03 1.306040e+03 -2.284396e+03 4.617532e+02 -4.133007e+03 -8.187975e+02 -1.649911e+03
1.289925e+03 4.612215e+02 -2.115668e+03 2.892151e+03 -1.998853e+03 4.426070e+02 -9.922371e+02 1.013306e+03 -1.813865e+03 1.063313e+03 1.540604e+03 -1.879475e+03 5.889917e+02 -3.987870e+03 -6.345282e+02 -1.277738e+03
1.729273e+03 3.490830e+02 -2.392224e+03 3.189274e+03 -2.167342e+03 5.248267e+02 -1.103920e+03 9.839789e+02 -1.953019e+03 9.797612e+02 1.698366e+03 -2.352360e+03 3.192214e+02 -4.416877e+03 -5.792375e+02 -1.504707e+03
1.218270e+03 3.196846e+02 -1.902044e+03 3.151864e+03 -1.926522e+03 6.605997e+02 -8.384332e+02 8.468052e+02 -2.081036e+03 1.194362e+03 1.259453e+03 -2.030807e+03 4.361901e+02 -4.106848e+03 -8.422701e+02 -1.524096e+03
1.435085e+03 2.440136e+02 -2.276041e+03 3.213963e+03 -2.244014e+03 7.100486e+02 -9.314885e+02 1.013689e+03 -2.057019e+03 1.125806e+03 1.440573e+03 -2.211830e+03 2.429882e+02 -3.978546e+03 -7.712347e+02 -1.421848e+03
1.349561e+03 2.029307e+02 -2.366457e+03 3.113810e+03 -2.333739e+03 5.858249e+02 -9.596831e+02 1.048584e+03 -2.141014e+03 1.123351e+03 1.574184e+03 -2.285095e+03 4.202997e+02 -4.009581e+03 -7.695502e+02 -1.403836e+03
9.923059e+02 1.284506e+02 -2.173823e+03 3.000747e+03 -2.332468e+03 6.282372e+02 -8.409529e+02 9.451660e+02 -2.199665e+03 1.293090e+03 1.384699e+03 -1.994830e+03 6.539367e+02 -3.861274e+03 -9.529395e+02 -1.413160e+03
1.600720e+03 -4.365295e+01 -2.623027e+03 3.247690e+03 -2.666310e+03 6.154720e+02 -1.454461e+03 1.150409e+03 -2.017415e+03 8.120409e+02 1.858812e+03 -2.728941e+03 -1.772907e+02 -4.137688e+03 -2.685321e+02 -1.694807e+03
1.460668e+03 3.107748e+02 -1.929896e+03 3.109833e+03 -2.008219e+03 6.604564e+02 -1.045060e+03 9.776133e+02 -1.842673e+03 1.007389e+03 1.311614e+03 -2.074979e+03 2.019650e+02 -4.194742e+03 -8.086287e+02 -1.566289e+03
1.595395e+03 2.275242e+02 -2.370939e+03 3.323649e+03 -2.210996e+03 8.139342e+02 -9.863241e+02 9.129306e+02 -2.177949e+03 1.119740e+03 1.484529e+03 -2.530751e+03 2.575223e+02 -4.252944e+03 -5.993894e+02 -1.534780e+03
1.357291e+03 1.626695e+02 -2.225573e+03 2.930719e+03 -2.351987e+03 6.047654e+02 -1.145232e+03 1.168984e+03 -1.974671e+03 1.109513e+03 1.637954e+03 -2.266004e+03 4.053496e+02 -3.937837e+03 -7.570447e+02 -1.489794e+03
1.119839e+03 3.563680e+02 -2.058418e+03 3.113329e+03 -2.071067e+03 5.982875e+02 -7.885220e+02 1.003157e+03 -2.057344e+03 1.185113e+03 1.383662e+03 -2.034981e+03 5.658473e+02 -3.805484e+03 -7.743900e+02 -1.374648e+03
1.682138e+03 1.799189e+02 -2.193360e+03 3.232982e+03 -2.128418e+03 6.738241e+02 -1.313853e+03 1.086695e+03 -1.736124e+03 9.687858e+02 1.398470e+03 -2.214431e+03 8.820707e+01 -4.421249e+03 -6.637647e+02 -1.557030e+03
1.119717e+03 8.310406e+01 -2.441067e+03 2.963964e+03 -2.513449e+03 4.817508e+02 -9.775894e+02 1.059611e+03 -2.137558e+03 1.126537e+03 1.591974e+03 -2.195142e+03 3.379076e+02 -3.836338e+03 -8.623411e+02 -1.413823e+03
1.173649e+03 -2.100890e+01 -2.269963e+03 3.154549e+03 -2.348447e+03 7.465710e+02 -9.346504e+02 1.069773e+03 -2.218970e+03 1.141411e+03 1.281278e+03 -2.301099e+03 2.038684e+02 -4.101872e+03 -8.787211e+02 -1.586967e+03
1.513272e+03 3.384606e+02 -2.174306e+03 3.177753e+03 -2.074845e+03 6.077363e+02 -1.007798e+03 9.021717e+02 -1.958280e+03 1.103727e+03 1.466985e+03 -2.210358e+03 2.748151e+02 -4.249801e+03 -8.313511e+02 -1.534633e+03
1.927162e+03 1.219561e+02 -2.506427e+03 3.489769e+03 -2.330690e+03 7.294017e+02 -1.387523e+03 1.238554e+03 -2.032084e+03 8.576821e+02 1.495337e+03 -2.803173e+03 -2.630849e+02 -4.493144e+03 -4.543038e+02 -1.711918e+03
1.132350e+03 -1.051293e+02 -2.290612e+03 2.992621e+03 -2.613243e+03 6.498797e+02 -1.018047e+03 1.097575e+03 -2.149563e+03 9.872162e+02 1.426336e+03 -2.289498e+03 3.541438e+02 -4.084353e+03 -1.016752e+03 -1.378504e+03
1.604582e+03 4.250159e+02 -2.084505e+03 3.296544e+03 -1.851340e+03 5.510992e+02 -1.114338e+03 9.038579e+02 -1.703787e+03 9.861111e+02 1.395070e+03 -2.037033e+03 3.663841e+02 -4.419962e+03 -5.087602e+02 -1.486603e+03
9.094411e+02 1.464526e+01 -2.134325e+03 2.791643e+03 -2.332201e+03 5.532042e+02 -8.500619e+02 9.148514e+02 -2.096038e+03 1.107382e+03 1.330418e+03 -2.007547e+03 4.004371e+02 -3.948223e+03 -1.011009e+03 -1.481748e+03
1.470906e+03 1.371311e+02 -2.344670e+03 3.153319e+03 -2.815766e+03 6.516082e+02 -1.233174e+03 1.139673e+03 -2.270254e+03 1.061952e+03 1.658057e+03 -2.538008e+03 2.023654e+02 -4.183561e+03 -1.023190e+03 -1.654613e+03
1.721077e+03 -2.354705e+02 -2.460284e+03 3.448243e+03 -3.010051e+03 5.522475e+02 -1.494239e+03 1.110393e+03 -2.325044e+03 7.735815e+02 1.889967e+03 -2.959003e+03 -1.240135e+01 -4.526862e+03 -7.554981e+02 -1.936485e+03
1.773937e+03 3.076346e+01 -2.450184e+03 3.346127e+03 -2.263532e+03 7.215135e+02 -1.545005e+03 1.130797e+03 -1.887193e+03 7.326032e+02 1.455230e+03 -2.531013e+03 -4.575102e+02 -4.532983e+03 -3.168875e+02 -1.720336e+03
1.575149e+03 2.427936e+02 -2.150034e+03 3.269117e+03 -2.124681e+03 6.666539e+02 -1.128204e+03 1.054573e+03 -1.893892e+03 9.880893e+02 1.359259e+03 -2.238648e+03 -6.858865e+01 -4.202686e+03 -6.924880e+02 -1.541664e+03
1.788192e+03 2.418619e+02 -2.304572e+03 3.535879e+03 -2.033518e+03 6.681395e+02 -1.245699e+03 1.046158e+03 -1.852693e+03 9.472136e+02 1.488944e+03 -2.401242e+03 2.384650e+02 -4.584797e+03 -4.086318e+02 -1.621347e+03
1.526786e+03 -8.219632e+01 -2.391471e+03 3.235331e+03 -2.584236e+03 8.002074e+02 -1.198591e+03 1.189082e+03 -2.091449e+03 1.052168e+03 1.527468e+03 -2.550155e+03 -4.047654e+01 -3.993287e+03 -7.011959e+02 -1.637151e+03
1.527296e+03 3.002411e+02 -2.281747e+03 3.212737e+03 -2.161136e+03 6.191019e+02 -9.941465e+02 9.139296e+02 -2.033890e+03 1.045024e+03 1.514301e+03 -2.281405e+03 2.903067e+02 -4.236336e+03 -6.798205e+02 -1.468147e+03
1.812498e+03 7.362500e+01 -2.505522e+03 3.421596e+03 -2.227591e+03 7.852232e+02 -1.314374e+03 1.142143e+03 -1.935303e+03 8.390733e+02 1.426560e+03 -2.637096e+03 -4.470846e+02 -4.300816e+03 -3.643302e+02 -1.653428e+03
1.754593e+03 1.399276e+02 -2.316389e+03 3.499426e+03 -2.119750e+03 7.421859e+02 -1.274678e+03 1.175409e+03 -1.846894e+03 9.747603e+02 1.388123e+03 -2.477973e+03 8.408829e+01 -4.358223e+03 -3.893093e+02 -1.599516e+03
1.338289e+03 2.215094e+02 -2.327152e+03 3.205188e+03 -2.244313e+03 5.302828e+02 -1.009033e+03 9.080494e+02 -2.064153e+03 1.034478e+03 1.528943e+03 -2.242514e+03 2.684009e+02 -4.100876e+03 -6.773872e+02 -1.499956e+03
1.669989e+03 2.743522e+02 -2.253218e+03 3.119132e+03 -1.982302e+03 6.124230e+02 -1.134435e+03 1.055147e+03 -1.845008e+03 9.723535e+02 1.568090e+03 -2.374458e+03 1.076617e+02 -4.223091e+03 -3.888788e+02 -1.521069e+03
8.594672e+02 -9.338423e+00 -2.163348e+03 2.829492e+03 -2.558136e+03 6.487851e+02 -1.113239e+03 1.062352e+03 -1.997789e+03 9.411341e+02 1.447625e+03 -1.909771e+03 4.776427e+02 -3.729626e+03 -1.071565e+03 -1.338459e+03
1.721819e+03 -1.085159e+02 -2.839332e+03 3.505030e+03 -2.643492e+03 7.865330e+02 -1.460458e+03 1.186084e+03 -2.200711e+03 8.414503e+02 1.716923e+03 -2.870297e+03 -5.878217e+02 -4.227660e+03 -1.236832e+02 -1.749913e+03
2.018165e+03 -4.150686e+02 -2.684488e+03 3.364195e+03 -2.975041e+03 7.961398e+02 -1.618373e+03 1.347132e+03 -2.199070e+03 8.128789e+02 1.890399e+03 -3.084190e+03 -7.989758e+01 -4.611282e+03 -4.324130e+02 -1.800502e+03
1.864856e+03 1.028387e+02 -2.245525e+03 3.528857e+03 -2.119835e+03 7.009121e+02 -1.459572e+03 1.108453e+03 -1.752246e+03 8.671801e+02 1.411644e+03 -2.398787e+03 -1.795175e+01 -4.622408e+03 -4.610370e+02 -1.725738e+03
1.991919e+03 -1.207723e+02 -2.726964e+03 3.589049e+03 -2.638686e+03 7.909358e+02 -1.562594e+03 1.245706e+03 -2.175825e+03 7.864326e+02 1.742434e+03 -3.027287e+03 -4.757950e+02 -4.464185e+03 -7.584135e+01 -1.836894e+03
2.111216e+03 -4.193845e+01 -2.899427e+03 3.681033e+03 -2.752942e+03 7.684662e+02 -1.442723e+03 1.251514e+03 -2.485915e+03 9.292912e+02 1.832170e+03 -3.286056e+03 -3.326417e+02 -4.750601e+03 -2.902408e+02 -1.769387e+03
1.481167e+03 6.420827e+01 -2.349335e+03 3.159314e+03 -2.441405e+03 7.351650e+02 -1.294415e+03 1.159432e+03 -1.887324e+03 1.006322e+03 1.490156e+03 -2.331664e+03 1.954435e+01 -3.984696e+03 -5.731340e+02 -1.582495e+03
1.529288e+03 2.531944e+02 -2.317357e+03 3.155448e+03 -2.268534e+03 5.647760e+02 -1.292810e+03 9.682608e+02 -1.857871e+03 9.596792e+02 1.666280e+03 -2.381283e+03 1.248198e+02 -4.044424e+03 -3.538615e+02 -1.729638e+03
1.553220e+03 8.441055e+01 -2.346399e+03 3.329754e+03 -2.319657e+03 8.568616e+02 -1.029334e+03 1.000362e+03 -2.141434e+03 1.112090e+03 1.441291e+03 -2.470115e+03 2.773013e+01 -4.234490e+03 -7.546799e+02 -1.696708e+03
