2.275209e+03 2.313274e+03
2.849916e+03 1.836960e+03
2.888329e+03 2.096174e+03
3.034256e+03 2.438983e+03
2.743292e+03 1.923488e+03
3.311302e+03 1.760017e+03
2.199081e+03 1.788519e+03
2.615075e+03 1.822933e+03
1.927467e+03 1.637589e+03
2.748976e+03 2.064184e+03
2.484857e+03 6.873784e+03
2.719485e+03 5.397305e+03
3.229415e+03 4.971836e+03
3.839786e+03 4.981161e+03
1.421567e+03 5.887192e+03
1.854972e+03 4.724955e+03
1.645543e+03 5.965345e+03
2.257839e+03 5.469518e+03
1.650310e+03 4.686446e+03
1.299483e+03 5.401373e+03
2.557269e+03 5.834528e+03
3.550221e+03 4.797308e+03
1.631545e+03 5.253192e+03
4.065420e+03 5.264501e+03
2.818520e+03 4.436322e+03
3.863234e+03 5.888084e+03
3.488915e+03 5.441927e+03
1.591152e+03 6.130703e+03
1.880428e+03 5.758415e+03
3.146893e+03 4.764197e+03
3.342149e+03 3.789865e+03
2.391957e+03 5.048557e+03
2.294941e+03 5.916800e+03
3.169456e+03 6.615015e+03
1.988708e+03 4.979978e+03
2.139884e+03 5.369518e+03
2.267289e+03 4.553131e+03
2.497871e+03 5.387920e+03
2.380348e+03 5.038074e+03
2.230866e+03 3.775301e+03
2.609994e+03 5.380750e+03
1.653308e+03 5.109646e+03
2.576547e+03 4.674351e+03
2.565356e+03 4.648524e+03
3.415263e+03 4.776207e+03
2.168566e+03 6.440465e+03
3.340970e+03 5.771746e+03
2.598717e+03 5.676919e+03
2.575209e+03 4.951941e+03
2.673436e+03 6.076139e+03
2.565623e+03 7.109639e+03
2.532856e+03 4.675932e+03
3.439370e+03 4.548491e+03
1.782055e+03 6.061405e+03
3.321086e+03 5.441000e+03
3.169514e+03 4.787168e+03
3.089995e+03 5.684860e+03
2.502943e+03 3.387097e+03
1.855397e+03 5.247447e+03
2.971934e+03 4.253409e+03
2.841686e+03 4.743317e+03
3.083822e+03 5.929852e+03
1.460245e+03 5.726712e+03
2.860320e+03 3.970815e+03
1.968217e+03 4.624529e+03
2.418336e+03 5.050451e+03
1.831676e+03 6.647724e+03
2.828899e+03 7.198554e+03
2.086331e+03 5.260195e+03
2.668409e+03 5.124952e+03
3.166435e+03 5.265793e+03
1.797580e+03 5.037526e+03
2.239132e+03 5.005888e+03
3.023117e+03 3.878960e+03
3.398502e+03 5.789460e+03
2.757377e+03 4.538743e+03
2.581323e+03 5.029877e+03
2.702603e+03 4.509602e+03
2.032641e+03 5.233148e+03
2.964587e+03 4.956768e+03
3.098952e+03 4.221736e+03
2.598717e+03 5.676919e+03
2.757377e+03 4.538743e+03
2.477340e+03 5.815564e+03
2.850281e+03 5.337151e+03
1.510714e+03 6.193986e+03
1.981091e+03 5.800839e+03
2.589652e+03 4.908541e+03
2.250625e+03 4.503957e+03
1.933866e+03 5.662029e+03
2.279638e+03 5.188109e+03
2.528868e+03 3.215361e+03
2.176952e+03 5.606423e+03
2.412504e+03 4.968994e+03
2.618687e+03 6.300990e+03
1.564206e+03 4.830263e+03
2.025172e+03 4.877812e+03
3.629774e+03 4.881610e+03
1.200198e+03 6.017146e+03
2.948224e+03 4.406161e+03
1.880233e+03 5.219732e+03
1.643314e+03 5.410330e+03
2.128319e+03 5.052485e+03
1.489605e+03 6.695684e+03
1.631835e+03 5.543440e+03
2.838846e+03 5.949409e+03
2.239716e+03 6.070020e+03
2.420892e+03 6.019948e+03
2.695370e+03 4.114934e+03
4.328272e+03 4.787289e+03
2.211082e+03 4.335337e+03
2.713335e+03 3.980008e+03
2.836971e+03 6.469092e+03
1.477076e+03 5.541296e+03
2.904800e+03 6.545618e+03
2.311770e+03 5.879270e+03
2.589995e+03 5.817293e+03
2.098730e+03 6.896103e+03
2.762891e+03 4.642109e+03
1.976552e+03 5.976819e+03
2.761705e+03 7.072065e+03
2.479310e+03 5.093234e+03
1.529160e+03 5.309262e+03
3.328789e+03 5.356036e+03
2.422489e+03 6.687043e+03
2.299487e+03 5.299719e+03
2.949968e+03 3.501905e+03
3.688148e+03 5.845169e+03
2.359035e+03 4.631473e+03
2.221667e+03 5.232123e+03
3.318274e+03 3.690812e+03
1.798565e+03 5.440505e+03
2.471816e+03 5.140761e+03
4.006436e+03 5.149700e+03
2.996725e+03 3.469692e+03
2.559372e+03 4.745220e+03
2.622582e+03 5.039088e+03
2.859405e+03 5.239150e+03
1.848689e+03 4.003821e+03
2.637272e+03 5.930958e+03
3.049448e+03 3.721796e+03
2.778106e+03 5.010567e+03
2.398567e+03 5.434753e+03
2.337743e+03 5.072296e+03
3.099114e+03 5.420362e+03
3.574978e+03 6.437094e+03
3.251858e+03 5.131340e+03
1.736502e+03 5.558714e+03
1.984746e+03 6.289881e+03
3.974032e+03 5.386426e+03
2.633214e+03 4.558784e+03
1.815524e+03 4.864224e+03
2.841625e+03 4.106793e+03
1.857674e+03 4.859088e+03
2.329718e+03 5.541520e+03
2.419500e+03 5.913489e+03
2.834096e+03 4.818966e+03
2.678896e+03 4.946960e+03
1.869260e+03 5.840783e+03
3.219739e+03 4.526003e+03
1.154619e+03 5.876586e+03
3.997842e+03 5.098321e+03
3.323492e+03 5.068113e+03
1.915702e+03 4.459705e+03
2.168059e+03 4.181485e+03
1.061118e+03 5.805213e+03
2.767095e+03 6.540337e+03
2.673493e+03 4.978077e+03
1.539344e+03 5.458265e+03
4.409226e+03 7.666996e+03
3.034159e+03 4.862805e+03
2.306052e+03 5.499565e+03
3.395206e+03 6.186039e+03
2.162959e+03 4.658519e+03
1.835927e+03 6.232720e+03
1.576132e+03 5.520776e+03
3.022745e+03 5.031270e+03
1.295783e+03 6.606538e+03
2.185979e+03 4.971876e+03
2.012356e+03 6.075884e+03
1.209299e+03 6.414892e+03
2.531518e+03 4.467265e+03
2.809985e+03 5.196514e+03
2.510251e+03 5.641483e+03
2.765429e+03 3.991140e+03
2.693114e+03 4.394663e+03
2.002057e+03 4.991395e+03
2.766214e+03 4.798594e+03
3.294173e+03 3.630031e+03
2.447467e+03 4.574678e+03
3.241737e+03 3.762560e+03
2.081497e+03 5.233022e+03
2.714404e+03 6.232728e+03
2.048170e+03 5.208178e+03
3.836937e+03 5.498039e+03
1.472409e+03 5.108014e+03
2.487604e+03 5.283981e+03
2.797203e+03 4.432171e+03
1.946173e+03 5.213230e+03
2.212803e+03 5.094844e+03
2.861176e+03 3.580658e+03
3.245480e+03 5.301051e+03
1.007461e+03 5.776851e+03
3.360990e+03 5.621959e+03
1.277739e+03 5.624426e+03
2.658085e+03 5.543678e+03
2.385324e+03 3.976124e+03
3.052483e+03 5.589405e+03
2.440138e+03 5.829292e+03
2.660454e+03 5.262914e+03
4.007631e+03 3.255127e+03
3.908268e+03 3.214798e+03
3.854501e+03 3.859530e+03
4.244323e+03 3.189355e+03
4.936186e+03 4.796884e+03
4.600180e+03 2.681047e+03
3.843575e+03 3.279636e+03
3.734035e+03 2.765581e+03
3.929098e+03 3.229591e+03
3.562474e+03 3.075656e+03
4.322456e+03 3.389935e+03
4.237727e+03 3.532677e+03
4.402667e+03 3.469891e+03
3.883914e+03 3.063338e+03
4.370218e+03 3.404526e+03
3.735015e+03 3.102286e+03
3.583205e+03 3.622361e+03
3.907949e+03 2.889462e+03
3.576331e+03 3.912820e+03
4.054787e+03 2.861481e+03
3.862259e+03 3.378985e+03
4.019806e+03 3.869199e+03
3.583712e+03 3.102263e+03
3.838085e+03 2.765848e+03
3.808735e+03 2.886683e+03
3.886578e+03 4.059981e+03
4.474299e+03 3.130416e+03
3.941861e+03 2.811060e+03
4.437391e+03 3.479198e+03
3.680384e+03 2.842233e+03
3.978466e+03 3.899505e+03
3.791728e+03 3.118875e+03
4.096278e+03 4.165968e+03
3.832602e+03 2.567816e+03
3.646193e+03 3.000367e+03
3.765322e+03 2.961385e+03
4.063532e+03 4.025554e+03
3.782904e+03 3.380763e+03
3.603330e+03 3.989313e+03
4.060070e+03 3.251549e+03
4.241533e+03 3.747486e+03
4.123241e+03 3.037765e+03
3.593313e+03 2.627680e+03
3.993720e+03 3.650755e+03
3.608991e+03 2.812601e+03
3.904539e+03 2.886190e+03
4.334931e+03 4.052602e+03
4.296407e+03 3.307374e+03
4.017581e+03 3.347904e+03
3.649426e+03 3.903943e+03
3.907546e+03 2.931911e+03
3.848832e+03 3.531606e+03
4.068953e+03 3.512301e+03
4.079037e+03 2.992776e+03
3.695910e+03 3.162717e+03
4.097599e+03 2.991185e+03
6.128890e+03 6.544994e+03
3.652902e+03 2.848227e+03
4.240586e+03 3.567495e+03
3.985539e+03 3.512561e+03
3.569320e+03 2.566606e+03
3.810330e+03 3.323188e+03
4.288640e+03 3.639553e+03
4.194293e+03 3.410415e+03
3.548452e+03 4.105894e+03
4.102583e+03 3.130653e+03
3.886015e+03 2.877942e+03
3.702375e+03 3.513276e+03
3.617077e+03 3.020397e+03
3.968118e+03 3.249161e+03
4.242182e+03 4.125827e+03
3.613217e+03 2.908138e+03
3.883555e+03 4.279130e+03
4.043291e+03 3.080719e+03
3.701078e+03 2.854944e+03
3.926376e+03 3.346772e+03
4.094090e+03 4.024317e+03
3.510196e+03 2.649974e+03
3.792072e+03 3.087611e+03
3.782922e+03 2.718619e+03
3.853039e+03 3.759530e+03
4.164353e+03 3.029506e+03
3.791350e+03 3.083019e+03
3.958704e+03 2.241448e+03
3.595482e+03 3.256032e+03
3.857615e+03 3.692807e+03
3.519435e+03 3.382967e+03
3.725292e+03 2.891494e+03
3.949959e+03 2.826474e+03
3.907120e+03 3.091307e+03
3.717105e+03 2.767433e+03
3.940351e+03 3.070590e+03
4.537832e+03 4.027366e+03
4.372768e+03 3.470291e+03
3.992547e+03 3.196088e+03
3.591247e+03 3.403713e+03
3.590918e+03 3.928655e+03
4.029212e+03 3.683080e+03
4.125529e+03 3.441415e+03
4.002433e+03 3.391720e+03
4.463222e+03 4.219892e+03
4.126063e+03 3.121232e+03
4.159189e+03 3.038092e+03
4.157282e+03 3.252855e+03
3.895951e+03 3.231005e+03
3.699535e+03 2.785100e+03
3.613015e+03 2.568169e+03
5.579536e+03 6.582562e+03
3.930020e+03 2.427227e+03
4.068681e+03 3.117462e+03
3.783117e+03 2.636583e+03
4.154728e+03 3.548594e+03
3.605812e+03 3.103206e+03
3.906693e+03 3.364198e+03
3.835307e+03 3.557576e+03
3.831950e+03 4.078950e+03
4.272737e+03 3.643542e+03
3.701834e+03 3.672285e+03
3.726554e+03 3.523924e+03
3.479895e+03 4.015075e+03
4.165490e+03 3.525749e+03
3.590529e+03 3.689672e+03
4.180977e+03 3.785409e+03
3.643821e+03 3.020540e+03
3.797143e+03 2.716093e+03
3.999184e+03 3.823146e+03
4.156556e+03 3.630823e+03
3.301900e+03 3.468412e+03
3.815452e+03 3.772625e+03
3.758632e+03 3.760295e+03
4.037966e+03 3.307428e+03
4.245076e+03 3.586925e+03
4.200447e+03 3.165766e+03
3.871739e+03 3.259136e+03
3.955056e+03 2.837607e+03
3.933431e+03 2.762526e+03
3.841561e+03 4.235870e+03
3.858058e+03 3.512156e+03
4.101914e+03 2.815372e+03
4.365690e+03 3.614454e+03
3.686365e+03 2.495083e+03
3.147156e+03 2.518405e+03
3.978348e+03 3.317346e+03
3.804402e+03 3.052644e+03
4.220835e+03 3.413222e+03
5.289432e+03 6.620908e+03
3.753935e+03 3.080973e+03
3.517157e+03 2.484975e+03
4.146861e+03 3.289601e+03
3.497043e+03 2.964613e+03
3.946347e+03 2.722978e+03
5.206799e+03 5.373154e+03
5.889968e+03 6.401088e+03
3.977564e+03 3.022473e+03
3.693656e+03 3.102891e+03
4.364980e+03 3.722625e+03
3.650939e+03 2.846407e+03
3.924199e+03 3.133089e+03
3.985002e+03 3.115377e+03
3.511708e+03 3.370607e+03
4.457288e+03 3.398355e+03
3.489670e+03 2.710789e+03
3.756588e+03 3.255866e+03
4.269607e+03 2.696949e+03
4.123221e+03 3.159833e+03
4.041282e+03 2.883507e+03
4.125305e+03 2.891197e+03
3.586571e+03 3.603220e+03
3.833622e+03 2.780150e+03
4.268784e+03 3.429343e+03
4.103810e+03 3.164634e+03
4.007879e+03 2.954638e+03
3.682042e+03 2.835661e+03
3.932708e+03 3.098407e+03
4.432893e+03 3.402985e+03
3.896455e+03 3.084943e+03
4.331102e+03 3.375611e+03
4.070103e+03 2.960014e+03
3.581239e+03 2.787255e+03
4.105620e+03 3.088340e+03
4.195090e+03 3.076596e+03
4.122467e+03 3.251797e+03
3.551886e+03 3.075866e+03
3.937447e+03 3.200355e+03
4.286151e+03 3.144340e+03
4.307299e+03 3.711602e+03
3.902118e+03 3.002667e+03
4.168260e+03 3.630030e+03
4.386925e+03 3.248186e+03
3.901125e+03 3.083271e+03
4.145088e+03 3.344419e+03
3.837606e+03 2.905808e+03
4.098642e+03 4.246548e+03
3.916265e+03 3.293967e+03
3.959994e+03 3.020847e+03
3.713012e+03 3.794579e+03
4.427780e+03 4.204562e+03
3.856252e+03 3.368403e+03
3.296267e+03 3.440397e+03
4.537832e+03 4.027366e+03
