-2.736724e+03 -9.178669e+02 -2.509036e+03 -1.872807e+03 -3.179862e+03 -1.768422e+03 2.518934e+03 -4.663733e+02 9.328393e+02 -1.061071e+02 -5.451644e+02 -2.085067e+02 3.273842e+03 1.449793e+03 -1.065482e+03 2.203448e+03
-2.504091e+03 -4.802220e+02 -2.510750e+03 -1.656979e+03 -3.422770e+03 -1.752279e+03 2.763440e+03 -3.972026e+02 8.689885e+02 2.153064e+02 -8.521280e+02 -1.465091e+02 3.291517e+03 1.718197e+03 -1.265654e+03 2.020309e+03
-2.310858e+03 -5.940667e+02 -2.410561e+03 -1.633429e+03 -3.202910e+03 -1.790006e+03 2.643846e+03 -3.809749e+02 9.131910e+02 2.844306e+02 -6.111692e+02 -1.288326e+02 3.130141e+03 1.770625e+03 -1.211181e+03 2.069428e+03
-2.591589e+03 -6.133128e+02 -2.637722e+03 -1.671522e+03 -3.555698e+03 -1.757111e+03 2.700577e+03 -4.103282e+02 9.877892e+02 2.842733e+01 -6.564873e+02 5.439363e+01 3.152460e+03 1.616632e+03 -1.293922e+03 2.060750e+03
-2.593149e+03 -3.604242e+02 -2.621737e+03 -1.504641e+03 -3.469800e+03 -1.960203e+03 2.796291e+03 -3.933322e+02 9.140116e+02 3.178771e+02 -6.633821e+02 8.593420e+01 3.250883e+03 1.856159e+03 -1.325758e+03 1.738881e+03
-2.316997e+03 -1.013358e+02 -3.036823e+03 -1.275785e+03 -3.906131e+03 -1.682958e+03 3.147749e+03 -5.013026e+02 1.144716e+03 3.666790e+02 -6.964626e+02 2.032184e+02 3.176633e+03 1.690837e+03 -1.728223e+03 1.719319e+03
-2.607646e+03 -9.556085e+02 -2.654420e+03 -1.631430e+03 -3.295204e+03 -1.771120e+03 2.611558e+03 -6.928022e+02 8.721144e+02 1.653162e+02 -3.927154e+02 -7.664150e+01 3.298134e+03 1.601116e+03 -9.666121e+02 2.346077e+03
-2.740755e+03 -6.649232e+02 -2.546169e+03 -1.636273e+03 -3.291604e+03 -1.971838e+03 2.743915e+03 -3.870294e+02 8.381979e+02 1.408755e+02 -3.627816e+02 2.442653e+00 3.279553e+03 1.790880e+03 -1.242099e+03 1.853054e+03
-2.611954e+03 -9.905409e+02 -2.660525e+03 -1.748171e+03 -3.196466e+03 -1.768697e+03 2.602765e+03 -7.100950e+02 8.540444e+02 1.774655e+02 -4.228728e+02 -2.582363e+02 3.465159e+03 1.634707e+03 -9.819434e+02 2.501277e+03
-2.322259e+03 -8.587558e+02 -2.484922e+03 -1.555808e+03 -3.393128e+03 -1.762764e+03 2.730207e+03 -6.587947e+02 8.604490e+02 3.411473e+02 -4.628143e+02 -1.486154e+02 3.153167e+03 1.668438e+03 -1.158525e+03 2.290478e+03
-1.876012e+03 -1.354363e+03 -3.103196e+03 -1.154977e+03 -3.840469e+03 -1.800629e+03 2.746081e+03 -1.848961e+03 2.024557e+03 8.153287e+02 -3.698668e+01 -5.704697e+01 2.901283e+03 7.095292e+01 -2.049201e+03 2.605233e+03
-1.754750e+03 -1.229746e+03 -3.100487e+03 -1.020815e+03 -3.937378e+03 -1.857396e+03 2.798684e+03 -1.749324e+03 1.888316e+03 9.624023e+02 -1.881269e+02 9.724441e+01 3.038224e+03 4.502219e+02 -1.824110e+03 2.635045e+03
-1.760947e+03 -2.000742e+03 -3.103072e+03 -1.026091e+03 -3.963851e+03 -1.455763e+03 2.615272e+03 -2.174325e+03 2.294227e+03 6.781626e+02 3.964798e+01 1.201647e+02 3.384032e+03 -3.984508e+01 -1.723574e+03 3.790959e+03
-1.628021e+03 -2.025121e+03 -3.271085e+03 -8.972730e+02 -4.206196e+03 -1.576631e+03 2.946457e+03 -2.263554e+03 2.225913e+03 7.967653e+02 2.659263e+01 1.943567e+02 3.419903e+03 2.231112e+02 -1.916752e+03 3.878316e+03
-2.036366e+03 -1.199388e+03 -2.980410e+03 -1.196669e+03 -3.686422e+03 -1.879375e+03 2.821161e+03 -1.725120e+03 1.813735e+03 6.062764e+02 -3.850328e+02 -1.758270e+02 2.867110e+03 3.724034e+02 -1.562562e+03 2.103802e+03
-2.022190e+03 -1.544237e+03 -2.944874e+03 -1.383550e+03 -3.113063e+03 -1.782797e+03 2.480118e+03 -1.294633e+03 1.621767e+03 5.329638e+02 -1.884433e+02 -2.610821e+02 3.132390e+03 5.785335e+02 -1.535186e+03 2.763772e+03
-2.044942e+03 -1.385864e+03 -3.072771e+03 -1.289398e+03 -3.689684e+03 -1.951964e+03 2.962984e+03 -1.705305e+03 1.844868e+03 7.594177e+02 -2.740150e+02 -2.508109e+02 2.981870e+03 4.818936e+02 -1.815390e+03 2.356123e+03
-1.965049e+03 -1.018042e+03 -3.061015e+03 -1.225041e+03 -3.758454e+03 -1.976311e+03 3.096766e+03 -1.261564e+03 1.609204e+03 7.098954e+02 -2.358686e+02 -3.461175e+02 2.695340e+03 5.894923e+02 -1.949948e+03 2.105280e+03
-2.005248e+03 -1.223363e+03 -3.039203e+03 -1.175010e+03 -3.533518e+03 -1.766067e+03 2.646452e+03 -1.477476e+03 1.652277e+03 6.535976e+02 -2.995722e+02 -5.857414e+01 2.987662e+03 5.900044e+02 -1.507603e+03 2.376895e+03
-2.027553e+03 -1.645389e+03 -2.943740e+03 -1.384535e+03 -3.122024e+03 -1.707891e+03 2.598971e+03 -1.451248e+03 1.682159e+03 5.266831e+02 -3.280995e+02 -4.503868e+02 3.021949e+03 4.877965e+02 -1.542383e+03 2.585872e+03
-1.641593e+03 -9.775866e+02 -3.097781e+03 -8.900137e+02 -3.995987e+03 -1.770774e+03 2.840613e+03 -1.742532e+03 2.026043e+03 1.019497e+03 -9.813829e+01 1.834576e+02 2.885839e+03 3.349345e+02 -2.007622e+03 2.569452e+03
-1.593316e+03 -1.698931e+03 -3.058379e+03 -8.825293e+02 -4.183399e+03 -1.513747e+03 2.984059e+03 -1.973454e+03 2.102448e+03 8.261400e+02 -8.067185e+01 5.244107e+01 3.054221e+03 4.209284e+02 -1.872462e+03 3.372173e+03
-2.135381e+03 -1.326569e+03 -3.023237e+03 -1.328820e+03 -3.648424e+03 -1.854744e+03 2.899270e+03 -1.401288e+03 1.697705e+03 4.257079e+02 -3.914770e+02 -3.510897e+02 2.810318e+03 5.296984e+02 -1.583766e+03 2.056595e+03
-1.532718e+03 -2.022072e+03 -3.173454e+03 -7.681896e+02 -4.451731e+03 -1.624690e+03 2.783053e+03 -2.564887e+03 2.571333e+03 9.651867e+02 5.250468e+01 4.180119e+02 3.484711e+03 -4.310471e+01 -1.905157e+03 3.967075e+03
-1.747735e+03 -7.962373e+02 -3.265190e+03 -9.117944e+02 -3.763306e+03 -1.905032e+03 3.033520e+03 -1.260988e+03 1.662859e+03 9.384784e+02 -2.766050e+02 4.613448e+01 2.759162e+03 9.046590e+02 -1.990866e+03 2.078729e+03
-1.373931e+03 -2.229419e+03 -3.039390e+03 -9.756765e+02 -4.042779e+03 -1.568465e+03 2.432982e+03 -2.525123e+03 2.505205e+03 8.886528e+02 1.304246e+02 1.063493e+02 3.455051e+03 -1.321536e+02 -2.192146e+03 4.277464e+03
-1.658137e+03 -2.054278e+03 -3.176234e+03 -8.497235e+02 -4.320248e+03 -1.612629e+03 2.843157e+03 -2.499229e+03 2.471269e+03 8.917496e+02 -6.853894e+01 1.875341e+02 3.404692e+03 -6.176869e+01 -1.724534e+03 3.813766e+03
-1.952519e+03 -1.274032e+03 -3.113935e+03 -1.188290e+03 -3.693675e+03 -1.871460e+03 2.957222e+03 -1.722956e+03 1.856953e+03 8.002452e+02 -1.894171e+02 -1.471950e+02 2.829765e+03 4.804835e+02 -1.891860e+03 2.288738e+03
-2.226591e+03 -1.367486e+03 -3.133942e+03 -1.455156e+03 -3.512420e+03 -1.921824e+03 2.934737e+03 -1.356852e+03 1.564137e+03 4.600070e+02 -2.077811e+02 -5.596420e+02 2.720144e+03 3.777255e+02 -1.860564e+03 2.179833e+03
-1.727189e+03 -1.493393e+03 -3.146771e+03 -9.187188e+02 -3.903270e+03 -1.733463e+03 2.957589e+03 -1.710970e+03 2.004523e+03 8.206942e+02 -9.969650e+01 4.808189e+01 3.140386e+03 4.957263e+02 -1.992154e+03 3.239254e+03
-1.565646e+03 -9.378122e+02 -3.383675e+03 -7.553714e+02 -4.177899e+03 -1.783336e+03 3.376969e+03 -1.524703e+03 2.037331e+03 1.186307e+03 -5.975597e+02 2.332312e+02 3.286561e+03 1.248422e+03 -2.293160e+03 2.656783e+03
-1.700101e+03 -1.077506e+03 -3.110030e+03 -9.166550e+02 -3.757126e+03 -1.964940e+03 2.891509e+03 -1.575256e+03 1.863293e+03 9.853636e+02 -2.432525e+02 4.669685e+01 2.968673e+03 6.304854e+02 -1.841997e+03 2.388415e+03
-1.738829e+03 -1.460479e+03 -3.000337e+03 -8.997446e+02 -3.855133e+03 -1.460263e+03 2.866000e+03 -1.764531e+03 2.077347e+03 6.928126e+02 -4.201043e+02 -7.353535e+01 2.560264e+03 3.289043e+02 -1.708848e+03 2.548024e+03
-1.844091e+03 -2.152446e+03 -3.184602e+03 -1.154803e+03 -4.038276e+03 -1.833316e+03 2.808265e+03 -2.338942e+03 2.334415e+03 8.592587e+02 1.084486e+02 -7.830163e+01 3.307314e+03 -1.258233e+02 -2.256647e+03 3.503180e+03
-1.949810e+03 -1.359050e+03 -3.035129e+03 -1.224645e+03 -3.619794e+03 -1.953181e+03 2.967238e+03 -1.409957e+03 1.649366e+03 5.933138e+02 -3.523873e+02 -3.808247e+02 2.791905e+03 6.861570e+02 -1.734383e+03 2.123925e+03
-1.949861e+03 -1.257996e+03 -3.159213e+03 -1.139100e+03 -3.853374e+03 -1.892700e+03 3.189431e+03 -1.602969e+03 1.836912e+03 7.793923e+02 -2.410786e+02 -2.823179e+02 2.700646e+03 6.453139e+02 -2.031193e+03 2.159350e+03
-1.806670e+03 -1.037746e+03 -3.113702e+03 -1.069550e+03 -3.687112e+03 -1.831033e+03 3.054477e+03 -1.272198e+03 1.683943e+03 8.047014e+02 -2.801811e+02 -8.095971e+01 2.807274e+03 9.893116e+02 -1.943895e+03 2.272245e+03
-1.889575e+03 -1.264417e+03 -3.005447e+03 -1.069710e+03 -3.783280e+03 -1.912494e+03 2.867560e+03 -1.483256e+03 1.847764e+03 6.439474e+02 -2.647601e+02 -1.685370e+02 2.883012e+03 5.117688e+02 -1.809448e+03 2.510338e+03
-1.590949e+03 -1.111967e+03 -3.120823e+03 -8.775942e+02 -3.847292e+03 -1.744431e+03 2.826924e+03 -1.601704e+03 1.928323e+03 9.903284e+02 -2.574337e+01 8.942240e+01 2.984316e+03 6.060530e+02 -1.922422e+03 2.663040e+03
-1.894911e+03 -7.667153e+02 -2.996564e+03 -1.094436e+03 -3.188104e+03 -1.883836e+03 2.849853e+03 -9.029395e+02 1.433981e+03 8.464785e+02 -3.349881e+02 -4.052299e+01 2.880688e+03 1.217230e+03 -1.827604e+03 2.024194e+03
-1.638346e+03 -9.911625e+02 -3.216594e+03 -8.565215e+02 -3.901208e+03 -1.898956e+03 3.047264e+03 -1.624449e+03 1.979353e+03 1.050690e+03 -2.525394e+02 6.894981e+01 2.938606e+03 6.973838e+02 -2.054066e+03 2.434466e+03
-2.092915e+03 -1.159406e+03 -3.001290e+03 -1.269146e+03 -3.545601e+03 -1.914353e+03 2.772156e+03 -1.432323e+03 1.611781e+03 5.709357e+02 -3.263226e+02 -2.208391e+02 2.868580e+03 5.108368e+02 -1.538586e+03 2.043491e+03
-1.799526e+03 -8.436141e+02 -3.180291e+03 -9.957787e+02 -3.811108e+03 -1.914100e+03 3.051870e+03 -1.119588e+03 1.690386e+03 9.191583e+02 -2.183766e+02 -5.036748e+01 2.759481e+03 8.821606e+02 -1.990432e+03 2.186722e+03
-1.576134e+03 -6.825710e+02 -3.205455e+03 -7.346416e+02 -3.912992e+03 -1.775870e+03 3.080024e+03 -1.440791e+03 1.979112e+03 1.093725e+03 -4.317975e+02 1.910269e+02 2.910548e+03 9.565739e+02 -1.920935e+03 2.280604e+03
-1.354176e+03 -7.741008e+02 -3.303940e+03 -7.251357e+02 -4.320748e+03 -1.880359e+03 3.382393e+03 -1.629721e+03 2.042849e+03 1.428870e+03 -3.251006e+02 4.571044e+02 3.216971e+03 1.080354e+03 -2.096304e+03 2.681498e+03
-2.261440e+03 -1.268585e+03 -3.072716e+03 -1.442424e+03 -3.714803e+03 -2.017076e+03 3.028182e+03 -1.612523e+03 1.825568e+03 6.821952e+02 -1.477975e+02 -3.065464e+02 2.784279e+03 3.064189e+02 -2.052517e+03 2.161703e+03
-1.866817e+03 -1.738441e+03 -3.084138e+03 -1.017202e+03 -4.028776e+03 -1.711246e+03 2.820326e+03 -2.092084e+03 2.212035e+03 9.299430e+02 1.981373e+01 5.713260e+01 3.279058e+03 8.117493e+01 -2.009529e+03 3.277049e+03
-1.699373e+03 -8.079549e+02 -3.336908e+03 -9.295244e+02 -4.082962e+03 -1.916683e+03 3.362018e+03 -1.516231e+03 1.919232e+03 1.151967e+03 -2.387237e+02 8.220026e+01 2.910136e+03 9.035566e+02 -2.174763e+03 2.284847e+03
-1.967117e+03 -1.202012e+03 -3.116248e+03 -1.171133e+03 -3.796329e+03 -1.938525e+03 3.048432e+03 -1.271197e+03 1.676503e+03 7.071023e+02 -2.779852e+02 -2.907000e+02 2.830825e+03 7.909716e+02 -1.931378e+03 2.419777e+03
-2.077177e+03 -1.352701e+03 -3.115323e+03 -1.232762e+03 -3.899492e+03 -2.058820e+03 3.000481e+03 -1.632781e+03 1.869780e+03 8.721152e+02 -8.544178e+01 -2.094347e+02 2.929099e+03 3.622108e+02 -2.129965e+03 2.546104e+03
-1.910147e+03 -2.269962e+03 -3.361230e+03 -1.202281e+03 -4.175124e+03 -1.740407e+03 2.814451e+03 -2.505868e+03 2.452592e+03 7.444178e+02 1.996638e+02 -1.032707e+02 3.205243e+03 -4.057538e+02 -2.143874e+03 3.437447e+03
-1.673499e+03 -8.532013e+02 -3.226101e+03 -9.088815e+02 -3.640565e+03 -1.848476e+03 2.965890e+03 -1.229168e+03 1.766228e+03 9.349069e+02 -3.267585e+02 -4.744564e+01 2.796999e+03 9.035092e+02 -1.988117e+03 2.272300e+03
-1.799797e+03 -8.419570e+02 -3.361685e+03 -7.564658e+02 -4.406425e+03 -1.880194e+03 3.453812e+03 -1.553098e+03 1.956322e+03 1.060660e+03 -3.916648e+02 1.019813e+02 3.301846e+03 8.939882e+02 -2.251561e+03 2.480473e+03
-2.192794e+03 -1.816317e+03 -3.143172e+03 -1.539168e+03 -3.686513e+03 -1.940764e+03 2.934549e+03 -1.950038e+03 1.917367e+03 6.623942e+02 -1.403398e+02 -4.308815e+02 3.086033e+03 2.166152e+02 -1.952134e+03 2.705985e+03
-1.639205e+03 -1.849339e+03 -3.193370e+03 -8.326655e+02 -4.266111e+03 -1.748063e+03 2.867309e+03 -2.304717e+03 2.233327e+03 8.385197e+02 -1.363788e+02 2.483070e+02 3.276414e+03 1.893747e+02 -1.822341e+03 3.567586e+03
-1.601713e+03 -1.004904e+03 -3.365668e+03 -6.324986e+02 -4.121116e+03 -1.840648e+03 3.183792e+03 -1.742810e+03 2.106057e+03 1.153099e+03 -3.336458e+02 2.205166e+02 2.999656e+03 7.360645e+02 -2.107302e+03 2.589188e+03
-1.927431e+03 -2.043193e+03 -3.119218e+03 -1.232168e+03 -3.921876e+03 -1.647334e+03 2.801254e+03 -1.956118e+03 2.035761e+03 4.724895e+02 -6.599411e+01 -3.177811e+02 3.149339e+03 3.015164e+01 -1.851461e+03 3.461820e+03
-2.062273e+03 -5.763038e+02 -3.095836e+03 -1.121472e+03 -3.489984e+03 -1.915083e+03 3.116300e+03 -7.030437e+02 1.273134e+03 7.434294e+02 -4.678742e+02 -1.507121e+01 2.786028e+03 1.448870e+03 -1.999571e+03 1.812631e+03
-1.874302e+03 -1.213940e+03 -2.998052e+03 -1.264713e+03 -3.579110e+03 -1.896897e+03 2.880152e+03 -1.453946e+03 1.706893e+03 7.822864e+02 -2.278680e+02 -3.309742e+02 2.749393e+03 5.523273e+02 -1.810527e+03 2.181477e+03
-1.725727e+03 -7.904686e+02 -3.230388e+03 -8.764280e+02 -3.849708e+03 -1.791439e+03 3.160432e+03 -1.214749e+03 1.801031e+03 9.446504e+02 -3.729484e+02 4.618930e+01 2.899969e+03 9.941785e+02 -2.135029e+03 2.316733e+03
-1.884549e+03 -6.524512e+02 -3.113921e+03 -1.095780e+03 -3.963106e+03 -1.858982e+03 3.196622e+03 -1.029479e+03 1.721918e+03 7.105876e+02 -4.851540e+02 -8.458369e+01 2.674635e+03 1.018258e+03 -2.029318e+03 1.988972e+03
-2.038665e+03 -1.306898e+03 -3.233524e+03 -1.046410e+03 -4.232652e+03 -1.899491e+03 3.126562e+03 -1.750043e+03 1.989591e+03 8.655079e+02 1.004531e+00 2.731439e+01 2.966344e+03 3.382908e+02 -2.193173e+03 2.677849e+03
-1.788601e+03 -1.165396e+03 -3.046330e+03 -1.056036e+03 -3.557974e+03 -1.852472e+03 2.730892e+03 -1.733133e+03 1.831932e+03 8.132176e+02 -3.137224e+02 4.905502e+01 2.997947e+03 5.265638e+02 -1.628932e+03 2.343080e+03
-1.653492e+03 -8.084507e+02 -3.211915e+03 -9.527769e+02 -3.659042e+03 -1.787768e+03 3.070941e+03 -1.188073e+03 1.745800e+03 9.775849e+02 -4.169632e+02 -2.647240e+01 2.981356e+03 1.104786e+03 -2.046494e+03 2.431173e+03
-1.913337e+03 -1.147351e+03 -2.924096e+03 -1.170784e+03 -3.443227e+03 -2.017061e+03 2.873259e+03 -1.209862e+03 1.576785e+03 6.712540e+02 -3.260165e+02 -2.888877e+02 2.836063e+03 7.917140e+02 -1.730839e+03 2.115550e+03
-1.747996e+03 -9.247042e+02 -3.061285e+03 -9.357558e+02 -3.943346e+03 -1.910251e+03 3.150557e+03 -1.546298e+03 1.843093e+03 9.237216e+02 -2.981466e+02 -7.494985e+01 2.855930e+03 7.061497e+02 -1.847804e+03 2.342647e+03
-2.168421e+03 -1.265801e+03 -3.265747e+03 -1.354026e+03 -3.905209e+03 -1.950391e+03 3.353630e+03 -1.828786e+03 1.802778e+03 7.907081e+02 -1.594530e+02 -1.650625e+02 2.833363e+03 5.035979e+02 -2.065092e+03 2.132542e+03
-1.940943e+03 -2.019906e+03 -3.243044e+03 -1.207020e+03 -4.158550e+03 -1.958963e+03 2.919172e+03 -2.319013e+03 2.391179e+03 8.528187e+02 1.581700e+02 -3.579931e+01 3.293918e+03 -1.517127e+02 -2.258472e+03 3.200059e+03
-2.083961e+03 -1.160895e+03 -3.057542e+03 -1.231639e+03 -3.633597e+03 -1.994863e+03 2.960444e+03 -1.345215e+03 1.709364e+03 6.344534e+02 -2.850695e+02 -3.424737e+02 2.746789e+03 5.936022e+02 -1.806148e+03 2.052378e+03
-1.421019e+03 -9.088624e+02 -3.202546e+03 -7.557078e+02 -3.828775e+03 -1.791659e+03 2.987081e+03 -1.574150e+03 2.011324e+03 1.188266e+03 -1.778065e+02 2.448535e+02 3.066799e+03 7.847146e+02 -2.007538e+03 2.560487e+03
-1.553761e+03 -1.270949e+03 -3.205964e+03 -8.719208e+02 -3.820151e+03 -1.833705e+03 2.915263e+03 -1.772083e+03 2.074101e+03 1.105221e+03 -6.972602e+01 1.239624e+02 3.180481e+03 4.921685e+02 -2.194839e+03 2.979156e+03
-1.764902e+03 -1.643364e+03 -3.109636e+03 -1.268523e+03 -3.412776e+03 -1.771521e+03 2.832308e+03 -1.541992e+03 1.733021e+03 7.137903e+02 -2.266036e+02 -3.724309e+02 2.964457e+03 6.141714e+02 -1.838803e+03 2.644220e+03
-1.790223e+03 -9.694093e+02 -3.079052e+03 -9.640211e+02 -3.638335e+03 -1.841076e+03 2.849330e+03 -1.323898e+03 1.776282e+03 6.770484e+02 -2.685752e+02 -1.067966e+02 2.677068e+03 6.164784e+02 -1.755980e+03 2.041452e+03
-1.752220e+03 -6.844191e+02 -3.249993e+03 -7.688221e+02 -3.914618e+03 -1.735540e+03 3.177074e+03 -1.292952e+03 1.879407e+03 9.372798e+02 -4.516386e+02 1.790591e+02 2.876190e+03 1.095391e+03 -2.020542e+03 2.276571e+03
-1.381310e+03 -1.319990e+03 -3.764681e+03 -5.181808e+02 -4.459222e+03 -1.849558e+03 3.397677e+03 -2.301314e+03 2.456622e+03 1.420144e+03 -4.742398e+01 3.080849e+02 3.275739e+03 4.936711e+02 -2.710888e+03 3.159963e+03
-1.641755e+03 -7.506573e+02 -3.166108e+03 -8.090194e+02 -3.743483e+03 -1.747684e+03 2.912067e+03 -1.503200e+03 1.884881e+03 9.701731e+02 -2.232965e+02 1.689271e+02 2.928112e+03 7.476045e+02 -1.891825e+03 2.373801e+03
-1.619618e+03 -1.200924e+03 -3.255358e+03 -9.731000e+02 -3.768557e+03 -1.913327e+03 3.128447e+03 -1.460706e+03 1.779048e+03 1.016125e+03 -2.004045e+02 -1.953427e+02 2.841354e+03 8.033837e+02 -2.232601e+03 2.413377e+03
-1.683749e+03 -1.024133e+03 -3.204476e+03 -1.032350e+03 -3.598705e+03 -1.837039e+03 2.970096e+03 -1.308787e+03 1.730186e+03 9.257765e+02 -2.776582e+02 -1.277016e+02 2.951959e+03 8.652893e+02 -2.051977e+03 2.476968e+03
-2.101812e+03 -9.904422e+02 -2.954288e+03 -1.220758e+03 -3.809808e+03 -1.802466e+03 2.878845e+03 -1.391768e+03 1.693194e+03 6.189216e+02 -3.244457e+02 -2.272586e+02 2.583575e+03 4.320275e+02 -1.726205e+03 2.109778e+03
-1.776930e+03 -1.090252e+03 -3.299375e+03 -8.039168e+02 -4.001559e+03 -1.970648e+03 3.298989e+03 -1.739515e+03 2.034636e+03 1.155328e+03 -3.065441e+02 6.531330e+01 3.137826e+03 7.883122e+02 -2.150313e+03 2.522126e+03
-1.455100e+03 -7.978324e+02 -3.325056e+03 -6.201159e+02 -3.981323e+03 -1.810561e+03 3.218447e+03 -1.561949e+03 2.108553e+03 1.294340e+03 -4.044710e+02 3.685118e+02 3.185513e+03 1.072249e+03 -2.126434e+03 2.619580e+03
-1.699373e+03 -8.079549e+02 -3.336908e+03 -9.295244e+02 -4.082962e+03 -1.916683e+03 3.362018e+03 -1.516231e+03 1.919232e+03 1.151967e+03 -2.387237e+02 8.220026e+01 2.910136e+03 9.035566e+02 -2.174763e+03 2.284847e+03
-1.641755e+03 -7.506573e+02 -3.166108e+03 -8.090194e+02 -3.743483e+03 -1.747684e+03 2.912067e+03 -1.503200e+03 1.884881e+03 9.701731e+02 -2.232965e+02 1.689271e+02 2.928112e+03 7.476045e+02 -1.891825e+03 2.373801e+03
-1.649461e+03 -1.563334e+03 -3.062940e+03 -1.041841e+03 -3.605298e+03 -1.844622e+03 2.692109e+03 -1.815038e+03 1.982178e+03 8.877608e+02 -4.092832e+01 -1.347122e+02 3.121004e+03 2.925287e+02 -1.911009e+03 2.869134e+03
-1.683323e+03 -7.282553e+02 -3.339266e+03 -8.212353e+02 -4.176659e+03 -1.850056e+03 3.333451e+03 -1.521275e+03 1.960212e+03 9.856704e+02 -2.953414e+02 1.410296e+02 2.860619e+03 8.170445e+02 -2.341677e+03 2.254714e+03
-1.924511e+03 -1.494375e+03 -3.161442e+03 -1.298364e+03 -3.649876e+03 -1.780793e+03 2.849672e+03 -1.761929e+03 1.810583e+03 6.174338e+02 -2.852168e+02 -1.783105e+02 2.899072e+03 4.271748e+02 -1.716943e+03 2.306669e+03
-1.876405e+03 -1.178109e+03 -3.064726e+03 -1.134089e+03 -3.736319e+03 -1.942073e+03 3.047908e+03 -1.498188e+03 1.813924e+03 7.806288e+02 -2.149282e+02 -2.222344e+02 2.825755e+03 6.075624e+02 -1.924546e+03 2.225279e+03
-1.729100e+03 -8.177557e+02 -3.124318e+03 -9.642489e+02 -3.765322e+03 -1.938391e+03 3.026714e+03 -1.313917e+03 1.710362e+03 8.953842e+02 -3.507442e+02 -2.418480e+01 2.838441e+03 8.450893e+02 -1.942537e+03 2.135552e+03
-1.739396e+03 -8.747043e+02 -2.973346e+03 -1.025496e+03 -3.668883e+03 -1.858634e+03 2.861410e+03 -1.294083e+03 1.630162e+03 9.320012e+02 -2.803576e+02 -5.447525e+01 2.754921e+03 7.710549e+02 -1.778095e+03 2.172616e+03
-1.812340e+03 -1.165083e+03 -3.108040e+03 -1.092747e+03 -3.724599e+03 -1.949580e+03 3.070851e+03 -1.701951e+03 1.800274e+03 9.493607e+02 -2.456561e+02 -1.780751e+02 2.877911e+03 5.832141e+02 -1.904907e+03 2.358584e+03
-1.634477e+03 -8.138852e+02 -3.200815e+03 -9.881104e+02 -3.899812e+03 -1.654243e+03 3.100908e+03 -1.561154e+03 1.878040e+03 1.064090e+03 -2.692346e+02 2.640650e+02 2.942573e+03 9.840079e+02 -1.909451e+03 2.281992e+03
-1.623001e+03 -4.268379e+02 -3.029700e+03 -9.780528e+02 -3.640083e+03 -1.730958e+03 3.076038e+03 -8.500922e+02 1.572310e+03 9.488811e+02 -8.930553e+02 1.180799e+02 2.971086e+03 1.609543e+03 -1.827510e+03 2.116270e+03
-1.660568e+03 -1.035622e+03 -3.082199e+03 -8.978368e+02 -3.831818e+03 -1.769476e+03 2.814575e+03 -1.749560e+03 2.007334e+03 8.988758e+02 -1.124083e+02 1.105510e+02 2.940493e+03 4.162311e+02 -1.871531e+03 2.377328e+03
-1.578164e+03 -1.216489e+03 -3.084872e+03 -8.778242e+02 -3.586212e+03 -1.938050e+03 2.849583e+03 -1.627804e+03 1.861507e+03 1.069284e+03 -2.497275e+02 4.116656e+01 3.022541e+03 7.384596e+02 -1.938675e+03 2.627368e+03
-2.046226e+03 -1.603768e+03 -3.142697e+03 -1.234217e+03 -3.877132e+03 -1.893488e+03 2.867028e+03 -1.757472e+03 1.923947e+03 7.525313e+02 -1.098358e+01 -2.255750e+02 2.976690e+03 1.576272e+02 -2.082271e+03 2.821427e+03
-1.836579e+03 -1.160120e+03 -2.983991e+03 -1.046791e+03 -3.483210e+03 -1.879817e+03 2.861669e+03 -1.448832e+03 1.676650e+03 7.439429e+02 -3.959197e+02 -1.445319e+02 2.816456e+03 6.925494e+02 -1.459132e+03 2.146313e+03
-1.868443e+03 -1.146356e+03 -3.044474e+03 -1.140151e+03 -3.600195e+03 -1.908284e+03 2.900358e+03 -1.330568e+03 1.569816e+03 7.530039e+02 -3.164509e+02 -9.114017e+01 2.826117e+03 8.741340e+02 -1.803084e+03 2.124180e+03
-1.486138e+03 -1.958154e+03 -3.447671e+03 -1.017445e+03 -4.187453e+03 -1.409768e+03 2.505318e+03 -2.278784e+03 2.409972e+03 6.399950e+02 1.712539e+02 2.502394e+02 3.473070e+03 4.124302e+01 -1.994475e+03 3.704601e+03
-1.931749e+03 -1.660589e+03 -3.001518e+03 -1.306247e+03 -3.441080e+03 -1.803696e+03 2.738356e+03 -1.693756e+03 1.848733e+03 4.996385e+02 -4.900007e+02 -4.623243e+02 2.977200e+03 4.119991e+02 -1.470112e+03 2.490763e+03
-1.577268e+03 -7.355108e+02 -3.212699e+03 -9.109781e+02 -3.887614e+03 -1.780391e+03 3.110577e+03 -1.211894e+03 1.839971e+03 9.905085e+02 -3.104794e+02 1.006022e+02 2.946323e+03 1.069605e+03 -2.048425e+03 2.342784e+03
-1.890886e+03 -1.142043e+03 -3.037536e+03 -1.118793e+03 -3.736966e+03 -1.817621e+03 2.942249e+03 -1.470110e+03 1.733123e+03 7.706895e+02 -4.522907e+02 2.317028e+01 2.873939e+03 9.084148e+02 -1.520677e+03 2.132561e+03
-2.076754e+03 -1.446824e+03 -3.062457e+03 -1.342792e+03 -3.521508e+03 -1.882753e+03 2.735658e+03 -1.594509e+03 1.778121e+03 5.707748e+02 -2.896364e+02 -3.776319e+02 2.882261e+03 4.235136e+02 -1.757743e+03 2.352704e+03
-1.855669e+03 -1.375944e+03 -3.103719e+03 -1.110546e+03 -3.443156e+03 -1.902875e+03 2.720175e+03 -1.453767e+03 1.788787e+03 7.340740e+02 -1.639245e+02 -2.409812e+02 2.897563e+03 5.409779e+02 -1.805259e+03 2.480525e+03
-2.314260e+03 -1.168558e+03 -3.196280e+03 -1.448041e+03 -3.728157e+03 -1.924776e+03 3.178841e+03 -1.693554e+03 1.680842e+03 6.281988e+02 -2.698962e+02 -1.836724e+02 2.718185e+03 4.367038e+02 -1.832812e+03 1.919257e+03
-2.144845e+03 -1.327314e+03 -3.064765e+03 -1.312751e+03 -3.622937e+03 -1.953023e+03 2.926451e+03 -1.535777e+03 1.739428e+03 6.386473e+02 -3.306149e+02 -3.764562e+02 2.875848e+03 5.315678e+02 -1.734495e+03 2.295873e+03
-1.671265e+03 -1.615703e+03 -3.069547e+03 -1.018765e+03 -3.891634e+03 -1.595483e+03 2.684342e+03 -1.839996e+03 2.089837e+03 7.582440e+02 -9.081562e+01 -5.594648e+01 2.764474e+03 1.350551e+02 -1.960584e+03 2.976408e+03
-1.979153e+03 -1.196236e+03 -3.380433e+03 -1.291958e+03 -3.913423e+03 -1.890652e+03 3.331725e+03 -1.714869e+03 1.638487e+03 1.014476e+03 -2.026363e+00 -1.002749e+02 2.762048e+03 6.465816e+02 -2.314416e+03 2.396592e+03
-2.049730e+03 -1.016612e+03 -3.270224e+03 -1.270717e+03 -3.867439e+03 -1.978331e+03 3.284607e+03 -1.552926e+03 1.679570e+03 9.600033e+02 1.118282e+00 -2.170084e+02 2.689685e+03 5.948563e+02 -2.315961e+03 2.184904e+03
-1.629299e+03 -7.180050e+02 -3.176173e+03 -9.806832e+02 -3.662665e+03 -1.853581e+03 2.993790e+03 -1.082010e+03 1.621576e+03 9.450331e+02 -3.251579e+02 3.233012e+01 2.892115e+03 1.135937e+03 -1.937604e+03 2.184417e+03
-1.244446e+03 -1.393495e+03 -3.488206e+03 -7.881361e+02 -4.767959e+03 -1.540937e+03 3.425393e+03 -2.167826e+03 2.351107e+03 1.208625e+03 -9.346422e+01 3.604413e+02 3.449535e+03 7.438656e+02 -2.428517e+03 3.702450e+03
-1.898848e+03 -1.124063e+03 -2.841404e+03 -1.215092e+03 -3.592096e+03 -1.805233e+03 2.866843e+03 -1.141914e+03 1.635504e+03 6.508587e+02 -3.374801e+02 3.908447e+01 2.988040e+03 9.452750e+02 -1.503560e+03 2.343300e+03
-1.703007e+03 -9.205095e+02 -3.028762e+03 -1.127565e+03 -3.584619e+03 -1.910404e+03 2.906205e+03 -1.027484e+03 1.531978e+03 8.438897e+02 -3.582971e+02 -1.601255e+01 2.959027e+03 1.063573e+03 -1.882250e+03 2.416879e+03
-1.830335e+03 -1.665041e+03 -3.192824e+03 -1.036492e+03 -4.106995e+03 -1.823463e+03 2.837954e+03 -2.092504e+03 2.187757e+03 8.796578e+02 8.289788e+01 1.364531e+02 3.201288e+03 9.619331e+01 -2.091560e+03 3.064609e+03
-1.940168e+03 -1.574137e+03 -3.042022e+03 -1.322551e+03 -3.330059e+03 -1.869491e+03 2.665238e+03 -1.616028e+03 1.777897e+03 6.181080e+02 -2.313699e+02 -4.150341e+02 2.947614e+03 4.148528e+02 -1.714203e+03 2.416109e+03
-1.729628e+03 -1.656958e+03 -3.223139e+03 -9.352507e+02 -4.035186e+03 -1.849373e+03 2.934160e+03 -2.182899e+03 2.255609e+03 1.015909e+03 6.385174e+01 3.608829e+01 3.194292e+03 1.148715e+02 -2.187640e+03 3.135514e+03
-1.863875e+03 -1.264066e+03 -2.937573e+03 -1.303205e+03 -3.563912e+03 -1.860989e+03 2.852216e+03 -1.488154e+03 1.687533e+03 8.496623e+02 -7.089242e+01 -3.475974e+02 2.765997e+03 4.018233e+02 -1.991977e+03 2.428961e+03
-1.902562e+03 -8.691662e+02 -3.185399e+03 -1.155517e+03 -3.867521e+03 -1.964520e+03 3.111459e+03 -1.260465e+03 1.653299e+03 1.015040e+03 -8.911143e+01 -1.037098e+02 2.758753e+03 6.392727e+02 -2.234020e+03 2.234799e+03
-1.810982e+03 -1.282309e+03 -3.226181e+03 -1.171451e+03 -3.749099e+03 -1.891311e+03 2.968338e+03 -1.971587e+03 2.104412e+03 9.667385e+02 -4.159056e+01 -2.422229e+01 2.923330e+03 2.965158e+02 -2.258551e+03 2.492087e+03
-1.520937e+03 -9.970216e+02 -3.088705e+03 -8.681993e+02 -3.731026e+03 -1.838186e+03 3.044151e+03 -1.426801e+03 1.836276e+03 9.882027e+02 -3.968763e+02 -7.558110e+01 2.844245e+03 9.060237e+02 -1.940741e+03 2.433609e+03
-1.735231e+03 -1.195473e+03 -3.189909e+03 -1.009140e+03 -3.608707e+03 -1.888967e+03 3.073771e+03 -1.675587e+03 1.891414e+03 9.733561e+02 -2.414279e+02 -1.398339e+02 2.784135e+03 7.128961e+02 -2.087735e+03 2.268348e+03
-1.872366e+03 -1.780301e+03 -3.245771e+03 -1.200982e+03 -4.039514e+03 -1.902654e+03 2.925064e+03 -2.111743e+03 2.147716e+03 9.455108e+02 1.529078e+02 -9.381067e+01 3.082365e+03 -2.619177e+01 -2.275895e+03 3.070590e+03
-1.863465e+03 -9.648083e+02 -3.136311e+03 -1.017697e+03 -3.812116e+03 -1.814959e+03 2.891603e+03 -1.356947e+03 1.851838e+03 7.752676e+02 -2.184354e+02 -6.139183e+01 2.719131e+03 4.893737e+02 -1.892927e+03 2.126371e+03
-2.176010e+03 -1.398204e+03 -3.007830e+03 -1.350874e+03 -3.645398e+03 -1.853038e+03 2.808822e+03 -1.567577e+03 1.651044e+03 4.461196e+02 -5.020317e+02 -3.511443e+02 2.933408e+03 4.980914e+02 -1.434773e+03 2.244393e+03
-1.860009e+03 -1.297004e+03 -3.338511e+03 -1.171522e+03 -3.910172e+03 -2.095168e+03 3.172928e+03 -1.466779e+03 1.639048e+03 9.854409e+02 -5.931543e+01 -1.869363e+02 3.022586e+03 5.634638e+02 -2.342475e+03 2.664857e+03
-2.100410e+03 -1.354706e+03 -3.136057e+03 -1.226339e+03 -3.854491e+03 -1.791427e+03 2.923014e+03 -1.729460e+03 1.903735e+03 6.498065e+02 -1.388783e+02 -2.426470e+02 2.676118e+03 1.519407e+02 -1.989378e+03 2.387213e+03
-1.685064e+03 -9.985257e+02 -3.136882e+03 -1.038103e+03 -3.540078e+03 -1.903703e+03 3.096317e+03 -1.309195e+03 1.755727e+03 1.056368e+03 -3.779495e+02 -1.440620e+02 2.775070e+03 1.106243e+03 -2.076827e+03 2.118240e+03
-1.711878e+03 -1.998542e+02 -3.251420e+03 -7.648787e+02 -3.978630e+03 -1.716451e+03 3.322400e+03 -1.081775e+03 1.718869e+03 1.023403e+03 -6.331595e+02 3.911141e+02 2.998886e+03 1.434188e+03 -1.973335e+03 2.066225e+03
-1.668352e+03 -2.073809e+03 -3.189353e+03 -8.607333e+02 -4.186350e+03 -1.537754e+03 2.865605e+03 -2.251247e+03 2.326365e+03 7.232651e+02 6.335917e+01 1.078341e+02 3.046397e+03 -1.695491e+01 -1.905081e+03 3.708281e+03
-1.906655e+03 -9.557159e+02 -3.057965e+03 -1.181534e+03 -3.786540e+03 -1.803717e+03 3.102471e+03 -1.201389e+03 1.683244e+03 6.172494e+02 -4.193542e+02 -4.005910e+02 2.759241e+03 8.512120e+02 -1.917479e+03 1.939090e+03
-1.723187e+03 -1.042803e+03 -3.019962e+03 -9.760667e+02 -3.755421e+03 -1.836217e+03 2.957599e+03 -1.492998e+03 1.861795e+03 8.903875e+02 -1.690496e+02 -6.387380e+01 2.890980e+03 6.276634e+02 -1.957160e+03 2.298163e+03
-1.242998e+03 -1.065159e+03 -3.115934e+03 -8.064023e+02 -3.914746e+03 -1.620462e+03 3.155146e+03 -1.634388e+03 1.934125e+03 1.188689e+03 -4.851090e+02 2.577224e+01 3.121337e+03 1.093505e+03 -1.968660e+03 2.769120e+03
-1.884013e+03 -1.404008e+03 -2.906599e+03 -1.168524e+03 -3.629032e+03 -1.754191e+03 2.768685e+03 -1.555131e+03 1.854872e+03 5.706967e+02 -3.081249e+02 -2.049408e+02 2.863347e+03 4.474511e+02 -1.628607e+03 2.379590e+03
-1.752401e+03 -9.778773e+02 -3.202230e+03 -9.797648e+02 -3.816316e+03 -1.859929e+03 3.079999e+03 -1.427159e+03 1.864904e+03 8.930807e+02 -2.618922e+02 -1.179849e+02 2.836619e+03 7.304959e+02 -2.144652e+03 2.292789e+03
-1.439916e+03 -2.074892e+03 -3.079115e+03 -8.180099e+02 -4.184244e+03 -1.387460e+03 2.810463e+03 -2.164304e+03 2.342673e+03 7.964297e+02 9.061747e+01 2.657667e+02 3.104380e+03 1.651787e+02 -1.950115e+03 3.936310e+03
-1.530461e+03 -4.498689e+02 -3.105547e+03 -9.496755e+02 -3.789574e+03 -1.749040e+03 3.210315e+03 -9.964366e+02 1.656531e+03 1.060788e+03 -6.768641e+02 1.817633e+02 3.072446e+03 1.496963e+03 -1.999077e+03 2.249858e+03
-1.724080e+03 -8.415126e+02 -3.120651e+03 -9.039341e+02 -3.799415e+03 -1.857776e+03 2.981819e+03 -1.345620e+03 1.753746e+03 9.291984e+02 -2.406397e+02 4.325619e+01 2.781214e+03 8.847821e+02 -2.004378e+03 2.164340e+03
-2.090116e+03 -1.395904e+03 -3.078693e+03 -1.302567e+03 -3.695526e+03 -1.502260e+03 2.625203e+03 -1.434625e+03 1.933163e+03 4.322374e+02 -1.556244e+02 -8.958388e+01 2.918250e+03 3.501737e+02 -1.716355e+03 2.482879e+03
-1.596422e+03 -1.034578e+03 -3.300525e+03 -9.920235e+02 -4.043995e+03 -1.911973e+03 3.311471e+03 -1.471528e+03 1.815805e+03 1.116882e+03 -1.969707e+02 -6.383130e+01 2.965907e+03 9.744420e+02 -2.269127e+03 2.519631e+03
-2.090867e+03 -1.242638e+03 -2.818045e+03 -1.449900e+03 -3.127938e+03 -1.836217e+03 2.654844e+03 -7.997818e+02 1.282672e+03 5.271942e+02 -2.458635e+02 -3.539285e+02 2.846639e+03 9.569127e+02 -1.531136e+03 2.378695e+03
-1.975864e+03 -1.147518e+03 -3.188418e+03 -1.255042e+03 -3.808794e+03 -2.034282e+03 3.065851e+03 -1.432800e+03 1.727393e+03 9.957437e+02 -7.262026e+01 -1.899682e+02 2.890048e+03 5.574593e+02 -2.253255e+03 2.429535e+03
-1.496381e+03 -9.267652e+02 -2.894615e+03 -6.974409e+02 -3.745029e+03 -1.519696e+03 2.707404e+03 -1.260262e+03 1.773011e+03 8.815805e+02 -4.248996e+02 3.200476e+02 2.852140e+03 8.441841e+02 -1.419183e+03 2.759242e+03
-1.800164e+03 -1.659073e+03 -2.959234e+03 -1.179102e+03 -3.739636e+03 -1.626861e+03 2.552288e+03 -1.610053e+03 1.933113e+03 5.248322e+02 -9.749877e+01 -1.239165e+02 3.068943e+03 2.716528e+02 -1.808618e+03 3.137945e+03
-1.718557e+03 -1.525591e+03 -3.127524e+03 -1.145906e+03 -3.482804e+03 -1.936770e+03 2.798648e+03 -1.705264e+03 1.797504e+03 9.935725e+02 -7.007281e+01 -2.858253e+02 2.923969e+03 4.445454e+02 -2.087508e+03 2.680983e+03
-1.929395e+03 -9.803574e+02 -3.029435e+03 -1.103853e+03 -3.744058e+03 -1.955028e+03 2.957173e+03 -1.357947e+03 1.726753e+03 7.775645e+02 -2.151027e+02 -1.525058e+02 2.744430e+03 6.113706e+02 -1.926254e+03 2.127983e+03
-1.926218e+03 -1.759718e+03 -3.162396e+03 -1.044416e+03 -4.156808e+03 -1.668259e+03 2.918201e+03 -1.915791e+03 2.104506e+03 5.483840e+02 -1.288919e+02 -1.707796e+02 2.954720e+03 1.281500e+02 -1.815697e+03 3.053469e+03
-1.053412e+03 -1.609510e+03 -3.566429e+03 -5.190206e+02 -4.437811e+03 -1.727116e+03 2.904226e+03 -2.739183e+03 2.712866e+03 1.535233e+03 1.797092e+02 3.660179e+02 3.335865e+03 2.002751e+01 -2.639500e+03 3.543784e+03
-1.597304e+03 -8.302447e+02 -3.219842e+03 -7.550119e+02 -4.079423e+03 -1.773208e+03 3.032888e+03 -1.871051e+03 2.094810e+03 1.160852e+03 -1.858473e+02 3.847662e+02 3.213264e+03 5.926798e+02 -2.001653e+03 2.708502e+03
-1.504886e+03 -1.778352e+03 -3.040182e+03 -1.003730e+03 -3.395580e+03 -1.770374e+03 2.493473e+03 -1.992797e+03 2.019288e+03 8.276657e+02 -1.982116e+02 -1.631535e+02 3.105802e+03 2.308344e+02 -1.607756e+03 2.824050e+03
-2.177660e+03 -1.465975e+03 -3.267174e+03 -1.465911e+03 -3.553151e+03 -1.877182e+03 3.095832e+03 -1.535893e+03 1.561888e+03 6.957132e+02 -9.774252e+01 -4.962071e+02 2.701430e+03 4.171656e+02 -2.127602e+03 2.250353e+03
-1.520040e+03 -2.182330e+03 -3.176765e+03 -7.317136e+02 -4.213513e+03 -1.499443e+03 2.917112e+03 -2.445601e+03 2.413585e+03 9.299881e+02 1.075394e+02 2.949539e+02 3.295691e+03 1.892143e+02 -1.971326e+03 4.115161e+03
-1.664261e+03 -1.068831e+03 -3.064055e+03 -9.877694e+02 -3.636019e+03 -1.853609e+03 2.843948e+03 -1.323934e+03 1.776219e+03 8.991508e+02 -2.223328e+02 5.619579e-01 2.966571e+03 6.978572e+02 -1.895022e+03 2.526675e+03
-2.018927e+03 -7.956904e+02 -2.922587e+03 -1.099886e+03 -3.759113e+03 -1.933680e+03 2.949942e+03 -1.320074e+03 1.615559e+03 7.217632e+02 -3.792016e+02 -1.713324e+02 2.668923e+03 6.562459e+02 -1.682962e+03 1.948036e+03
-2.041058e+03 -6.588281e+02 -3.163961e+03 -1.057762e+03 -3.942989e+03 -1.779392e+03 3.209925e+03 -9.555194e+02 1.611082e+03 6.503218e+02 -4.404397e+02 -9.921539e+01 2.749218e+03 1.053924e+03 -2.069864e+03 2.042809e+03
-2.068413e+03 -1.408596e+03 -3.038946e+03 -1.306619e+03 -3.572415e+03 -1.769721e+03 2.899736e+03 -1.466681e+03 1.745030e+03 5.349181e+02 -2.655674e+02 -3.818950e+02 2.877303e+03 5.829533e+02 -1.772131e+03 2.478550e+03
-2.043362e+03 -1.162726e+03 -3.229652e+03 -1.243977e+03 -3.729093e+03 -1.873498e+03 3.112978e+03 -1.402251e+03 1.679741e+03 8.236997e+02 -9.686406e+01 -3.418249e+02 2.691734e+03 6.227965e+02 -2.200621e+03 2.241959e+03
-1.901338e+03 -9.337146e+02 -3.018391e+03 -9.465230e+02 -3.924018e+03 -1.672182e+03 3.025271e+03 -1.403658e+03 1.937726e+03 7.091201e+02 -6.835425e+02 1.506439e+02 2.470712e+03 7.532413e+02 -1.689013e+03 1.956175e+03
-1.929536e+03 -1.138068e+03 -3.215847e+03 -1.131079e+03 -3.956614e+03 -1.874809e+03 3.134281e+03 -1.359865e+03 1.718915e+03 8.183248e+02 -2.413808e+02 -2.068465e+02 2.795486e+03 7.828041e+02 -2.126552e+03 2.319034e+03
-1.853439e+03 -1.172280e+03 -3.149223e+03 -1.093916e+03 -3.786525e+03 -1.938063e+03 3.049393e+03 -1.365288e+03 1.745327e+03 7.939794e+02 -2.628248e+02 -2.501180e+02 2.900607e+03 7.277695e+02 -2.050170e+03 2.429289e+03
-1.912833e+03 -1.853326e+03 -3.117426e+03 -1.193166e+03 -3.503530e+03 -1.766498e+03 2.645394e+03 -1.921204e+03 2.057746e+03 5.894590e+02 -2.676664e+02 -3.815523e+02 3.143153e+03 2.483425e+02 -1.744587e+03 2.970729e+03
-1.563231e+03 -8.373493e+02 -3.290627e+03 -7.401367e+02 -4.060229e+03 -1.744270e+03 3.131340e+03 -1.699762e+03 2.027492e+03 1.217425e+03 -1.532099e+02 2.653773e+02 3.181531e+03 7.190296e+02 -2.035840e+03 2.599143e+03
-1.919749e+03 -1.739195e+03 -3.037695e+03 -1.284920e+03 -3.298991e+03 -1.759135e+03 2.678607e+03 -1.784163e+03 1.736852e+03 5.273462e+02 -3.803465e+02 -4.222052e+02 3.007083e+03 3.408183e+02 -1.461925e+03 2.513390e+03
-1.468636e+03 -1.964170e+03 -3.142793e+03 -6.866850e+02 -4.346180e+03 -1.440650e+03 2.968534e+03 -2.389145e+03 2.369260e+03 9.362591e+02 7.355451e+01 3.755188e+02 3.180440e+03 2.595969e+02 -2.001662e+03 3.954974e+03
-1.551633e+03 -1.953993e+03 -3.234606e+03 -9.607661e+02 -4.065409e+03 -1.495186e+03 2.588794e+03 -2.217072e+03 2.228880e+03 7.317397e+02 1.475715e+02 2.354402e+02 3.379510e+03 2.242529e+02 -1.962994e+03 3.852166e+03
-1.880242e+03 -1.095558e+03 -2.985754e+03 -1.080738e+03 -3.305063e+03 -1.942754e+03 2.800166e+03 -1.193317e+03 1.593200e+03 7.930181e+02 -2.786967e+02 -1.650963e+02 2.797600e+03 8.312489e+02 -1.772382e+03 2.207314e+03
-2.014943e+03 -1.542632e+03 -2.941693e+03 -1.329607e+03 -3.377754e+03 -1.932425e+03 2.735605e+03 -1.267957e+03 1.558951e+03 5.292975e+02 -2.994926e+02 -4.129705e+02 3.118133e+03 7.252788e+02 -1.685219e+03 2.784846e+03
-1.988068e+03 -1.712630e+03 -3.100088e+03 -1.336138e+03 -3.516258e+03 -1.755908e+03 2.731189e+03 -1.807897e+03 1.896549e+03 5.309501e+02 -4.281878e+02 -4.259955e+02 2.990658e+03 4.108443e+02 -1.486267e+03 2.511551e+03
-1.821587e+03 -1.384126e+03 -3.128017e+03 -1.030072e+03 -3.991921e+03 -1.886652e+03 2.863809e+03 -1.801738e+03 2.033065e+03 9.431510e+02 -5.955539e+01 -2.052250e+01 2.976006e+03 2.287377e+02 -2.051010e+03 2.744740e+03
-1.832258e+03 -8.435134e+02 -3.162192e+03 -1.021094e+03 -3.983533e+03 -1.848112e+03 3.159792e+03 -1.360656e+03 1.782278e+03 8.794100e+02 -2.197947e+02 -6.660357e+01 2.770660e+03 7.845166e+02 -2.138744e+03 2.170433e+03
-2.040977e+03 -1.540753e+03 -2.949635e+03 -1.324011e+03 -3.415030e+03 -1.812756e+03 2.782251e+03 -1.395140e+03 1.720481e+03 4.417782e+02 -4.063336e+02 -4.569078e+02 2.887549e+03 4.744905e+02 -1.482103e+03 2.289625e+03
-5.491195e+02 -2.754138e+03 -3.566804e+03 -4.177717e+02 -4.958012e+03 -1.147408e+03 2.155604e+03 -3.977783e+03 3.678479e+03 1.428623e+03 6.514773e+02 6.209182e+02 3.450996e+03 -1.650508e+03 -2.785640e+03 4.927668e+03
-1.740439e+03 -1.303181e+03 -3.175011e+03 -9.940653e+02 -4.000465e+03 -1.921697e+03 2.907809e+03 -1.611473e+03 1.811750e+03 8.274545e+02 -1.821012e+02 8.776700e+01 2.914484e+03 4.847506e+02 -1.952425e+03 2.606800e+03
-1.537102e+03 -1.148962e+03 -3.283001e+03 -7.274198e+02 -3.865412e+03 -1.911246e+03 3.049471e+03 -1.895761e+03 2.145167e+03 1.251619e+03 -2.551764e+02 1.722075e+02 3.156494e+03 6.059216e+02 -1.936833e+03 2.699357e+03
-1.745794e+03 -1.560252e+03 -3.331105e+03 -8.968521e+02 -4.172628e+03 -1.949011e+03 3.151413e+03 -2.085943e+03 2.205335e+03 1.165273e+03 6.721056e+01 -6.284426e+00 3.233560e+03 2.833021e+02 -2.448047e+03 3.009040e+03
-1.966414e+03 -7.720092e+02 -3.062755e+03 -1.048544e+03 -3.594126e+03 -1.990672e+03 2.981810e+03 -1.230928e+03 1.508726e+03 8.466866e+02 -2.902520e+02 -4.424152e+01 2.819011e+03 9.130731e+02 -1.743660e+03 1.908550e+03
-2.022832e+03 -1.515082e+03 -3.066590e+03 -1.414922e+03 -3.544585e+03 -1.689413e+03 2.843722e+03 -1.686847e+03 1.733512e+03 5.660847e+02 -7.848223e+01 -3.531604e+02 2.718261e+03 1.650555e+02 -1.774948e+03 2.308567e+03
-1.635808e+03 -1.606961e+03 -3.046646e+03 -9.681805e+02 -3.298666e+03 -1.930212e+03 2.617510e+03 -1.807565e+03 1.946461e+03 8.404611e+02 -2.269487e+02 -2.247107e+02 3.114292e+03 4.407810e+02 -1.661410e+03 2.702420e+03
-1.618726e+03 -9.075094e+02 -3.329842e+03 -7.493711e+02 -3.923382e+03 -1.907905e+03 3.256637e+03 -1.478226e+03 1.883335e+03 1.178540e+03 -1.832838e+02 1.676670e+02 3.007878e+03 8.580189e+02 -2.335148e+03 2.444653e+03
-2.270387e+03 -1.211872e+03 -3.192781e+03 -1.461582e+03 -3.668853e+03 -1.924917e+03 3.116879e+03 -1.693404e+03 1.681001e+03 6.503073e+02 -2.618352e+02 -2.124562e+02 2.758549e+03 4.415148e+02 -1.796036e+03 1.991839e+03
-1.730221e+03 -8.522464e+02 -3.128247e+03 -8.727544e+02 -3.670030e+03 -1.858734e+03 2.828744e+03 -1.427292e+03 1.803260e+03 9.431074e+02 -2.636880e+02 1.005764e+02 2.811673e+03 6.816938e+02 -1.711635e+03 2.201302e+03
-2.064853e+03 -1.426169e+03 -3.311309e+03 -1.238346e+03 -3.840383e+03 -1.897934e+03 3.232445e+03 -1.800958e+03 1.867553e+03 7.826986e+02 -1.800611e+02 -2.242046e+02 2.809003e+03 5.405221e+02 -2.016408e+03 2.299684e+03
-2.203260e+03 -1.575033e+03 -3.074051e+03 -1.556934e+03 -3.419480e+03 -1.808135e+03 2.867411e+03 -1.671156e+03 1.637917e+03 5.740198e+02 -2.559358e+02 -5.517470e+02 2.771093e+03 2.683282e+02 -1.728000e+03 2.232758e+03
-1.470680e+03 -8.655199e+02 -3.151646e+03 -8.214968e+02 -3.650818e+03 -1.855850e+03 2.934588e+03 -1.396646e+03 1.837754e+03 1.013232e+03 -3.402765e+02 7.768970e+01 2.987731e+03 1.011078e+03 -1.902489e+03 2.357232e+03
-1.866300e+03 -1.356101e+03 -3.173164e+03 -1.153085e+03 -3.673941e+03 -2.015435e+03 3.044112e+03 -1.430642e+03 1.653997e+03 9.666720e+02 -1.316136e+02 -3.334869e+02 2.972910e+03 6.144565e+02 -2.131042e+03 2.607347e+03
-1.843152e+03 -1.115076e+03 -3.205297e+03 -1.023976e+03 -3.929922e+03 -2.018009e+03 3.210870e+03 -1.621298e+03 1.904004e+03 1.049172e+03 -1.676375e+02 -1.922363e+02 2.933888e+03 6.326612e+02 -2.248120e+03 2.378846e+03
-1.762971e+03 -7.758449e+02 -3.118538e+03 -1.028037e+03 -3.623163e+03 -1.871657e+03 2.977974e+03 -1.061922e+03 1.564516e+03 8.844895e+02 -3.429331e+02 4.060436e+01 2.837520e+03 9.607009e+02 -1.909394e+03 2.225380e+03
-1.869531e+03 -7.995349e+02 -3.129698e+03 -1.059212e+03 -3.678238e+03 -1.849463e+03 2.969663e+03 -1.018721e+03 1.619168e+03 7.325194e+02 -3.839208e+02 -7.836915e+01 2.757557e+03 8.881688e+02 -2.019824e+03 2.137418e+03
-1.844349e+03 -1.393489e+03 -2.996487e+03 -1.091587e+03 -3.527645e+03 -1.977628e+03 2.747938e+03 -1.518892e+03 1.784002e+03 7.301736e+02 -3.397481e+02 -2.563005e+02 2.875894e+03 5.250686e+02 -1.727366e+03 2.458014e+03
-1.675167e+03 -1.074717e+03 -3.127445e+03 -9.525229e+02 -3.656290e+03 -1.823074e+03 2.780750e+03 -1.530697e+03 1.803517e+03 9.341438e+02 -1.307647e+02 8.340006e+01 3.000419e+03 6.119459e+02 -1.867543e+03 2.518149e+03
-1.671924e+03 -1.892988e+02 -3.368094e+03 -7.497843e+02 -4.322551e+03 -1.836731e+03 3.539310e+03 -1.148105e+03 1.834201e+03 1.159060e+03 -6.956370e+02 4.082250e+02 3.360736e+03 1.528280e+03 -2.278082e+03 2.139955e+03
-1.580684e+03 -6.602310e+02 -3.085427e+03 -7.684070e+02 -3.763959e+03 -1.771962e+03 2.935292e+03 -1.347933e+03 1.852877e+03 9.912247e+02 -3.943734e+02 2.425196e+02 2.842055e+03 8.690732e+02 -1.836813e+03 2.267426e+03
-1.646020e+03 -2.337327e+02 -3.211889e+03 -8.535635e+02 -4.226267e+03 -1.791951e+03 3.478452e+03 -1.211447e+03 1.830438e+03 1.233692e+03 -7.261955e+02 3.910872e+02 3.183611e+03 1.528539e+03 -1.965913e+03 2.203449e+03
-1.645569e+03 -1.247021e+03 -3.031621e+03 -9.301735e+02 -3.530527e+03 -1.965755e+03 2.834268e+03 -1.564030e+03 1.883070e+03 9.210099e+02 -2.762585e+02 -1.155134e+02 2.952568e+03 6.922868e+02 -1.903520e+03 2.508039e+03
-1.906342e+03 -1.260526e+03 -3.161391e+03 -1.042597e+03 -4.017400e+03 -1.951534e+03 3.090258e+03 -1.797096e+03 2.073702e+03 9.448599e+02 -1.561295e+02 -1.129879e+02 3.022534e+03 3.819174e+02 -2.195622e+03 2.575262e+03
-1.993041e+03 -7.978204e+02 -3.040067e+03 -1.153596e+03 -3.894027e+03 -1.859707e+03 2.987277e+03 -1.367986e+03 1.696893e+03 8.461072e+02 -2.782006e+02 -2.164590e+01 2.785502e+03 6.665812e+02 -1.777368e+03 2.105737e+03
-1.543251e+03 -2.041842e+03 -3.105242e+03 -7.271336e+02 -4.183321e+03 -1.434075e+03 2.818038e+03 -2.380433e+03 2.412445e+03 9.624346e+02 1.024957e+02 3.042145e+02 3.149389e+03 9.744540e+00 -1.966258e+03 3.870698e+03
-1.874967e+03 -9.701495e+02 -2.926483e+03 -1.070033e+03 -3.628288e+03 -1.886460e+03 2.888081e+03 -1.379561e+03 1.698458e+03 7.757682e+02 -4.588810e+02 -4.583566e+01 2.767761e+03 7.913376e+02 -1.553940e+03 1.965229e+03
-1.588809e+03 -8.155105e+02 -3.221635e+03 -8.032906e+02 -3.941399e+03 -1.891795e+03 3.061778e+03 -1.598890e+03 1.957323e+03 1.125487e+03 -2.986990e+02 2.023468e+02 2.959358e+03 7.245468e+02 -1.845544e+03 2.300494e+03
-1.698884e+03 -8.369517e+02 -3.208410e+03 -1.014415e+03 -3.857592e+03 -1.801918e+03 3.107048e+03 -1.077037e+03 1.707940e+03 9.506560e+02 -3.731115e+02 -4.364736e+01 2.902246e+03 1.086412e+03 -2.124045e+03 2.284710e+03
-2.241313e+03 -1.371368e+03 -3.065774e+03 -1.446297e+03 -3.541091e+03 -1.987225e+03 2.963900e+03 -1.309296e+03 1.538544e+03 4.856406e+02 -3.295515e+02 -6.581338e+02 2.800400e+03 5.369946e+02 -1.771870e+03 2.214550e+03
-1.795781e+03 -1.198857e+03 -3.121980e+03 -1.151670e+03 -3.561092e+03 -1.928496e+03 2.927582e+03 -1.339133e+03 1.664148e+03 7.501163e+02 -2.667828e+02 -3.369969e+02 2.858485e+03 7.006221e+02 -1.957152e+03 2.339778e+03
-1.563213e+03 -2.712819e+02 -3.248283e+03 -7.970771e+02 -4.004416e+03 -1.755537e+03 3.113872e+03 -1.289069e+03 1.727524e+03 1.103703e+03 -6.607561e+02 4.895491e+02 3.210008e+03 1.365027e+03 -2.006215e+03 2.249360e+03
-1.575511e+03 -1.874324e+03 -3.144192e+03 -9.313024e+02 -4.055317e+03 -1.606377e+03 2.741224e+03 -2.076101e+03 2.285158e+03 7.565686e+02 -2.661763e+01 5.362718e+01 3.294737e+03 2.111787e+02 -1.972635e+03 3.666032e+03
-2.063978e+03 -1.369549e+03 -2.933047e+03 -1.376088e+03 -3.478995e+03 -1.761035e+03 2.677034e+03 -1.571102e+03 1.725987e+03 5.088900e+02 -4.261652e+02 -3.354874e+02 2.871145e+03 3.974924e+02 -1.436073e+03 2.190741e+03
-1.567861e+03 -1.725049e+03 -3.333861e+03 -7.177744e+02 -4.143673e+03 -1.707759e+03 3.025480e+03 -2.325748e+03 2.398485e+03 1.240623e+03 -2.626490e+01 2.611900e+02 3.357850e+03 1.826323e+02 -2.134475e+03 3.389508e+03
-1.886955e+03 -1.122506e+03 -2.960477e+03 -1.131049e+03 -3.522769e+03 -1.929103e+03 2.786030e+03 -1.532140e+03 1.740583e+03 7.992823e+02 -3.295792e+02 -1.470589e+02 2.798998e+03 5.552711e+02 -1.677055e+03 2.200329e+03
-1.850634e+03 -1.042911e+03 -3.273377e+03 -9.585907e+02 -3.909585e+03 -1.868677e+03 3.154491e+03 -1.487830e+03 1.868867e+03 9.706902e+02 -1.926167e+02 -8.483527e+01 2.723432e+03 6.802513e+02 -2.265538e+03 2.201241e+03
-1.569674e+03 -4.965489e+02 -3.148794e+03 -8.901292e+02 -3.574123e+03 -1.828493e+03 3.049895e+03 -1.006831e+03 1.544324e+03 1.054584e+03 -4.431773e+02 1.928775e+02 2.945273e+03 1.285530e+03 -1.985739e+03 2.126104e+03
-1.539064e+03 -1.702161e+03 -3.120041e+03 -7.123540e+02 -4.205553e+03 -1.377995e+03 2.462935e+03 -2.299163e+03 2.554312e+03 7.810542e+02 -4.220373e+01 2.614930e+02 2.964542e+03 -1.089254e+02 -1.698487e+03 3.299772e+03
-2.136689e+03 -1.478801e+03 -3.306929e+03 -1.577493e+03 -3.631430e+03 -2.043757e+03 3.029729e+03 -1.482612e+03 1.483670e+03 7.315780e+02 -2.853641e+01 -6.089495e+02 2.854815e+03 3.389191e+02 -2.133828e+03 2.539536e+03
-1.598118e+03 -8.087575e+02 -3.164483e+03 -8.170201e+02 -3.944480e+03 -1.856405e+03 3.083649e+03 -1.536194e+03 1.930912e+03 1.072467e+03 -1.735007e+02 2.366703e+02 3.052080e+03 7.657532e+02 -1.963469e+03 2.428165e+03
-2.232850e+03 -1.135213e+03 -3.233692e+03 -9.227471e+02 -3.959839e+03 -1.109304e+03 2.689226e+03 -1.571057e+03 1.666924e+03 6.676141e+02 -6.389571e+02 3.198503e+02 2.930935e+03 5.237980e+02 -1.470600e+03 2.698296e+03
-2.026245e+03 -1.019615e+03 -3.074194e+03 -8.098395e+02 -4.196376e+03 -1.245831e+03 2.708081e+03 -1.398264e+03 1.798272e+03 7.054269e+02 -7.494078e+02 4.996917e+02 3.198565e+03 8.125811e+02 -1.568423e+03 2.847940e+03
-1.441487e+03 -1.700905e+03 -3.158723e+03 -7.340141e+02 -4.470521e+03 -1.234475e+03 2.563717e+03 -2.387667e+03 2.210732e+03 1.147797e+03 -4.265358e+02 9.527987e+02 3.917086e+03 4.872136e+02 -1.823566e+03 4.174604e+03
-2.071846e+03 -9.973965e+02 -3.188384e+03 -8.026986e+02 -4.369733e+03 -1.301762e+03 2.816883e+03 -1.544226e+03 1.731787e+03 8.143587e+02 -7.200687e+02 5.737137e+02 3.240608e+03 8.372025e+02 -1.668109e+03 2.771980e+03
-1.634770e+03 -2.139862e+03 -3.584792e+03 -6.168823e+02 -4.950358e+03 -1.065424e+03 2.821938e+03 -2.912689e+03 2.514253e+03 1.090736e+03 -1.211632e+02 6.535664e+02 3.683191e+03 -2.080310e+02 -2.201347e+03 4.190271e+03
-2.636830e+03 -7.771839e+02 -3.537049e+03 -1.184482e+03 -4.677025e+03 -1.424573e+03 3.469276e+03 -1.189641e+03 1.430087e+03 4.082791e+02 -5.223890e+02 3.245881e+02 3.134698e+03 8.696609e+02 -1.940211e+03 1.939788e+03
-2.627395e+03 -1.410058e+03 -3.394832e+03 -1.168245e+03 -4.405904e+03 -1.466520e+03 3.110148e+03 -1.640038e+03 1.438890e+03 2.810584e+02 -3.705880e+02 -3.400342e+01 3.219564e+03 3.785983e+02 -1.653108e+03 2.327698e+03
-1.837214e+03 -6.082007e+02 -3.131833e+03 -7.955271e+02 -4.427442e+03 -1.060260e+03 2.704830e+03 -1.516553e+03 1.288711e+03 8.863196e+02 -1.013392e+03 1.123601e+03 3.705930e+03 1.240648e+03 -1.045017e+03 3.322256e+03
-2.005617e+03 -1.118003e+03 -3.157047e+03 -8.703090e+02 -4.442552e+03 -1.171066e+03 2.778988e+03 -1.530785e+03 1.654287e+03 6.626803e+02 -6.889585e+02 6.177081e+02 3.357802e+03 7.216081e+02 -1.455837e+03 2.904496e+03
-1.745427e+03 -1.040213e+03 -3.058847e+03 -8.243829e+02 -4.382276e+03 -1.163199e+03 2.651108e+03 -1.588623e+03 1.562897e+03 6.539410e+02 -9.192734e+02 8.381988e+02 3.389131e+03 8.436440e+02 -1.269236e+03 3.217567e+03
-2.172966e+03 -1.344674e+03 -3.272397e+03 -8.413037e+02 -4.454368e+03 -1.293880e+03 3.008616e+03 -1.716325e+03 1.726159e+03 6.589063e+02 -5.963487e+02 4.485962e+02 3.163223e+03 6.919243e+02 -1.715871e+03 2.851955e+03
-2.154636e+03 -1.454467e+03 -3.220591e+03 -9.980774e+02 -4.615832e+03 -1.328355e+03 3.271749e+03 -1.615709e+03 1.658537e+03 6.270594e+02 -7.667265e+02 3.026289e+02 3.406146e+03 9.168262e+02 -1.665316e+03 3.208844e+03
-2.034352e+03 -1.478969e+03 -3.407795e+03 -9.582632e+02 -4.463184e+03 -1.150021e+03 2.914551e+03 -1.814566e+03 1.822392e+03 7.356258e+02 -5.060448e+02 3.015463e+02 3.334494e+03 4.108576e+02 -2.020564e+03 2.854047e+03
-2.276955e+03 -1.172774e+03 -3.114899e+03 -1.001161e+03 -4.271442e+03 -1.201440e+03 2.995701e+03 -1.263689e+03 1.652246e+03 4.398918e+02 -7.624812e+02 3.037301e+02 3.063467e+03 9.397276e+02 -1.610920e+03 2.730871e+03
-2.005278e+03 -1.113535e+03 -3.505488e+03 -8.289644e+02 -4.800775e+03 -1.289241e+03 3.211101e+03 -1.633215e+03 1.776749e+03 7.908579e+02 -6.500046e+02 4.406425e+02 3.359494e+03 7.091597e+02 -2.222650e+03 2.729490e+03
-1.839021e+03 -9.699205e+02 -3.237808e+03 -8.076229e+02 -4.571500e+03 -1.159816e+03 2.803919e+03 -1.740283e+03 1.553269e+03 9.032843e+02 -8.882194e+02 9.529287e+02 3.663564e+03 9.590929e+02 -1.234171e+03 3.327100e+03
-1.712883e+03 -1.083999e+03 -3.005710e+03 -7.901554e+02 -4.312310e+03 -1.319452e+03 2.636285e+03 -1.716713e+03 1.896743e+03 9.845918e+02 -7.801586e+02 8.017893e+02 3.713719e+03 1.044780e+03 -1.631274e+03 3.555560e+03
-2.091080e+03 -1.333083e+03 -3.121232e+03 -9.154293e+02 -4.201367e+03 -1.222505e+03 2.865971e+03 -1.441184e+03 1.583601e+03 5.801290e+02 -6.301792e+02 3.765629e+02 3.373014e+03 8.854958e+02 -1.477672e+03 3.187022e+03
-1.577202e+03 -1.402544e+03 -2.989773e+03 -7.184205e+02 -4.405796e+03 -1.234111e+03 2.536057e+03 -1.836230e+03 1.863997e+03 7.221390e+02 -6.247100e+02 5.990389e+02 3.305835e+03 5.665020e+02 -1.570490e+03 3.525790e+03
-1.867353e+03 -5.770242e+02 -3.133525e+03 -7.778554e+02 -4.612050e+03 -1.246708e+03 2.890029e+03 -1.361730e+03 1.358837e+03 7.805422e+02 -1.030338e+03 1.071999e+03 3.449269e+03 1.221199e+03 -1.261377e+03 2.841076e+03
-2.161937e+03 -8.980349e+02 -3.217954e+03 -9.126355e+02 -4.420287e+03 -1.193075e+03 3.073189e+03 -1.560771e+03 1.430659e+03 7.353166e+02 -8.262433e+02 7.235050e+02 3.002781e+03 8.392118e+02 -1.339636e+03 2.915955e+03
-2.029855e+03 -1.572872e+03 -3.486609e+03 -8.159635e+02 -4.276101e+03 -1.064584e+03 2.847623e+03 -2.097625e+03 1.928343e+03 8.709583e+02 -4.607279e+02 4.794277e+02 3.292489e+03 3.081046e+02 -1.671737e+03 3.198787e+03
-2.252218e+03 -8.038600e+02 -2.968614e+03 -1.103525e+03 -3.942412e+03 -1.206494e+03 2.785672e+03 -1.236905e+03 1.491265e+03 4.954790e+02 -8.897400e+02 3.124273e+02 2.895067e+03 9.012164e+02 -1.441085e+03 2.501456e+03
-2.016109e+03 -8.779426e+02 -3.103329e+03 -8.558623e+02 -4.440918e+03 -1.301612e+03 2.796950e+03 -1.360661e+03 1.525767e+03 7.493514e+02 -1.004567e+03 7.349548e+02 3.453908e+03 1.071005e+03 -1.260252e+03 2.978198e+03
-2.228061e+03 -1.103796e+03 -3.078360e+03 -1.052460e+03 -4.255589e+03 -1.233462e+03 2.949161e+03 -1.492339e+03 1.361452e+03 6.272481e+02 -8.951957e+02 5.790489e+02 3.252008e+03 8.845496e+02 -1.347958e+03 2.949898e+03
-1.529382e+03 -1.546661e+03 -3.145093e+03 -8.332500e+02 -4.287155e+03 -1.257720e+03 2.430744e+03 -2.055967e+03 2.146464e+03 1.020635e+03 -5.906353e+02 6.941227e+02 3.723155e+03 5.600688e+02 -1.900277e+03 3.614852e+03
-1.978965e+03 -1.127174e+03 -3.111354e+03 -9.925864e+02 -4.419576e+03 -1.184295e+03 3.014624e+03 -1.540447e+03 1.570289e+03 7.255664e+02 -6.925578e+02 4.657851e+02 3.558541e+03 1.140540e+03 -1.709798e+03 3.566180e+03
-2.102831e+03 -1.033087e+03 -3.139867e+03 -9.493692e+02 -4.393848e+03 -1.278547e+03 3.025664e+03 -1.201695e+03 1.483852e+03 5.452879e+02 -6.806253e+02 3.407530e+02 3.108319e+03 9.260529e+02 -1.544677e+03 2.708066e+03
-2.270837e+03 -1.416955e+03 -3.704260e+03 -8.763750e+02 -4.796627e+03 -1.298055e+03 3.338637e+03 -1.800407e+03 1.699406e+03 7.021376e+02 -4.195617e+02 4.119977e+02 3.409305e+03 5.358121e+02 -2.027811e+03 2.636401e+03
-2.073537e+03 -7.363010e+02 -3.030872e+03 -9.264105e+02 -4.149336e+03 -1.143433e+03 2.595297e+03 -1.450752e+03 1.441088e+03 6.519206e+02 -9.549055e+02 6.308652e+02 3.182554e+03 8.986906e+02 -1.229206e+03 2.832696e+03
-1.572502e+03 -1.270946e+03 -3.054322e+03 -7.268274e+02 -4.572748e+03 -1.293325e+03 2.663956e+03 -2.043374e+03 2.120151e+03 1.225537e+03 -6.561696e+02 1.034197e+03 3.976221e+03 8.868583e+02 -1.765131e+03 3.910858e+03
-2.266101e+03 -1.337779e+03 -3.119484e+03 -1.026002e+03 -4.338810e+03 -1.240671e+03 3.127998e+03 -1.278541e+03 1.631296e+03 4.018516e+02 -6.360846e+02 1.240830e+02 3.257102e+03 9.902518e+02 -1.610420e+03 2.855365e+03
-1.324502e+03 -2.190607e+03 -3.039424e+03 -8.344219e+02 -4.340126e+03 -1.207449e+03 2.276859e+03 -2.597518e+03 2.405601e+03 8.219311e+02 -3.233832e+01 5.484063e+02 3.763753e+03 2.571648e+01 -1.945060e+03 4.274553e+03
-1.999053e+03 -1.069833e+03 -3.135323e+03 -8.922504e+02 -4.285049e+03 -1.288746e+03 2.850232e+03 -1.418144e+03 1.500157e+03 7.196420e+02 -7.752500e+02 5.484116e+02 3.227355e+03 8.686598e+02 -1.306719e+03 2.883477e+03
-1.993898e+03 -1.006305e+03 -3.049206e+03 -9.155928e+02 -4.301254e+03 -1.163556e+03 2.648569e+03 -1.375916e+03 1.552479e+03 5.594182e+02 -8.728450e+02 6.367625e+02 3.381120e+03 1.014728e+03 -1.333696e+03 2.947565e+03
-1.884642e+03 -9.853679e+02 -3.159918e+03 -8.771778e+02 -4.535001e+03 -1.132369e+03 2.781410e+03 -1.537830e+03 1.510791e+03 6.574385e+02 -1.043667e+03 8.274736e+02 3.535514e+03 1.029118e+03 -1.218498e+03 3.268884e+03
-1.812604e+03 -1.540560e+03 -3.255100e+03 -8.823134e+02 -4.225003e+03 -1.087541e+03 2.674037e+03 -1.999889e+03 2.017429e+03 8.491242e+02 -3.825353e+02 5.296453e+02 3.449889e+03 3.807240e+02 -1.804180e+03 3.354380e+03
-2.549445e+03 -1.660807e+03 -3.338865e+03 -1.189425e+03 -4.246815e+03 -1.389784e+03 2.903376e+03 -1.557924e+03 1.659547e+03 2.371553e+02 -2.858604e+02 7.105257e+00 3.220884e+03 2.920695e+02 -1.655261e+03 2.358832e+03
-1.323804e+03 -1.955495e+03 -3.049846e+03 -7.679079e+02 -4.354861e+03 -1.332602e+03 2.404798e+03 -2.147680e+03 2.165204e+03 9.213166e+02 -7.444293e+02 4.986982e+02 3.607413e+03 4.920164e+02 -1.714902e+03 3.947248e+03
-1.721604e+03 -1.527544e+03 -3.284241e+03 -7.528641e+02 -4.145079e+03 -8.558218e+02 2.538205e+03 -2.157822e+03 1.747206e+03 7.636749e+02 -5.655407e+02 7.096538e+02 3.255147e+03 1.627069e+02 -1.306093e+03 3.684532e+03
-2.120516e+03 -1.460250e+03 -3.301904e+03 -9.478452e+02 -4.357849e+03 -1.273220e+03 2.710320e+03 -1.999389e+03 1.945559e+03 7.990496e+02 -3.740286e+02 3.874912e+02 3.494623e+03 3.233662e+02 -1.857426e+03 2.920339e+03
-2.204734e+03 -1.448719e+03 -3.159022e+03 -1.175106e+03 -3.898144e+03 -1.265436e+03 2.674921e+03 -1.607029e+03 1.618497e+03 5.817253e+02 -3.705927e+02 1.089363e+02 3.075728e+03 3.803865e+02 -1.647073e+03 2.733485e+03
-1.951507e+03 -1.086602e+03 -3.011567e+03 -1.029950e+03 -4.270548e+03 -1.113424e+03 2.781435e+03 -1.228875e+03 1.441675e+03 5.322509e+02 -8.556044e+02 4.976980e+02 3.388025e+03 1.045793e+03 -1.211159e+03 3.038147e+03
-2.107054e+03 -1.502882e+03 -3.346628e+03 -9.349500e+02 -4.391686e+03 -1.304289e+03 3.016255e+03 -1.588611e+03 1.733407e+03 6.948843e+02 -5.095307e+02 3.573325e+02 3.435354e+03 6.916395e+02 -1.890972e+03 2.885437e+03
-2.083366e+03 -1.353060e+03 -3.150296e+03 -1.095512e+03 -4.261757e+03 -1.143220e+03 2.907135e+03 -1.518366e+03 1.475868e+03 4.532565e+02 -9.270052e+02 3.890427e+02 3.269478e+03 9.185296e+02 -1.253157e+03 3.242980e+03
-2.281250e+03 -1.171190e+03 -3.272599e+03 -9.785978e+02 -3.870781e+03 -1.254077e+03 2.892237e+03 -1.333643e+03 1.371795e+03 5.979173e+02 -4.786894e+02 3.272096e+02 2.795627e+03 5.792425e+02 -1.456220e+03 2.501504e+03
-1.758340e+03 -2.151616e+03 -3.432467e+03 -1.151932e+03 -5.000747e+03 -1.374960e+03 3.149455e+03 -2.248936e+03 2.092820e+03 7.310264e+02 -6.419119e+02 1.940406e+00 3.891303e+03 4.188221e+02 -2.053576e+03 3.749423e+03
-2.252520e+03 -1.311497e+03 -3.201578e+03 -9.126992e+02 -4.397552e+03 -1.270006e+03 3.093076e+03 -1.499016e+03 1.639081e+03 5.424663e+02 -6.492837e+02 3.902028e+02 3.064248e+03 7.918337e+02 -1.649463e+03 2.825090e+03
-1.892817e+03 -9.746596e+02 -3.017479e+03 -8.433285e+02 -4.403973e+03 -1.327822e+03 2.832937e+03 -1.717289e+03 1.793535e+03 9.488527e+02 -7.387029e+02 8.246030e+02 3.532245e+03 9.761393e+02 -1.674083e+03 3.330206e+03
-1.316576e+03 -1.500965e+03 -3.249170e+03 -6.415697e+02 -4.573431e+03 -1.209015e+03 2.512006e+03 -2.414104e+03 2.308472e+03 1.401126e+03 -5.529573e+02 1.133535e+03 4.101218e+03 6.801760e+02 -1.796682e+03 4.344614e+03
-2.235939e+03 -1.162232e+03 -3.088320e+03 -9.680557e+02 -4.098667e+03 -1.258994e+03 2.883798e+03 -1.176721e+03 1.603106e+03 4.755003e+02 -5.647250e+02 2.911632e+02 3.146303e+03 9.403399e+02 -1.601288e+03 2.631895e+03
-1.851076e+03 -1.468713e+03 -3.110562e+03 -8.531296e+02 -4.244727e+03 -1.132240e+03 2.537001e+03 -1.906182e+03 1.899301e+03 7.604441e+02 -6.059531e+02 6.591798e+02 3.512722e+03 4.356667e+02 -1.462667e+03 3.541718e+03
-1.680060e+03 -1.916889e+03 -3.174113e+03 -8.054408e+02 -4.269784e+03 -1.198229e+03 2.592954e+03 -2.427236e+03 2.106283e+03 9.310028e+02 -5.558951e+02 4.408529e+02 3.509291e+03 3.772032e+02 -1.697261e+03 3.793444e+03
-2.282472e+03 -1.425916e+03 -3.342296e+03 -9.611254e+02 -4.290976e+03 -1.344614e+03 2.999236e+03 -1.453609e+03 1.678191e+03 5.316739e+02 -4.955855e+02 1.795802e+02 3.212193e+03 7.405329e+02 -1.718595e+03 2.573669e+03
-2.114657e+03 -1.402168e+03 -3.089242e+03 -1.015214e+03 -4.061551e+03 -1.168936e+03 2.724059e+03 -1.459865e+03 1.770909e+03 4.316491e+02 -5.290750e+02 2.871126e+02 3.166560e+03 6.749525e+02 -1.628872e+03 2.929819e+03
-2.538039e+03 -1.586538e+03 -3.402886e+03 -1.302031e+03 -4.328351e+03 -1.401548e+03 3.113850e+03 -1.394464e+03 1.531042e+03 1.610494e+02 -3.047250e+02 -1.904709e+00 3.240875e+03 4.048206e+02 -1.683282e+03 2.429707e+03
-4.201508e+02 -3.101065e+03 -3.638467e+03 -2.293196e+02 -5.582934e+03 -5.145145e+02 2.047964e+03 -4.483759e+03 3.903468e+03 1.464025e+03 1.061188e+02 1.120642e+03 4.044000e+03 -1.488797e+03 -2.599648e+03 5.912753e+03
-2.526043e+03 -1.211538e+03 -3.177414e+03 -1.252105e+03 -3.976661e+03 -1.399702e+03 3.074839e+03 -9.604818e+02 1.270837e+03 3.067321e+02 -3.764353e+02 1.037638e+02 2.965172e+03 8.942156e+02 -1.518094e+03 2.354049e+03
-2.011269e+03 -1.311100e+03 -3.232621e+03 -8.396840e+02 -4.456682e+03 -1.165224e+03 2.935374e+03 -1.766930e+03 1.600674e+03 7.362253e+02 -7.437827e+02 7.108366e+02 3.375972e+03 7.553360e+02 -1.535392e+03 3.281112e+03
-2.121354e+03 -9.776906e+02 -3.026803e+03 -9.508265e+02 -4.390390e+03 -1.294742e+03 2.970763e+03 -1.356236e+03 1.637953e+03 6.830953e+02 -8.264587e+02 4.951109e+02 3.375210e+03 1.093905e+03 -1.688905e+03 2.945561e+03
-1.811745e+03 -9.841229e+02 -3.143670e+03 -8.261673e+02 -4.283262e+03 -1.101060e+03 2.717619e+03 -1.464142e+03 1.395231e+03 6.768252e+02 -9.256197e+02 8.742486e+02 3.484461e+03 9.432626e+02 -1.080582e+03 3.301690e+03
-2.537365e+03 -1.416578e+03 -3.271802e+03 -1.220875e+03 -4.017572e+03 -1.349670e+03 3.019193e+03 -1.246894e+03 1.380995e+03 4.001161e+02 -4.033350e+02 7.822443e+00 3.069006e+03 5.849365e+02 -1.584999e+03 2.483966e+03
-1.753163e+03 -1.109349e+03 -3.251410e+03 -6.866170e+02 -4.467091e+03 -1.319401e+03 2.797341e+03 -1.849476e+03 1.933202e+03 1.106572e+03 -5.877131e+02 7.934169e+02 3.668470e+03 8.180336e+02 -1.772552e+03 3.356131e+03
-2.191724e+03 -1.170340e+03 -3.361263e+03 -8.334527e+02 -4.248198e+03 -1.213883e+03 2.759964e+03 -1.595269e+03 1.807360e+03 6.283696e+02 -4.981884e+02 3.719344e+02 3.078672e+03 5.687360e+02 -1.530130e+03 2.522089e+03
-1.435918e+03 -1.480233e+03 -3.100431e+03 -6.870647e+02 -4.393609e+03 -1.366870e+03 2.560282e+03 -2.012016e+03 1.955753e+03 9.907285e+02 -7.156377e+02 7.313983e+02 3.454011e+03 6.735215e+02 -1.724605e+03 3.619038e+03
-2.279737e+03 -1.154222e+03 -3.244785e+03 -1.019615e+03 -3.941428e+03 -1.165755e+03 2.836871e+03 -1.524537e+03 1.484818e+03 5.906008e+02 -5.250113e+02 2.820192e+02 2.853102e+03 5.028032e+02 -1.590605e+03 2.692306e+03
-2.545414e+03 -1.032527e+03 -3.215021e+03 -1.301923e+03 -3.951259e+03 -1.442427e+03 3.179648e+03 -9.063291e+02 1.127646e+03 4.970894e+02 -4.903829e+02 1.127639e+02 2.980566e+03 9.859401e+02 -1.674399e+03 2.229307e+03
-1.810152e+03 -1.065676e+03 -3.123978e+03 -7.539779e+02 -4.342522e+03 -1.187823e+03 2.520460e+03 -1.722153e+03 1.744208e+03 7.664252e+02 -7.576678e+02 8.102556e+02 3.472657e+03 7.492529e+02 -1.399985e+03 3.128838e+03
-1.840299e+03 -1.073388e+03 -3.094870e+03 -8.001021e+02 -4.465410e+03 -1.118341e+03 2.694102e+03 -1.720501e+03 1.539910e+03 6.521751e+02 -8.641453e+02 9.230098e+02 3.513732e+03 8.677264e+02 -1.200248e+03 3.307751e+03
-2.089254e+03 -1.259150e+03 -3.159159e+03 -9.025290e+02 -4.208001e+03 -1.204703e+03 2.743253e+03 -1.704512e+03 1.742097e+03 7.109633e+02 -6.683573e+02 4.975599e+02 3.159569e+03 5.836576e+02 -1.539355e+03 2.936977e+03
-1.307975e+03 -2.479147e+03 -3.334631e+03 -8.030810e+02 -4.578075e+03 -1.335014e+03 2.655619e+03 -2.719152e+03 2.336757e+03 1.112350e+03 -3.371069e+02 5.273996e+02 3.901151e+03 1.607396e+02 -1.986226e+03 4.499238e+03
-1.885164e+03 -9.817847e+02 -3.125475e+03 -8.680271e+02 -4.391909e+03 -1.121965e+03 2.673601e+03 -1.635788e+03 1.567843e+03 7.124813e+02 -9.528509e+02 7.661166e+02 3.522329e+03 9.968047e+02 -1.224593e+03 3.350518e+03
-1.324763e+03 -2.244084e+03 -3.050018e+03 -9.028281e+02 -4.305881e+03 -1.276163e+03 2.419993e+03 -2.141210e+03 2.209134e+03 7.253486e+02 -4.887545e+02 2.557161e+02 3.418208e+03 2.634348e+02 -1.879764e+03 3.940336e+03
-2.286792e+03 -1.444935e+03 -3.180311e+03 -1.084191e+03 -4.358222e+03 -1.275526e+03 3.024179e+03 -1.393858e+03 1.701773e+03 3.678709e+02 -5.843741e+02 1.444455e+02 3.228936e+03 7.544940e+02 -1.608662e+03 2.778707e+03
-1.808902e+03 -1.136103e+03 -3.306286e+03 -8.098673e+02 -4.535846e+03 -9.618043e+02 2.737443e+03 -1.897680e+03 1.461836e+03 7.035283e+02 -9.149267e+02 8.413128e+02 3.508545e+03 8.328484e+02 -1.027176e+03 3.663983e+03
-2.079548e+03 -7.289726e+02 -3.070827e+03 -9.472576e+02 -4.341774e+03 -1.173199e+03 2.894376e+03 -1.407389e+03 1.627950e+03 7.149133e+02 -8.976689e+02 5.461128e+02 3.148199e+03 1.017212e+03 -1.510522e+03 2.656389e+03
-1.456950e+03 -1.325422e+03 -3.177308e+03 -7.049564e+02 -4.614938e+03 -1.323842e+03 2.648966e+03 -2.283765e+03 2.307621e+03 1.369523e+03 -5.378306e+02 1.224001e+03 4.090187e+03 7.738231e+02 -1.876833e+03 4.130517e+03
-2.004966e+03 -1.038343e+03 -3.184382e+03 -9.794786e+02 -4.317765e+03 -1.063557e+03 2.772209e+03 -1.596511e+03 1.345364e+03 6.359782e+02 -9.208842e+02 7.819956e+02 3.422451e+03 8.544521e+02 -1.179106e+03 3.248794e+03
-2.194038e+03 -1.452870e+03 -3.214724e+03 -9.798789e+02 -4.303843e+03 -1.322454e+03 2.994697e+03 -1.359528e+03 1.679853e+03 4.674228e+02 -5.524085e+02 2.114690e+02 3.318149e+03 8.147902e+02 -1.677628e+03 2.765084e+03
-1.772396e+03 -1.140916e+03 -3.335418e+03 -8.031527e+02 -4.221782e+03 -9.304575e+02 2.557247e+03 -1.876933e+03 1.321129e+03 8.392954e+02 -7.904625e+02 9.003500e+02 3.550787e+03 7.073867e+02 -1.011903e+03 3.568313e+03
-1.904159e+03 -1.694635e+03 -3.178625e+03 -9.366695e+02 -4.311906e+03 -1.206963e+03 2.669113e+03 -1.902574e+03 1.977938e+03 6.724429e+02 -4.161099e+02 4.141908e+02 3.577275e+03 3.749965e+02 -1.806002e+03 3.382306e+03
-1.918166e+03 -9.929030e+02 -3.069399e+03 -9.455982e+02 -4.408319e+03 -1.026072e+03 2.838938e+03 -1.510886e+03 1.570889e+03 6.640313e+02 -8.965397e+02 6.253291e+02 3.279872e+03 9.115289e+02 -1.392135e+03 3.110687e+03
-2.467119e+03 -1.193167e+03 -3.145971e+03 -1.289210e+03 -3.784183e+03 -1.292260e+03 2.904860e+03 -1.076036e+03 1.263332e+03 4.076555e+02 -5.777555e+02 1.649677e+02 2.949205e+03 6.810518e+02 -1.520114e+03 2.449782e+03
-1.956096e+03 -7.780321e+02 -3.018065e+03 -9.463312e+02 -4.406351e+03 -1.190406e+03 2.928230e+03 -1.149428e+03 1.401527e+03 5.601677e+02 -1.100282e+03 6.424020e+02 3.319350e+03 1.274252e+03 -1.143693e+03 2.988326e+03
-2.467577e+03 -5.413268e+02 -3.575101e+03 -9.261287e+02 -4.437599e+03 -1.410857e+03 3.232667e+03 -1.140541e+03 1.597912e+03 3.424696e+02 -7.794018e+02 3.071578e+02 3.259425e+03 8.249639e+02 -2.023063e+03 1.670348e+03
-1.441004e+03 -2.065948e+03 -3.041004e+03 -8.681215e+02 -4.319249e+03 -1.180295e+03 2.442751e+03 -2.402626e+03 2.261231e+03 8.294015e+02 -6.397449e+02 4.613320e+02 3.655289e+03 3.452842e+02 -1.685751e+03 4.052081e+03
-1.460842e+03 -1.683300e+03 -3.078720e+03 -8.811571e+02 -4.250272e+03 -1.198499e+03 2.512193e+03 -1.935255e+03 2.010079e+03 8.307906e+02 -7.234105e+02 5.622176e+02 3.772997e+03 7.094256e+02 -1.548243e+03 3.988979e+03
-1.956097e+03 -1.159506e+03 -3.014181e+03 -7.870632e+02 -4.235141e+03 -1.277465e+03 2.662921e+03 -1.580100e+03 1.752569e+03 6.724416e+02 -8.094504e+02 5.566976e+02 3.396358e+03 8.780007e+02 -1.364385e+03 3.186194e+03
-2.417122e+03 -1.356376e+03 -3.173088e+03 -1.106714e+03 -4.165220e+03 -1.256946e+03 3.052873e+03 -1.306392e+03 1.539183e+03 3.460302e+02 -4.518742e+02 1.662163e+02 3.055819e+03 7.401718e+02 -1.563077e+03 2.677286e+03
-2.074746e+03 -1.035829e+03 -3.025454e+03 -9.217955e+02 -4.344188e+03 -1.300703e+03 2.818282e+03 -1.439593e+03 1.704259e+03 7.358445e+02 -8.953898e+02 5.020847e+02 3.255753e+03 8.777984e+02 -1.559732e+03 2.759707e+03
-2.080699e+03 -1.156028e+03 -2.998018e+03 -9.087967e+02 -4.312112e+03 -1.339063e+03 2.944092e+03 -1.358912e+03 1.618498e+03 5.922576e+02 -8.529592e+02 4.567267e+02 3.400057e+03 1.132404e+03 -1.455487e+03 3.138820e+03
-2.030633e+03 -1.110702e+03 -3.123849e+03 -8.806247e+02 -4.456165e+03 -1.341434e+03 3.082632e+03 -1.388426e+03 1.661474e+03 6.895902e+02 -7.924840e+02 4.500178e+02 3.380777e+03 1.131924e+03 -1.719428e+03 3.067940e+03
-2.103412e+03 -1.188158e+03 -3.366722e+03 -8.721286e+02 -4.604436e+03 -1.303741e+03 3.258061e+03 -1.686191e+03 1.706519e+03 8.049640e+02 -6.996210e+02 5.390195e+02 3.316776e+03 8.714589e+02 -1.767715e+03 2.964719e+03
-1.985936e+03 -1.253896e+03 -3.315814e+03 -7.114068e+02 -4.396965e+03 -1.288323e+03 2.977892e+03 -1.826681e+03 1.777036e+03 9.484320e+02 -6.301753e+02 6.403379e+02 3.358313e+03 7.696563e+02 -1.818441e+03 3.259216e+03
-2.025146e+03 -1.303420e+03 -3.247811e+03 -8.165745e+02 -4.388853e+03 -1.274883e+03 2.912310e+03 -1.514097e+03 1.729265e+03 6.838304e+02 -5.074337e+02 4.529407e+02 3.385035e+03 7.707906e+02 -1.638115e+03 2.969319e+03
-2.032232e+03 -1.319355e+03 -3.097925e+03 -9.911390e+02 -4.234368e+03 -1.184268e+03 2.722185e+03 -1.637197e+03 1.836226e+03 5.612209e+02 -7.580490e+02 4.116956e+02 3.264890e+03 6.768992e+02 -1.567932e+03 3.131013e+03
-1.675863e+03 -1.401465e+03 -3.137787e+03 -8.244080e+02 -4.343507e+03 -1.296842e+03 2.535619e+03 -2.090699e+03 2.067497e+03 1.111428e+03 -6.908924e+02 8.700959e+02 3.828166e+03 7.033243e+02 -1.743687e+03 3.715953e+03
-2.158847e+03 -1.568164e+03 -3.234582e+03 -9.569613e+02 -4.288542e+03 -1.150140e+03 2.836406e+03 -1.752470e+03 1.851042e+03 5.842067e+02 -5.478128e+02 3.196451e+02 3.274391e+03 4.280807e+02 -1.573642e+03 3.000588e+03
-2.084078e+03 -9.519189e+02 -3.186644e+03 -8.210449e+02 -4.532908e+03 -1.346207e+03 3.074405e+03 -1.444910e+03 1.649900e+03 7.954858e+02 -8.834623e+02 6.123979e+02 3.350696e+03 1.056578e+03 -1.586577e+03 2.821166e+03
-1.878827e+03 -1.070119e+03 -3.043449e+03 -7.754974e+02 -4.221840e+03 -1.169209e+03 2.645466e+03 -1.715062e+03 1.787568e+03 8.723558e+02 -7.326515e+02 6.596490e+02 3.350902e+03 7.584640e+02 -1.574309e+03 3.181036e+03
-1.860229e+03 -1.334072e+03 -3.314668e+03 -7.560684e+02 -4.552458e+03 -1.226643e+03 2.856192e+03 -1.980281e+03 2.006595e+03 1.025137e+03 -5.380669e+02 7.397656e+02 3.644209e+03 7.204090e+02 -1.932481e+03 3.365998e+03
-2.062697e+03 -1.030747e+03 -3.142791e+03 -8.219312e+02 -4.479089e+03 -1.339445e+03 2.991996e+03 -1.390019e+03 1.711604e+03 6.874149e+02 -7.456059e+02 5.306553e+02 3.299696e+03 9.887338e+02 -1.710301e+03 2.829810e+03
-2.005910e+03 -8.683244e+02 -3.147715e+03 -7.928991e+02 -4.629741e+03 -1.300411e+03 3.034739e+03 -1.478747e+03 1.477184e+03 7.629730e+02 -1.038849e+03 7.967176e+02 3.390423e+03 1.127678e+03 -1.386737e+03 2.858708e+03
-2.397515e+03 -1.524877e+03 -3.329721e+03 -9.691107e+02 -4.203886e+03 -1.171270e+03 2.924695e+03 -1.606535e+03 1.709312e+03 4.117115e+02 -3.834397e+02 2.343370e+02 3.048346e+03 3.752616e+02 -1.501796e+03 2.743678e+03
-2.104340e+03 -1.236593e+03 -3.157548e+03 -8.536049e+02 -4.230194e+03 -1.294503e+03 2.883410e+03 -1.461590e+03 1.686324e+03 6.542450e+02 -5.790217e+02 4.447151e+02 3.270540e+03 8.607098e+02 -1.702955e+03 2.856720e+03
-1.969064e+03 -1.524279e+03 -3.196026e+03 -1.051934e+03 -4.069121e+03 -1.184607e+03 2.783454e+03 -1.619308e+03 1.601942e+03 6.205336e+02 -5.822238e+02 4.394215e+02 3.330080e+03 5.709414e+02 -1.379255e+03 3.435726e+03
-1.934300e+03 -9.345958e+02 -3.074181e+03 -9.055003e+02 -4.385894e+03 -1.224557e+03 2.853005e+03 -1.333689e+03 1.432161e+03 6.701614e+02 -9.962752e+02 6.370518e+02 3.543169e+03 1.222591e+03 -1.223318e+03 3.213706e+03
-1.432578e+02 -3.277785e+03 -3.469393e+03 -1.274932e+02 -5.533736e+03 -4.148997e+02 1.723986e+03 -4.840931e+03 4.203998e+03 1.490119e+03 1.098684e+02 1.170343e+03 4.199043e+03 -1.663679e+03 -2.552257e+03 6.378089e+03
-2.179276e+03 -1.017728e+03 -3.156833e+03 -9.143390e+02 -4.159881e+03 -1.398404e+03 2.884107e+03 -1.191058e+03 1.550630e+03 5.828562e+02 -7.182395e+02 3.568126e+02 3.164388e+03 1.021297e+03 -1.484532e+03 2.632925e+03
-1.911649e+03 -7.173660e+02 -3.222729e+03 -7.342642e+02 -4.388298e+03 -1.145594e+03 2.628679e+03 -1.759551e+03 1.536234e+03 8.867801e+02 -9.995772e+02 9.656982e+02 3.393719e+03 8.665085e+02 -1.281535e+03 3.060884e+03
-2.193647e+03 -1.009609e+03 -3.120703e+03 -9.658043e+02 -4.313692e+03 -1.401119e+03 2.995950e+03 -1.029619e+03 1.548839e+03 5.018341e+02 -7.878521e+02 2.838485e+02 3.304444e+03 1.256659e+03 -1.635575e+03 2.532419e+03
-1.980160e+03 -1.116428e+03 -3.188362e+03 -7.801057e+02 -4.656211e+03 -1.382029e+03 3.168978e+03 -1.556704e+03 1.623691e+03 8.062386e+02 -8.242699e+02 6.399628e+02 3.481557e+03 1.073141e+03 -1.656851e+03 3.074475e+03
-1.744804e+03 -8.426301e+02 -2.899846e+03 -7.772953e+02 -4.396546e+03 -1.235322e+03 2.870895e+03 -1.313458e+03 1.258345e+03 7.126902e+02 -9.013061e+02 6.746688e+02 3.034405e+03 1.112587e+03 -1.260555e+03 2.742244e+03
-1.858852e+03 -9.571207e+02 -3.190500e+03 -7.629811e+02 -4.535862e+03 -1.128271e+03 2.747165e+03 -1.740315e+03 1.598639e+03 9.147013e+02 -9.544258e+02 9.192179e+02 3.612853e+03 1.032177e+03 -1.290042e+03 3.285871e+03
-1.702266e+03 -7.988165e+02 -3.025403e+03 -6.516932e+02 -4.470476e+03 -1.359299e+03 2.679085e+03 -1.660827e+03 1.681682e+03 1.068678e+03 -9.467927e+02 9.672808e+02 3.549712e+03 1.107596e+03 -1.475785e+03 3.319360e+03
-1.836143e+03 -7.147978e+02 -3.321105e+03 -6.989833e+02 -4.570069e+03 -1.541216e+03 2.857716e+03 -1.381079e+03 1.445453e+03 8.236746e+02 -7.539838e+02 8.562141e+02 2.934455e+03 8.529909e+02 -1.383619e+03 2.577331e+03
-2.002268e+03 -1.297868e+03 -3.311455e+03 -8.082861e+02 -4.439727e+03 -1.140912e+03 2.956990e+03 -1.827115e+03 1.703786e+03 7.809548e+02 -6.814520e+02 5.994652e+02 3.220823e+03 6.661747e+02 -1.457496e+03 3.105011e+03
-2.127269e+03 -1.053484e+03 -3.137181e+03 -1.150866e+03 -3.894004e+03 -1.201864e+03 2.640792e+03 -1.378233e+03 1.600386e+03 6.738686e+02 -7.499037e+02 4.112191e+02 3.227630e+03 6.535476e+02 -1.510841e+03 2.722934e+03
-1.457327e+03 -1.714704e+03 -3.041943e+03 -9.375541e+02 -4.422411e+03 -1.269028e+03 2.739500e+03 -1.971261e+03 1.885653e+03 8.875232e+02 -6.795348e+02 3.695016e+02 3.370125e+03 6.057050e+02 -1.725724e+03 3.580726e+03
-1.538729e+03 -1.111086e+03 -3.192497e+03 -5.795705e+02 -4.433861e+03 -1.260271e+03 2.655722e+03 -1.718056e+03 1.609581e+03 8.903174e+02 -7.608232e+02 7.075166e+02 3.071959e+03 6.201583e+02 -1.320825e+03 3.135601e+03
-1.846715e+03 -1.063087e+03 -3.265280e+03 -8.117297e+02 -4.346962e+03 -1.106485e+03 2.942095e+03 -1.795781e+03 1.582043e+03 9.902359e+02 -6.742320e+02 7.192752e+02 3.369617e+03 7.898134e+02 -1.479519e+03 3.161646e+03
-1.528851e+03 -1.506709e+03 -3.108818e+03 -7.539751e+02 -4.266345e+03 -1.131573e+03 2.526687e+03 -1.995984e+03 1.792467e+03 8.867861e+02 -7.601422e+02 5.880475e+02 3.470599e+03 5.585077e+02 -1.295949e+03 3.730263e+03
-2.228686e+03 -1.638926e+03 -3.319037e+03 -1.044988e+03 -4.666299e+03 -1.297674e+03 3.280410e+03 -1.880478e+03 1.857933e+03 5.598613e+02 -5.854104e+02 1.313361e+02 3.194146e+03 4.915761e+02 -1.784767e+03 2.846937e+03
-2.038916e+03 -1.210831e+03 -3.078202e+03 -9.083238e+02 -4.142802e+03 -1.122811e+03 2.696003e+03 -1.510528e+03 1.672461e+03 5.442884e+02 -7.694076e+02 4.992667e+02 3.330650e+03 7.870672e+02 -1.354564e+03 3.217476e+03
-1.785082e+03 -1.072199e+03 -3.273386e+03 -7.689225e+02 -4.366706e+03 -9.791277e+02 2.660051e+03 -1.806879e+03 1.394775e+03 7.554391e+02 -8.474672e+02 9.334023e+02 3.544180e+03 8.666237e+02 -9.823434e+02 3.544181e+03
-1.734966e+03 -1.007180e+03 -3.039451e+03 -7.092600e+02 -4.365963e+03 -1.240937e+03 2.564485e+03 -1.829681e+03 1.880567e+03 9.860589e+02 -7.363946e+02 9.065619e+02 3.636367e+03 8.065290e+02 -1.563002e+03 3.441253e+03
-1.928781e+03 -1.123174e+03 -3.221286e+03 -7.192800e+02 -4.305066e+03 -1.208887e+03 2.756535e+03 -1.775054e+03 1.809854e+03 8.929267e+02 -5.856571e+02 6.378563e+02 3.288268e+03 7.444602e+02 -1.665293e+03 3.024215e+03
-1.730178e+03 -1.483467e+03 -2.923056e+03 -9.567979e+02 -3.951668e+03 -1.174738e+03 2.434680e+03 -1.680709e+03 1.908441e+03 4.889645e+02 -4.629554e+02 3.488919e+02 3.382273e+03 6.931556e+02 -1.596548e+03 3.504979e+03
-1.552761e+03 -1.826387e+03 -3.162825e+03 -7.457709e+02 -4.394412e+03 -1.249316e+03 2.511302e+03 -2.284107e+03 2.274364e+03 9.724776e+02 -6.977127e+02 5.910112e+02 3.620093e+03 4.453531e+02 -1.581071e+03 3.907318e+03
-1.786717e+03 -9.575665e+02 -3.039129e+03 -8.883216e+02 -4.502215e+03 -1.398080e+03 2.827736e+03 -1.714187e+03 1.936606e+03 1.041914e+03 -8.828593e+02 7.552519e+02 3.634989e+03 1.077689e+03 -1.901763e+03 3.265411e+03
-2.081263e+03 -1.057083e+03 -3.350034e+03 -7.902607e+02 -4.201318e+03 -1.051644e+03 2.671467e+03 -1.780794e+03 1.503861e+03 7.423706e+02 -7.350765e+02 6.815498e+02 3.171069e+03 6.102458e+02 -1.245457e+03 2.979034e+03
-2.019529e+03 -1.538694e+03 -3.445011e+03 -8.136860e+02 -4.438591e+03 -1.260346e+03 2.976074e+03 -1.924026e+03 1.853942e+03 8.206655e+02 -4.728304e+02 3.554191e+02 3.298882e+03 4.467880e+02 -1.826323e+03 3.003570e+03
-1.985345e+03 -1.124224e+03 -3.260773e+03 -8.404919e+02 -4.364050e+03 -1.252632e+03 2.936671e+03 -1.647312e+03 1.634316e+03 8.300943e+02 -6.187532e+02 4.766871e+02 3.132991e+03 6.591156e+02 -1.528434e+03 2.831027e+03
-2.124825e+03 -1.436240e+03 -3.142610e+03 -1.002159e+03 -4.121183e+03 -1.119450e+03 2.864144e+03 -1.308235e+03 1.683495e+03 4.532530e+02 -4.646141e+02 1.609005e+02 3.169595e+03 7.732248e+02 -1.675458e+03 2.830599e+03
-2.006992e+03 -1.149888e+03 -3.097745e+03 -9.424083e+02 -4.192521e+03 -1.275636e+03 2.731537e+03 -1.504854e+03 1.612964e+03 7.515145e+02 -6.954000e+02 4.961714e+02 3.264188e+03 7.708083e+02 -1.517769e+03 2.995504e+03
-2.425955e+03 -1.249223e+03 -3.213242e+03 -1.040228e+03 -4.056967e+03 -1.279180e+03 2.932543e+03 -1.134465e+03 1.466177e+03 3.875002e+02 -4.828410e+02 2.448195e+02 2.987654e+03 8.628124e+02 -1.486370e+03 2.484237e+03
-1.405242e+03 -2.056199e+03 -3.110172e+03 -8.107761e+02 -4.395750e+03 -1.428792e+03 2.566638e+03 -2.317847e+03 2.202712e+03 8.463002e+02 -5.082450e+02 2.825208e+02 3.406814e+03 3.288491e+02 -1.884891e+03 3.842404e+03
-1.986647e+03 -9.269581e+02 -2.997738e+03 -8.911337e+02 -4.363571e+03 -1.300987e+03 2.796928e+03 -1.616801e+03 1.790674e+03 9.467723e+02 -8.052036e+02 8.152754e+02 3.616218e+03 1.091211e+03 -1.626234e+03 3.290588e+03
-1.841505e+03 -1.127391e+03 -3.041082e+03 -7.619788e+02 -4.249064e+03 -1.153264e+03 2.714852e+03 -1.704636e+03 1.697156e+03 7.697995e+02 -7.661665e+02 6.007606e+02 3.213867e+03 7.038750e+02 -1.353553e+03 3.151607e+03
-2.181328e+03 -1.787672e+03 -3.664279e+03 -1.016970e+03 -4.717425e+03 -1.375976e+03 3.308670e+03 -1.757278e+03 1.715995e+03 6.238571e+02 -2.756056e+02 1.609013e+02 3.487278e+03 5.548582e+02 -1.956493e+03 2.942574e+03
-1.988931e+03 -8.972817e+02 -3.099359e+03 -8.579431e+02 -4.371403e+03 -1.111857e+03 2.709386e+03 -1.484601e+03 1.492649e+03 6.130441e+02 -1.075211e+03 7.706237e+02 3.316228e+03 9.796121e+02 -1.067143e+03 3.089107e+03
-2.126142e+03 -9.372501e+02 -2.922367e+03 -1.211053e+03 -3.733462e+03 -1.269801e+03 2.788092e+03 -8.746143e+02 1.295213e+03 4.555730e+02 -6.453875e+02 3.095848e+02 3.147840e+03 1.212159e+03 -1.358685e+03 2.712528e+03
-1.880762e+03 -1.401238e+03 -3.168635e+03 -8.728829e+02 -4.228419e+03 -1.133809e+03 2.725846e+03 -1.763558e+03 1.686967e+03 7.776876e+02 -5.808148e+02 5.464144e+02 3.411765e+03 6.669909e+02 -1.555128e+03 3.475537e+03
-2.061610e+03 -8.949485e+02 -3.149000e+03 -8.046766e+02 -4.330255e+03 -1.034751e+03 2.649622e+03 -1.615804e+03 1.523873e+03 6.224289e+02 -9.088876e+02 7.376347e+02 3.197203e+03 8.467521e+02 -1.229262e+03 2.958058e+03
-2.266016e+03 -1.408115e+03 -3.369523e+03 -8.966649e+02 -4.280538e+03 -1.205948e+03 2.925941e+03 -1.645926e+03 1.818275e+03 6.133709e+02 -4.709191e+02 3.017438e+02 3.095795e+03 5.691266e+02 -1.602448e+03 2.663524e+03
-6.279809e+02 -2.441997e+03 -3.698496e+03 -4.447000e+01 -5.634757e+03 -9.380155e+02 2.273003e+03 -4.014197e+03 3.221689e+03 1.458678e+03 -8.935865e+01 1.330771e+03 3.703770e+03 -1.061446e+03 -2.202203e+03 5.155305e+03
-1.867102e+03 -1.052077e+03 -3.228428e+03 -8.284496e+02 -4.538731e+03 -1.066556e+03 2.762329e+03 -1.798866e+03 1.454664e+03 7.372291e+02 -9.644202e+02 9.728631e+02 3.564218e+03 9.540484e+02 -1.185842e+03 3.382564e+03
-2.057958e+03 -1.144992e+03 -3.214364e+03 -1.020459e+03 -4.112643e+03 -1.047936e+03 2.701438e+03 -1.439788e+03 1.299631e+03 5.869661e+02 -9.287981e+02 6.775209e+02 3.354928e+03 8.703002e+02 -1.034608e+03 3.268415e+03
-2.320068e+03 -1.572725e+03 -3.281895e+03 -1.052364e+03 -4.173682e+03 -1.230699e+03 2.968832e+03 -1.631782e+03 1.661388e+03 4.424823e+02 -4.096247e+02 2.038355e+02 3.062948e+03 3.989466e+02 -1.568401e+03 2.919138e+03
-1.861870e+03 -1.088797e+03 -3.129242e+03 -9.148368e+02 -4.204452e+03 -1.013726e+03 2.595376e+03 -1.475949e+03 1.526144e+03 5.200774e+02 -9.256213e+02 7.355190e+02 3.487514e+03 8.607790e+02 -1.183817e+03 3.343367e+03
-2.322142e+03 -1.120111e+03 -3.070409e+03 -1.085340e+03 -4.132054e+03 -1.216970e+03 2.950319e+03 -1.020880e+03 1.515713e+03 3.484081e+02 -6.725840e+02 2.308230e+02 3.094191e+03 1.114419e+03 -1.512210e+03 2.619652e+03
-1.095149e+03 -2.528560e+03 -3.301830e+03 -6.135493e+02 -4.995775e+03 -8.779773e+02 2.119688e+03 -3.574889e+03 3.205422e+03 1.144768e+03 -1.603622e+02 8.229976e+02 3.871023e+03 -7.198269e+02 -2.405068e+03 4.886479e+03
-1.152934e+03 -2.828715e+03 -3.830666e+03 -2.762621e+02 -5.290012e+03 -8.210927e+02 2.292388e+03 -4.042611e+03 3.463311e+03 1.381207e+03 1.726173e+02 1.162273e+03 4.054893e+03 -1.015954e+03 -2.592151e+03 5.372613e+03
-2.121466e+03 -9.139212e+02 -3.116819e+03 -9.352614e+02 -4.304184e+03 -1.180613e+03 2.968332e+03 -1.467272e+03 1.369469e+03 6.658227e+02 -9.489832e+02 6.182677e+02 3.145046e+03 9.921104e+02 -1.275591e+03 2.701140e+03
-1.789180e+03 -9.624311e+02 -3.105303e+03 -8.125401e+02 -4.588414e+03 -1.265355e+03 2.953282e+03 -1.468185e+03 1.390891e+03 8.662016e+02 -1.013089e+03 8.644101e+02 3.741955e+03 1.357200e+03 -1.355531e+03 3.377106e+03
-2.017678e+03 -1.168946e+03 -3.408113e+03 -7.240348e+02 -4.580141e+03 -1.425444e+03 3.149167e+03 -1.629497e+03 1.747314e+03 8.181290e+02 -5.226373e+02 5.500227e+02 3.406193e+03 8.290057e+02 -1.854082e+03 2.889011e+03
-2.347959e+03 -1.319809e+03 -3.149423e+03 -1.161613e+03 -3.983406e+03 -1.306660e+03 2.830773e+03 -1.202480e+03 1.517518e+03 4.014187e+02 -5.065941e+02 1.546952e+02 3.077724e+03 7.569740e+02 -1.617412e+03 2.546959e+03
-1.940383e+03 -1.115515e+03 -3.188433e+03 -7.535621e+02 -4.280397e+03 -1.126099e+03 2.655944e+03 -1.672339e+03 1.555922e+03 6.827863e+02 -8.321702e+02 8.092240e+02 3.366916e+03 6.895963e+02 -1.236394e+03 3.127252e+03
-2.223064e+03 -1.393014e+03 -3.249704e+03 -9.476850e+02 -4.248645e+03 -1.292650e+03 2.998257e+03 -1.405821e+03 1.642033e+03 5.847391e+02 -5.627675e+02 2.960102e+02 3.295458e+03 7.822473e+02 -1.744897e+03 2.817012e+03
-1.799914e+03 -1.693130e+03 -3.097829e+03 -1.026386e+03 -4.223148e+03 -1.223067e+03 2.589093e+03 -1.766879e+03 1.914762e+03 5.843203e+02 -6.161007e+02 3.038383e+02 3.554519e+03 6.252573e+02 -1.759493e+03 3.416564e+03
-2.150015e+03 -1.116253e+03 -3.288564e+03 -9.004665e+02 -4.523877e+03 -1.331571e+03 3.267137e+03 -1.443661e+03 1.569236e+03 7.320344e+02 -6.114072e+02 2.492693e+02 3.138068e+03 1.034385e+03 -1.655384e+03 2.586891e+03
-2.184942e+03 -1.027523e+03 -2.925070e+03 -1.085145e+03 -3.940013e+03 -1.237154e+03 2.758163e+03 -1.174308e+03 1.450165e+03 4.166720e+02 -6.957574e+02 3.337882e+02 3.090886e+03 9.898727e+02 -1.374974e+03 2.847059e+03
-2.017746e+03 -1.383750e+03 -3.144081e+03 -9.702206e+02 -4.241613e+03 -1.199035e+03 2.921598e+03 -1.568356e+03 1.671997e+03 6.597079e+02 -5.981061e+02 4.296468e+02 3.403328e+03 8.446076e+02 -1.676343e+03 3.287670e+03
-1.989036e+03 -9.901275e+02 -3.153977e+03 -8.931105e+02 -4.446917e+03 -1.234963e+03 3.011678e+03 -1.228666e+03 1.545510e+03 6.745857e+02 -7.687580e+02 4.765851e+02 3.300800e+03 1.040801e+03 -1.521385e+03 2.824552e+03
-2.106294e+03 -1.184430e+03 -3.187992e+03 -8.583554e+02 -4.325569e+03 -1.234875e+03 2.938468e+03 -1.446481e+03 1.653589e+03 6.731010e+02 -6.452055e+02 4.847636e+02 3.189445e+03 7.718711e+02 -1.521713e+03 2.850957e+03
-2.324702e+03 -1.238550e+03 -3.195756e+03 -9.794329e+02 -4.198688e+03 -1.334462e+03 2.984188e+03 -1.393609e+03 1.562537e+03 5.877819e+02 -6.424973e+02 2.992814e+02 3.104891e+03 7.852614e+02 -1.646306e+03 2.697342e+03
-2.454451e+03 -1.160637e+03 -3.220330e+03 -1.140188e+03 -4.391921e+03 -1.472686e+03 3.134602e+03 -1.133736e+03 1.492168e+03 3.471652e+02 -5.323495e+02 1.254163e+02 3.143838e+03 9.347418e+02 -1.623943e+03 2.234446e+03
-1.776977e+03 -1.545969e+03 -2.982202e+03 -8.672391e+02 -4.133220e+03 -1.167575e+03 2.443927e+03 -1.947624e+03 2.013467e+03 6.337756e+02 -5.314435e+02 4.372782e+02 3.314566e+03 4.414681e+02 -1.601787e+03 3.440498e+03
-1.925619e+03 -1.068745e+03 -3.101353e+03 -9.202206e+02 -4.453808e+03 -1.202702e+03 2.841682e+03 -1.395578e+03 1.527500e+03 5.914718e+02 -9.853295e+02 6.822939e+02 3.423675e+03 9.861522e+02 -1.264826e+03 3.158737e+03
-1.981712e+03 -1.136736e+03 -3.161729e+03 -7.313641e+02 -4.439024e+03 -1.361272e+03 2.992347e+03 -1.540913e+03 1.711101e+03 9.050381e+02 -7.501985e+02 5.715356e+02 3.461665e+03 1.014246e+03 -1.697333e+03 3.058609e+03
-2.186868e+03 -1.044068e+03 -3.067124e+03 -9.884257e+02 -4.052290e+03 -1.115745e+03 2.888917e+03 -1.450034e+03 1.584092e+03 5.728473e+02 -6.558006e+02 2.632033e+02 2.798421e+03 7.100215e+02 -1.564237e+03 2.654605e+03
-2.262097e+03 -1.050461e+03 -3.095661e+03 -9.520058e+02 -4.053536e+03 -1.301849e+03 2.937913e+03 -1.194495e+03 1.502549e+03 5.591945e+02 -6.316208e+02 3.316442e+02 2.985696e+03 8.143254e+02 -1.461027e+03 2.642939e+03
-1.931844e+03 -8.988502e+02 -3.168108e+03 -8.649026e+02 -4.488223e+03 -1.137932e+03 2.820074e+03 -1.598909e+03 1.504157e+03 7.558721e+02 -1.014963e+03 8.009877e+02 3.514403e+03 1.049607e+03 -1.205360e+03 3.264481e+03
-2.384165e+03 -1.443557e+03 -3.256578e+03 -1.129450e+03 -4.099298e+03 -1.267055e+03 2.879597e+03 -1.405103e+03 1.618571e+03 3.377128e+02 -4.476322e+02 8.448678e+01 3.034743e+03 4.990943e+02 -1.593591e+03 2.504923e+03
-2.334705e+03 -1.243481e+03 -3.372629e+03 -9.457958e+02 -4.516212e+03 -1.404585e+03 3.282521e+03 -1.562255e+03 1.602124e+03 6.855213e+02 -5.607509e+02 2.567027e+02 3.149235e+03 8.104215e+02 -1.654429e+03 2.628992e+03
-2.107468e+03 -1.291430e+03 -3.182652e+03 -9.460462e+02 -4.439529e+03 -1.143539e+03 2.985168e+03 -1.478750e+03 1.605126e+03 5.712102e+02 -7.822527e+02 4.557143e+02 3.376152e+03 9.820157e+02 -1.408656e+03 3.170948e+03
-1.762252e+03 -1.191405e+03 -3.241785e+03 -6.932222e+02 -4.517992e+03 -1.309304e+03 2.914062e+03 -1.849446e+03 1.804654e+03 1.035253e+03 -5.672714e+02 8.407369e+02 3.621670e+03 9.598862e+02 -1.700509e+03 3.559515e+03
-2.490573e+03 -1.424481e+03 -3.385903e+03 -1.084607e+03 -4.262719e+03 -1.433086e+03 3.116515e+03 -1.473721e+03 1.414047e+03 5.145559e+02 -3.725256e+02 1.607771e+02 3.128733e+03 5.598641e+02 -1.617797e+03 2.476000e+03
-1.873059e+03 -8.417290e+02 -3.042437e+03 -8.864154e+02 -4.423173e+03 -1.225017e+03 2.793312e+03 -1.340943e+03 1.429636e+03 7.218009e+02 -1.039539e+03 7.769699e+02 3.640856e+03 1.294050e+03 -1.190481e+03 3.249803e+03
-2.450503e+03 -1.613215e+03 -3.267213e+03 -1.311541e+03 -4.358476e+03 -1.340837e+03 3.157217e+03 -1.308954e+03 1.413925e+03 2.798808e+02 -3.777138e+02 -5.206411e+01 3.283589e+03 6.163789e+02 -1.604912e+03 2.459718e+03
-2.151454e+03 -1.193944e+03 -3.458385e+03 -9.337642e+02 -4.628756e+03 -1.339826e+03 3.179905e+03 -1.515371e+03 1.663505e+03 6.599982e+02 -5.608625e+02 3.459498e+02 3.286092e+03 7.068172e+02 -2.038687e+03 2.510841e+03
-1.773802e+03 -1.689802e+03 -3.310549e+03 -9.938699e+02 -4.606007e+03 -1.308020e+03 2.831848e+03 -1.945154e+03 2.077611e+03 7.054119e+02 -5.368993e+02 3.034191e+02 3.654157e+03 4.084443e+02 -1.956224e+03 3.419559e+03
-1.717032e+03 -1.346631e+03 -3.276901e+03 -7.459400e+02 -4.313937e+03 -1.026061e+03 2.561640e+03 -2.003946e+03 1.723353e+03 7.949323e+02 -6.708962e+02 7.922052e+02 3.663075e+03 6.597844e+02 -1.213076e+03 3.783160e+03
-1.936102e+03 -1.013474e+03 -3.201235e+03 -8.062675e+02 -4.565345e+03 -1.222179e+03 2.879848e+03 -1.564082e+03 1.570388e+03 7.386789e+02 -9.183486e+02 7.902263e+02 3.472899e+03 9.632521e+02 -1.353909e+03 3.085177e+03
-1.855078e+03 -8.077310e+02 -3.036094e+03 -8.905842e+02 -4.646531e+03 -1.275316e+03 2.912392e+03 -1.546228e+03 1.589632e+03 9.063640e+02 -9.892733e+02 9.316501e+02 3.802534e+03 1.265457e+03 -1.415163e+03 3.398116e+03
-2.155800e+03 -1.296551e+03 -3.288575e+03 -8.534052e+02 -4.257622e+03 -1.175221e+03 2.902774e+03 -1.775501e+03 1.824123e+03 7.665014e+02 -6.526421e+02 4.430814e+02 3.134647e+03 5.082526e+02 -1.611011e+03 2.895937e+03
-2.028182e+03 -1.291015e+03 -3.105002e+03 -9.230502e+02 -4.327511e+03 -1.333950e+03 2.929573e+03 -1.455538e+03 1.663132e+03 6.602386e+02 -6.745630e+02 4.183701e+02 3.417229e+03 9.162462e+02 -1.590133e+03 3.165947e+03
-1.811481e+03 -1.250840e+03 -3.236019e+03 -7.283043e+02 -4.532059e+03 -1.225378e+03 2.784049e+03 -1.895763e+03 1.707187e+03 9.442480e+02 -6.970148e+02 8.910573e+02 3.651092e+03 7.829046e+02 -1.495404e+03 3.483308e+03
-1.806655e+03 -6.908101e+02 -3.024379e+03 -7.572104e+02 -4.636935e+03 -1.331473e+03 2.798324e+03 -1.576558e+03 1.642881e+03 9.887711e+02 -9.798627e+02 1.042229e+03 3.721769e+03 1.249961e+03 -1.422208e+03 3.244948e+03
-2.208613e+03 -1.525952e+03 -3.203515e+03 -1.055227e+03 -4.211634e+03 -1.195487e+03 2.920932e+03 -1.467789e+03 1.684525e+03 4.525434e+02 -4.647937e+02 2.650838e+02 3.283907e+03 6.587451e+02 -1.627557e+03 3.063060e+03
-1.826284e+03 -1.035415e+03 -2.905601e+03 -9.651612e+02 -4.243502e+03 -1.127755e+03 2.699238e+03 -1.534977e+03 1.611156e+03 7.904845e+02 -8.639009e+02 6.740610e+02 3.461352e+03 9.767204e+02 -1.487529e+03 3.295412e+03
-2.791216e+03 -1.363831e+03 -3.449925e+03 -1.304369e+03 -4.264169e+03 -1.427687e+03 3.094688e+03 -1.263533e+03 1.359602e+03 1.220228e+02 -2.810516e+02 5.556505e+00 3.062834e+03 4.423486e+02 -1.667466e+03 1.973655e+03
-1.787874e+03 -1.506505e+03 -3.263931e+03 -7.269791e+02 -4.391442e+03 -1.061901e+03 2.569028e+03 -2.160562e+03 2.106890e+03 7.837746e+02 -3.925438e+02 6.387079e+02 3.432827e+03 3.101586e+02 -1.696299e+03 3.605638e+03
-1.560316e+03 -1.732147e+03 -3.064716e+03 -8.366992e+02 -4.328888e+03 -1.296256e+03 2.507772e+03 -2.127852e+03 2.112877e+03 9.376240e+02 -7.094947e+02 4.685570e+02 3.619501e+03 5.097033e+02 -1.680432e+03 3.602262e+03
-1.748459e+03 -8.494763e+02 -3.168971e+03 -8.027642e+02 -4.683239e+03 -1.164099e+03 2.867862e+03 -1.754031e+03 1.546847e+03 9.432981e+02 -9.798881e+02 1.046192e+03 3.753080e+03 1.242318e+03 -1.236949e+03 3.559147e+03
-1.494647e+03 -1.405730e+03 -3.078879e+03 -6.236061e+02 -4.453103e+03 -1.160632e+03 2.456971e+03 -2.175858e+03 2.154960e+03 1.081114e+03 -6.767097e+02 8.206139e+02 3.696836e+03 5.623020e+02 -1.552513e+03 3.803329e+03
-1.661815e+03 -1.472562e+03 -3.303408e+03 -8.192853e+02 -4.663687e+03 -1.310468e+03 2.823613e+03 -2.062833e+03 2.147075e+03 1.194838e+03 -5.523755e+02 7.772263e+02 3.879076e+03 6.639487e+02 -2.110018e+03 3.697903e+03
-2.100147e+03 -9.901980e+02 -3.153550e+03 -8.737872e+02 -4.220713e+03 -1.180063e+03 2.750712e+03 -1.693250e+03 1.615212e+03 7.138462e+02 -8.415404e+02 5.860598e+02 3.182739e+03 7.317344e+02 -1.389417e+03 2.870005e+03
-1.754885e+03 -1.040820e+03 -2.902825e+03 -8.401741e+02 -4.176433e+03 -1.117381e+03 2.471972e+03 -1.633545e+03 1.901412e+03 6.550587e+02 -8.139957e+02 6.497638e+02 3.471091e+03 8.441877e+02 -1.433364e+03 3.233006e+03
-2.103412e+03 -1.188158e+03 -3.366722e+03 -8.721286e+02 -4.604436e+03 -1.303741e+03 3.258061e+03 -1.686191e+03 1.706519e+03 8.049640e+02 -6.996210e+02 5.390195e+02 3.316776e+03 8.714589e+02 -1.767715e+03 2.964719e+03
