1.492443e+03 -8.543038e+02 2.104873e+03 -2.362059e+03
1.392343e+03 -2.310434e+02 1.930313e+03 -2.268252e+03
1.380122e+03 -5.058703e+02 1.946947e+03 -2.121108e+03
1.470997e+03 -4.498908e+02 1.709724e+03 -2.333346e+03
1.325743e+03 -4.256005e+02 1.710185e+03 -2.109148e+03
1.304281e+03 1.606631e+02 2.204870e+03 -1.767770e+03
1.278150e+03 -8.916708e+02 1.912076e+03 -2.508288e+03
1.413829e+03 -5.533728e+02 2.042364e+03 -2.096675e+03
1.384871e+03 -1.001414e+03 2.425234e+03 -2.550391e+03
1.123307e+03 -5.826255e+02 1.784598e+03 -2.241185e+03
-2.457491e+01 -1.177935e+02 3.629573e+03 -2.023728e+03
6.462884e+02 -2.636720e+02 2.813148e+03 -2.398756e+03
1.428746e+03 -3.696316e+02 3.859753e+03 -2.841233e+03
1.413828e+03 -1.115967e+02 3.819585e+03 -2.859091e+03
1.587120e+02 -6.038950e+02 3.189709e+03 -2.040432e+03
9.986066e+02 -7.807242e+02 3.114244e+03 -2.349138e+03
-1.596126e+02 -3.710084e+02 3.639058e+03 -1.859368e+03
2.648320e+02 -5.735212e+01 3.285334e+03 -1.839232e+03
6.967433e+02 -5.661372e+02 2.677746e+03 -2.352562e+03
2.583380e+02 -9.819635e+02 3.468097e+03 -2.073480e+03
3.159116e+02 3.069376e+01 3.223836e+03 -2.007161e+03
1.018951e+03 -3.059887e+02 3.165051e+03 -2.775802e+03
1.574681e+02 -6.804622e+02 3.198023e+03 -1.976651e+03
1.553564e+03 8.603892e+01 3.593495e+03 -2.696230e+03
7.333148e+02 5.969032e+01 2.850750e+03 -1.780894e+03
1.415648e+03 1.943041e+02 4.081852e+03 -2.850096e+03
1.435513e+03 -2.437625e+02 3.723419e+03 -2.732085e+03
-1.566232e+02 -3.554332e+02 3.681933e+03 -1.836100e+03
7.332638e+01 -4.505095e+02 3.584854e+03 -1.960877e+03
1.124599e+03 -8.670177e+01 3.705490e+03 -2.511527e+03
7.886254e+02 4.494770e+02 3.768536e+03 -1.328884e+03
6.251493e+02 -1.757253e+02 2.909584e+03 -2.048861e+03
3.347713e+02 -4.291150e+02 2.927339e+03 -2.145351e+03
4.622289e+02 -1.796315e+02 3.993617e+03 -2.489036e+03
4.802232e+02 -5.278478e+02 3.164656e+03 -1.899767e+03
1.724612e+02 -2.043280e+02 3.606726e+03 -1.774580e+03
5.741842e+02 -2.872558e+02 3.107911e+03 -1.863015e+03
5.628279e+02 -2.604302e+02 3.143107e+03 -2.171980e+03
5.474990e+02 -1.273942e+02 3.241535e+03 -2.180216e+03
1.120693e+03 -1.685345e+02 2.673760e+03 -1.670770e+03
3.584790e+02 -9.206893e+01 3.214862e+03 -1.830656e+03
4.687906e+02 -5.248528e+02 2.667999e+03 -2.193423e+03
6.776133e+02 -1.011817e+02 2.943376e+03 -1.817708e+03
4.100214e+02 5.351771e+01 3.178113e+03 -1.456998e+03
4.000908e+02 -4.219549e+01 3.175440e+03 -1.488429e+03
-6.573227e+01 -1.964956e+02 3.700534e+03 -1.832393e+03
9.143955e+02 -1.513426e+01 3.573136e+03 -2.421130e+03
3.757027e+01 -8.523923e+01 3.335406e+03 -1.487627e+03
5.353236e+02 -3.450157e+02 3.046232e+03 -2.169763e+03
2.652138e+02 -1.460465e+02 3.279738e+03 -2.143677e+03
1.217630e+02 -3.143226e+02 4.321171e+03 -2.490419e+03
5.715393e+02 -3.053245e+01 3.191205e+03 -1.660053e+03
9.605765e+02 2.453356e+02 3.221706e+03 -2.005052e+03
-3.445500e+01 -5.449957e+02 4.079220e+03 -1.969095e+03
1.206131e+03 -1.283332e+02 3.328872e+03 -2.697200e+03
7.788933e+02 3.666572e+02 3.344316e+03 -1.854269e+03
9.600952e+02 -5.268418e+02 3.699296e+03 -2.698970e+03
1.144336e+03 9.293921e-01 2.456776e+03 -1.780488e+03
2.696809e+02 -4.527846e+02 3.372018e+03 -1.955707e+03
6.124882e+02 1.275312e+02 3.264277e+03 -1.662518e+03
4.917045e+02 -9.695587e+01 2.776158e+03 -1.689393e+03
3.278854e+02 9.859756e+01 3.182750e+03 -2.259139e+03
1.572989e+02 -5.139444e+02 3.162065e+03 -2.103793e+03
6.897620e+02 -3.130947e+01 3.289787e+03 -1.603059e+03
6.548307e+02 -2.228900e+02 2.834991e+03 -1.931165e+03
5.022122e+02 -1.097390e+02 2.934027e+03 -1.909391e+03
-6.005667e+02 -2.706657e+02 4.006427e+03 -1.654740e+03
1.025868e+02 -1.776053e+02 4.160259e+03 -2.287649e+03
2.929462e+02 -2.704010e+02 3.180114e+03 -1.801553e+03
4.031250e+02 5.257127e+00 3.470330e+03 -1.641807e+03
6.183273e+02 1.514492e+02 3.820386e+03 -1.979069e+03
5.444806e+02 -6.715892e+02 3.731409e+03 -2.133219e+03
6.263021e+02 -1.849694e+02 2.964718e+03 -1.954269e+03
7.386266e+02 1.668585e+02 3.110082e+03 -1.546872e+03
1.500911e+02 7.271156e+02 4.454035e+03 -1.553137e+03
5.942449e+02 1.470558e+02 3.077456e+03 -1.647799e+03
5.719672e+02 2.272871e+01 3.619492e+03 -1.865760e+03
6.867866e+02 -1.374170e+02 3.330654e+03 -1.868932e+03
3.109631e+02 -3.395229e+02 2.791671e+03 -2.160598e+03
5.367753e+02 1.706483e+02 3.467420e+03 -1.768329e+03
4.943655e+02 3.032082e+02 3.597669e+03 -1.182471e+03
3.757027e+01 -8.523923e+01 3.335406e+03 -1.487627e+03
5.942449e+02 1.470558e+02 3.077456e+03 -1.647799e+03
6.657873e+02 -1.737493e+02 3.515431e+03 -2.219426e+03
1.207242e+02 3.442596e+02 3.328523e+03 -1.701680e+03
-1.085667e+02 -7.027252e+02 3.708170e+03 -1.948497e+03
1.328535e+02 -2.883996e+02 3.529791e+03 -1.755974e+03
6.587453e+02 4.295138e+01 2.916677e+03 -1.860550e+03
7.825638e+02 -2.850167e+02 2.557809e+03 -2.030155e+03
4.223838e+01 -3.849233e+02 3.308723e+03 -1.932510e+03
6.359917e+01 -5.027617e+02 3.313492e+03 -1.695315e+03
8.510018e+02 2.402725e+01 2.823675e+03 -1.292623e+03
1.855896e+02 -5.310320e+01 3.302020e+03 -1.931014e+03
8.628116e+02 4.856013e+01 3.172578e+03 -2.014107e+03
2.674745e+02 -1.930913e+02 3.550555e+03 -2.261909e+03
6.159192e+02 -7.127238e+02 2.869573e+03 -1.920341e+03
5.617121e+02 -3.815329e+02 2.765426e+03 -1.924914e+03
1.452654e+03 -6.979816e+01 4.068854e+03 -2.978760e+03
1.985733e+02 -9.924721e+02 3.533430e+03 -1.915983e+03
5.143786e+02 -3.964713e+01 3.212798e+03 -1.589177e+03
1.992747e+02 -6.343274e+02 2.470397e+03 -2.016724e+03
2.466310e+02 -5.481238e+02 3.369924e+03 -2.066545e+03
4.912470e+02 -3.539727e+02 3.355611e+03 -2.098848e+03
-4.885094e+02 -4.688078e+02 3.662969e+03 -1.764857e+03
1.517152e+02 -5.563354e+02 3.377196e+03 -1.994430e+03
7.200769e+02 -2.001425e+02 3.283407e+03 -2.384213e+03
-6.194118e+01 -1.441984e+02 3.930517e+03 -2.016428e+03
1.388068e+01 1.385056e+02 3.782707e+03 -1.806489e+03
6.118346e+02 -3.868399e+01 2.793141e+03 -1.604140e+03
1.271284e+03 8.061477e+00 4.362701e+03 -2.347157e+03
7.312842e+02 -6.635352e+02 2.571289e+03 -2.079508e+03
8.981866e+02 -1.641545e+02 2.740988e+03 -2.040203e+03
2.729396e+02 -1.326702e+02 3.741099e+03 -2.388744e+03
1.913650e+02 -6.298003e+02 3.744447e+03 -1.994833e+03
2.298907e+02 -3.521379e+01 4.006956e+03 -2.206925e+03
2.607750e+02 -3.484154e+02 3.490449e+03 -1.965673e+03
3.646495e+02 9.754092e+01 3.343651e+03 -1.865216e+03
-1.909396e+02 -1.620636e+02 4.166136e+03 -1.840527e+03
8.017104e+02 -1.134192e+02 3.205317e+03 -1.736922e+03
-3.609357e+01 -2.337669e+02 3.872110e+03 -1.555753e+03
6.855030e+01 -2.681031e+01 4.086274e+03 -2.184712e+03
4.957926e+02 -1.507548e+02 3.078119e+03 -1.943132e+03
4.434464e+02 -6.744828e+02 2.782310e+03 -2.118270e+03
7.420537e+02 1.409904e+02 3.431083e+03 -2.249471e+03
-9.687215e+00 -2.536220e+02 3.341924e+03 -2.126681e+03
3.577106e+02 -2.763809e+02 3.571328e+03 -1.322561e+03
6.316508e+02 4.413396e+02 2.898203e+03 -1.272341e+03
1.141749e+03 -1.233905e+02 3.596228e+03 -2.641574e+03
4.317460e+02 -1.956875e+02 3.178396e+03 -1.860050e+03
3.423993e+02 -1.208820e+01 3.348508e+03 -1.743407e+03
1.055096e+03 -1.483841e+02 3.424277e+03 -1.637580e+03
3.086970e+02 -6.459511e+02 3.231942e+03 -2.168327e+03
2.906164e+02 1.561150e+02 3.537522e+03 -1.754890e+03
1.544999e+03 -8.692882e+01 3.579905e+03 -2.711612e+03
6.548329e+02 1.042277e+02 3.120061e+03 -1.315486e+03
6.649546e+02 4.312230e+01 2.827429e+03 -1.818875e+03
5.367315e+02 -5.558073e+02 3.221833e+03 -2.321997e+03
5.020141e+02 -1.286334e+02 3.576862e+03 -1.790432e+03
9.716657e+02 -6.584067e+02 2.518933e+03 -2.175041e+03
3.338928e+02 8.050080e+01 3.528346e+03 -1.947028e+03
3.815943e+02 -1.003893e+02 2.010229e+03 -2.230787e+03
9.824116e+02 -3.696570e+02 3.337797e+03 -2.687241e+03
4.386190e+02 -1.247434e+02 3.646714e+03 -2.049747e+03
5.958376e+02 4.705238e+01 2.937503e+03 -1.975375e+03
8.104825e+02 -4.309515e+02 3.331024e+03 -2.451947e+03
4.627849e+02 8.124409e+02 4.378475e+03 -2.025467e+03
6.901474e+02 3.659722e+02 3.540791e+03 -1.877444e+03
6.342339e+02 -6.378653e+02 3.568634e+03 -2.199248e+03
-2.775983e+02 -3.421005e+02 3.947805e+03 -1.875320e+03
1.354613e+03 -3.336847e+01 3.717722e+03 -2.744150e+03
7.116338e+02 -7.659362e+01 3.235905e+03 -1.997548e+03
4.664568e+02 -2.205552e+02 2.577921e+03 -2.051678e+03
6.591274e+02 -4.721250e+01 2.858723e+03 -1.857581e+03
4.278449e+02 -5.690634e+02 3.453214e+03 -2.142842e+03
3.008684e+02 -7.261451e+01 3.649656e+03 -1.873462e+03
-2.873198e+02 -1.628500e+02 2.526044e+03 -1.663829e+03
5.953735e+02 -5.999729e+01 3.166791e+03 -2.178333e+03
6.175157e+02 -1.579630e+02 3.261739e+03 -2.105008e+03
3.202868e+02 -6.894202e+02 3.613808e+03 -2.233006e+03
8.898548e+02 1.603413e+02 3.507848e+03 -1.866859e+03
2.439605e+02 -9.372324e+02 3.615713e+03 -2.052025e+03
1.408084e+03 -1.171285e+01 3.399006e+03 -2.877486e+03
1.243299e+03 -8.336830e+01 3.496170e+03 -3.081540e+03
7.615242e+02 -2.455763e+02 2.772725e+03 -1.891183e+03
9.602493e+02 -5.390227e+02 3.042507e+03 -2.526958e+03
8.191202e+01 -9.696696e+02 3.593612e+03 -1.994638e+03
2.157036e+02 -3.737315e+01 3.193966e+03 -2.074206e+03
4.227548e+02 1.659230e+01 3.084943e+03 -1.900119e+03
2.668798e+02 -8.995794e+02 3.333368e+03 -1.975920e+03
1.273235e+03 1.012256e+03 5.574747e+03 -3.091929e+03
1.085538e+03 8.283343e+01 2.700008e+03 -2.366250e+03
2.204455e+02 -9.192244e+01 3.611005e+03 -1.767577e+03
5.011866e+02 4.106512e+02 3.986321e+03 -2.045052e+03
6.825113e+02 -8.135063e+01 2.475448e+03 -1.876750e+03
-1.529803e+02 -6.216497e+02 4.011589e+03 -1.835878e+03
6.019944e+02 -5.728296e+02 3.589841e+03 -2.122503e+03
3.125828e+02 4.276662e+02 3.583553e+03 -1.560330e+03
-4.251984e+02 -5.459731e+02 3.771320e+03 -1.777502e+03
5.973947e+02 -6.481180e+01 2.812002e+03 -1.830570e+03
-3.724401e+02 -3.705391e+02 3.836050e+03 -1.684780e+03
-3.970927e+02 -7.497852e+02 3.892114e+03 -1.766181e+03
7.367892e+02 -5.667399e+01 3.128916e+03 -1.636362e+03
6.422725e+02 -1.362380e+02 3.391884e+03 -2.038910e+03
2.377855e+02 1.585791e+02 3.533864e+03 -1.905006e+03
7.767204e+02 1.042922e+02 2.811027e+03 -1.781269e+03
6.528306e+02 -2.469717e+01 2.908822e+03 -1.856648e+03
9.274035e+02 -3.666162e+02 2.964660e+03 -2.177870e+03
7.435258e+02 -3.978717e+01 2.993619e+03 -2.090848e+03
3.717910e+02 4.237662e+02 3.341117e+03 -1.284695e+03
6.057113e+02 2.067094e+02 2.873826e+03 -1.687385e+03
3.906797e+02 4.478355e+01 2.917698e+03 -1.182666e+03
5.830431e+02 -1.038150e+02 3.315587e+03 -1.953609e+03
1.495726e+02 8.134235e+01 3.556827e+03 -1.913372e+03
2.090314e+02 -3.694793e+02 2.753421e+03 -1.990727e+03
1.409295e+03 3.997143e+01 3.546714e+03 -2.759631e+03
4.148004e+02 -5.598916e+02 2.823629e+03 -1.776941e+03
4.602335e+02 -2.432867e+02 3.046791e+03 -1.740212e+03
5.773019e+02 -1.441182e+02 3.236712e+03 -1.839218e+03
3.535814e+02 -4.670252e+02 3.333975e+03 -2.057727e+03
5.052542e+02 -1.570307e+02 3.384992e+03 -2.061125e+03
6.899309e+02 4.429127e+02 2.883211e+03 -1.527655e+03
1.182966e+03 -1.827705e+02 3.841707e+03 -2.887912e+03
1.804007e+02 -9.138246e+02 3.270406e+03 -2.095522e+03
7.747846e+02 1.857840e+02 3.911567e+03 -2.284048e+03
2.440920e+02 -3.914238e+02 3.271920e+03 -1.954050e+03
2.670851e+02 1.635097e+02 3.346210e+03 -1.797322e+03
6.987323e+02 2.116297e+02 2.810425e+03 -1.466451e+03
9.234681e+02 -2.070014e+02 3.177296e+03 -2.650790e+03
4.963130e+02 -2.236505e+02 3.972068e+03 -2.166100e+03
3.045860e+02 -7.142133e+01 3.150524e+03 -1.754458e+03
6.951393e+02 3.597001e+01 1.858200e+03 -2.346646e+03
4.822726e+02 2.343400e+02 2.043202e+03 -2.406302e+03
5.785138e+02 3.469615e+02 2.881589e+03 -3.180631e+03
4.134268e+02 3.720475e+02 1.945181e+03 -2.285630e+03
6.765370e+02 8.174484e+02 3.297004e+03 -2.564503e+03
1.066626e+03 -1.201408e+02 2.421787e+03 -1.920358e+03
9.760597e+02 -2.672161e+02 2.242831e+03 -2.114270e+03
-6.324643e+01 2.491954e+02 1.799923e+03 -2.398774e+03
4.049621e+02 1.000850e+02 1.937419e+03 -2.303119e+03
4.572332e+02 -2.264342e+02 2.112826e+03 -2.741364e+03
6.293456e+02 2.972828e+02 2.039604e+03 -2.418885e+03
6.904684e+02 5.125257e+00 2.312993e+03 -2.372785e+03
8.849105e+02 8.665898e+01 2.486376e+03 -2.565114e+03
7.352235e+02 8.292005e+01 1.815274e+03 -2.455204e+03
9.190421e+02 1.755730e+02 2.417754e+03 -2.540979e+03
1.505980e+02 9.616287e+01 2.055277e+03 -2.501721e+03
3.846594e+02 3.814705e+02 2.162715e+03 -2.826139e+03
5.867661e+02 8.137878e+01 2.253521e+03 -2.518263e+03
7.772278e+02 1.201801e+02 2.297002e+03 -2.880457e+03
1.120479e+02 5.086411e+01 1.517948e+03 -2.242220e+03
1.396807e+02 -1.842131e+02 2.067505e+03 -2.148924e+03
3.860635e+02 1.010598e+02 2.544909e+03 -2.416112e+03
7.311268e+02 -7.461237e+01 1.829683e+03 -2.506797e+03
4.248036e+02 1.845275e+02 1.753651e+03 -2.330243e+03
6.508021e+02 -5.164915e+00 1.857160e+03 -2.390203e+03
8.410544e+02 3.266712e+02 2.504851e+03 -3.162665e+03
5.896415e+02 4.154515e+02 2.335012e+03 -2.745348e+03
6.694447e+02 1.611227e+01 1.653729e+03 -2.411929e+03
7.545675e+02 1.436714e+01 2.674913e+03 -2.187250e+03
6.745721e+02 1.625068e+02 1.581120e+03 -2.687709e+03
1.699804e+02 3.924177e+02 2.531463e+03 -2.683478e+03
6.970974e+02 -6.640780e+01 2.271321e+03 -2.382818e+03
1.524979e+03 1.949393e+02 3.250231e+03 -3.509905e+03
8.122896e+02 -2.840697e+01 1.805509e+03 -2.521560e+03
4.082706e+02 9.613374e+01 1.949164e+03 -2.481711e+03
3.792914e+02 1.173154e+02 2.130303e+03 -2.549139e+03
5.419630e+02 1.363455e+02 2.712917e+03 -2.483437e+03
8.292711e+02 -3.687346e+02 2.270521e+03 -2.245514e+03
1.143403e+03 -1.346666e+02 2.704487e+03 -3.222642e+03
8.792194e+02 -6.587233e+01 2.740754e+03 -2.727902e+03
7.870910e+02 4.168223e+01 2.339800e+03 -2.560953e+03
1.181726e+03 -7.692581e+01 2.280043e+03 -2.561871e+03
4.481318e+02 -1.867583e+02 2.127582e+03 -2.518104e+03
4.637522e+02 1.291434e+02 2.325536e+03 -2.342208e+03
7.789971e+02 -2.833993e+02 2.409321e+03 -2.628028e+03
1.068031e+03 1.859925e+01 1.965470e+03 -2.279232e+03
1.476404e+03 -4.487971e+02 3.198429e+03 -3.176342e+03
5.976620e+02 2.351833e+02 2.001060e+03 -2.192213e+03
3.901322e+02 3.849068e+02 1.825021e+03 -2.739081e+03
2.426688e+02 3.657761e+02 3.056893e+03 -2.891100e+03
7.157581e+02 9.670371e+01 1.954564e+03 -2.416103e+03
6.726088e+02 1.405627e+02 2.449688e+03 -2.882001e+03
1.360714e+03 -2.063605e+01 2.616154e+03 -3.227500e+03
8.865468e+02 -1.107147e+02 2.296894e+03 -2.268041e+03
7.585567e+02 -1.641469e+01 2.188059e+03 -2.702455e+03
1.162845e+03 -3.505595e+02 2.529074e+03 -2.296736e+03
1.242048e+03 1.267964e+03 5.219200e+03 -3.393650e+03
1.018629e+03 -1.521728e+02 2.000544e+03 -2.227651e+03
3.547678e+02 3.603464e+02 2.150840e+03 -2.351088e+03
4.541249e+02 3.395234e+02 1.664679e+03 -2.547033e+03
4.883112e+02 -2.295994e+02 2.101558e+03 -2.598772e+03
7.504863e+02 -1.186934e+02 2.127236e+03 -2.113713e+03
2.145226e+02 4.717354e+02 2.252239e+03 -2.419979e+03
3.525692e+02 1.455262e+01 2.194692e+03 -2.064422e+03
6.918448e+02 9.526049e+01 2.359019e+03 -3.004805e+03
9.469629e+02 1.408805e+02 2.127816e+03 -2.477001e+03
1.068527e+03 -7.550441e+01 2.024715e+03 -2.118370e+03
2.522117e+02 -1.090143e+00 2.152627e+03 -2.516273e+03
2.689639e+02 -1.365369e+02 2.156349e+03 -2.658814e+03
6.895229e+02 1.925406e+02 1.990321e+03 -2.563754e+03
1.431828e+03 2.463234e+01 3.457624e+03 -3.231594e+03
3.660187e+02 2.148616e+02 2.118610e+03 -2.637524e+03
1.440406e+03 -2.353917e+02 2.967222e+03 -3.303764e+03
6.291858e+02 -1.953618e+02 2.234562e+03 -2.318115e+03
3.863835e+02 -1.922226e+02 2.406052e+03 -2.585480e+03
3.447312e+02 7.038571e+01 1.717915e+03 -2.531425e+03
1.437600e+02 4.888426e+02 2.916975e+03 -2.706841e+03
5.498728e+02 -3.473688e+02 2.062471e+03 -2.784429e+03
7.153484e+02 -1.071139e+02 2.289751e+03 -2.416778e+03
4.949823e+02 -2.700630e+02 2.371472e+03 -2.592233e+03
7.209785e+02 9.586485e+01 2.654959e+03 -2.835804e+03
4.067021e+02 1.537247e+02 2.018474e+03 -2.479645e+03
9.235054e+02 -6.977260e+01 2.081131e+03 -2.181547e+03
6.367259e+02 7.479254e+00 1.529507e+03 -2.522102e+03
9.316658e+02 3.078468e+02 2.528645e+03 -2.068596e+03
1.312255e+03 -1.323572e+02 3.011943e+03 -3.343676e+03
9.603787e+02 -1.270329e+02 2.803414e+03 -3.377671e+03
6.552600e+02 4.983939e+01 1.967767e+03 -2.762787e+03
7.188594e+02 -6.364905e+01 2.052258e+03 -2.249970e+03
6.147922e+02 4.861443e+01 1.663558e+03 -2.529981e+03
6.751609e+02 5.410319e+00 1.927812e+03 -2.695309e+03
7.010541e+02 2.064479e+02 2.099598e+03 -2.645795e+03
2.297038e+02 2.290898e+02 2.113385e+03 -2.091094e+03
4.808894e+02 5.312272e+02 2.176252e+03 -2.458062e+03
4.542203e+02 1.596180e+02 2.307534e+03 -2.343502e+03
6.388730e+02 -2.325101e+01 2.122088e+03 -2.717726e+03
4.198771e+02 2.424409e+02 2.559767e+03 -2.908729e+03
4.786184e+02 -8.828996e+01 2.318929e+03 -2.365508e+03
2.969506e+02 2.349804e+02 1.889292e+03 -2.217528e+03
3.074554e+02 3.148847e+02 1.966380e+03 -2.544720e+03
4.122170e+01 5.721539e+02 2.432720e+03 -2.282299e+03
3.963215e+02 2.716650e+02 1.907608e+03 -2.377843e+03
3.892469e+02 2.643325e+02 1.555104e+03 -2.260118e+03
6.899583e+02 3.247237e+01 2.271761e+03 -2.056656e+03
5.303415e+02 2.411833e+02 1.943195e+03 -2.422905e+03
1.114976e+03 -1.371700e+02 2.425022e+03 -2.929183e+03
4.451580e+02 1.088060e+02 1.865169e+03 -2.662536e+03
1.495247e+03 1.131844e+03 5.442750e+03 -4.069612e+03
7.188508e+02 -5.264536e+01 1.964394e+03 -2.348966e+03
4.028744e+02 1.880413e+02 1.878682e+03 -2.471282e+03
6.691978e+02 -6.316506e+01 1.838769e+03 -2.419460e+03
4.101321e+02 3.940721e+02 2.116109e+03 -2.316687e+03
1.292606e+02 4.005912e+01 1.427570e+03 -2.263001e+03
7.690313e+01 2.173349e+02 2.044327e+03 -2.369181e+03
1.226274e+02 3.904299e+02 1.734837e+03 -2.523994e+03
-1.334069e+02 -2.966761e+00 1.665517e+03 -1.922658e+03
4.223509e+02 1.881315e+02 2.271259e+03 -2.201473e+03
5.448450e+02 -4.717938e+01 2.253432e+03 -2.182808e+03
1.107237e+03 -3.759800e+02 2.444663e+03 -3.203571e+03
3.534989e+02 -1.176574e+02 1.981071e+03 -2.409705e+03
2.254177e+02 9.624491e+01 2.045377e+03 -2.367292e+03
9.298916e+02 -2.631825e+02 2.578386e+03 -2.865146e+03
6.367484e+02 -2.059177e+02 2.265414e+03 -2.284872e+03
6.213179e+02 -5.123602e+00 2.242170e+03 -2.625515e+03
5.237086e+02 -2.105585e+02 2.174313e+03 -2.502982e+03
1.222965e+02 3.519815e+02 2.194015e+03 -2.508668e+03
2.461580e+02 3.814785e+02 1.981459e+03 -2.389483e+03
1.113503e+03 -1.433778e+02 2.644584e+03 -3.299112e+03
1.022529e+03 -6.432748e+01 2.874303e+03 -3.039331e+03
4.533169e+02 4.066932e+02 1.955477e+03 -2.734897e+03
5.531244e+02 9.702503e+01 2.018619e+03 -2.384579e+03
9.704676e+02 1.395813e+02 2.360510e+03 -2.473038e+03
7.036075e+02 4.036117e+01 1.836921e+03 -2.400784e+03
5.551520e+02 4.573982e+01 2.335897e+03 -2.388489e+03
8.603124e+02 1.392722e+02 1.885150e+03 -2.686061e+03
6.644620e+02 2.605789e+01 1.996982e+03 -2.162343e+03
1.338430e+03 -1.810565e+02 2.784968e+03 -3.403274e+03
2.383639e+02 3.039916e+02 1.898338e+03 -2.561564e+03
9.253193e+02 1.733814e+02 1.832884e+03 -2.618810e+03
9.681880e+02 -7.052102e+01 3.018659e+03 -2.057885e+03
6.501081e+02 -1.697772e+01 1.755866e+03 -2.573242e+03
7.596140e+02 -1.624340e+02 2.066006e+03 -2.715717e+03
4.938232e+02 2.523131e+02 2.466534e+03 -2.589220e+03
5.207219e+02 1.129843e+02 1.716684e+03 -2.568729e+03
5.629875e+02 -3.015924e+01 2.302903e+03 -2.096823e+03
6.755808e+02 9.308005e+02 4.071825e+03 -3.094435e+03
1.835526e+02 -1.160688e+02 2.255945e+03 -2.499692e+03
6.206310e+02 -3.187436e+02 2.037426e+03 -2.581527e+03
8.893766e+02 -1.036812e+02 2.441996e+03 -2.207744e+03
2.813482e+02 -1.056877e+02 2.555832e+03 -2.657106e+03
6.110238e+02 -4.625776e+01 1.887873e+03 -2.283126e+03
1.405542e+03 8.677085e+02 3.860941e+03 -3.540482e+03
7.067230e+02 1.550693e+03 4.568271e+03 -2.856544e+03
6.565282e+02 -1.483135e+02 1.720010e+03 -2.256641e+03
-6.321319e+01 2.276536e+02 2.087110e+03 -2.484298e+03
3.520824e+02 2.977472e+02 2.242609e+03 -2.215682e+03
7.634755e+02 -3.921396e+01 1.972357e+03 -2.480891e+03
4.949008e+02 1.813609e+02 2.067647e+03 -2.371798e+03
6.902504e+02 1.316933e+02 2.168186e+03 -2.426607e+03
1.241895e+03 -3.191828e+02 2.472288e+03 -3.330603e+03
4.892120e+02 5.268928e+01 2.225769e+03 -2.023886e+03
9.037049e+02 7.579142e+00 1.769213e+03 -2.842723e+03
6.746322e+02 1.924174e+02 2.165922e+03 -2.802432e+03
4.370104e+02 -8.359009e+00 2.153135e+03 -2.201059e+03
6.215257e+02 1.135146e+02 1.940788e+03 -2.338719e+03
8.245859e+02 1.287437e+02 1.945598e+03 -2.289226e+03
7.371728e+02 -1.976261e+02 1.902922e+03 -2.129402e+03
9.907720e+02 -3.855634e+01 2.402229e+03 -3.143456e+03
5.893492e+02 -9.170472e+01 2.060568e+03 -2.546319e+03
3.890105e+02 4.055643e+02 1.995251e+03 -2.249032e+03
7.675459e+02 1.152733e+02 1.889416e+03 -2.477193e+03
8.217903e+02 9.177326e+01 1.831438e+03 -2.219357e+03
3.348348e+02 9.163315e+01 1.905294e+03 -2.658949e+03
7.814156e+02 -1.616445e+02 1.998398e+03 -2.331474e+03
6.260915e+02 -1.253030e+01 2.274874e+03 -1.918183e+03
5.259143e+02 1.835756e+00 2.288872e+03 -2.402527e+03
3.481470e+02 5.524900e+02 2.447372e+03 -2.409241e+03
1.205411e+03 -2.450893e+02 2.240574e+03 -2.251174e+03
1.975265e+02 1.787926e+02 1.885179e+03 -2.571670e+03
8.369301e+02 -4.968725e+02 2.316452e+03 -2.126525e+03
9.261570e+02 8.876863e+01 2.311513e+03 -2.562977e+03
1.289486e+03 -2.263584e+02 3.009193e+03 -3.112890e+03
4.974791e+02 -1.265986e+02 2.516601e+03 -2.846900e+03
3.199006e+02 1.257147e+02 1.910882e+03 -2.356821e+03
6.628778e+01 3.874214e+02 1.965852e+03 -2.476173e+03
5.336578e+02 7.068690e+01 2.088151e+03 -2.209582e+03
7.296184e+02 7.156718e+01 2.172257e+03 -2.643832e+03
1.054880e+02 4.042733e+02 2.359770e+03 -2.299849e+03
6.150271e+01 5.643661e+02 1.734164e+03 -2.380266e+03
7.012535e+02 -2.496257e+01 2.442054e+03 -2.525861e+03
3.278786e+02 2.029220e+02 1.887535e+03 -2.518077e+03
1.092914e+03 -2.272112e+02 2.238606e+03 -2.188639e+03
3.630238e+02 3.358678e+02 2.693958e+03 -2.535971e+03
1.372605e+03 -2.319330e+01 2.392855e+03 -3.283900e+03
5.775830e+01 2.621557e+02 2.031893e+03 -2.599950e+03
5.705507e+02 1.944069e+02 2.459189e+03 -2.875159e+03
4.606801e+02 5.641398e+02 2.708840e+03 -2.570224e+03
5.360618e+02 -6.774982e+00 1.874877e+03 -2.525376e+03
5.444212e+02 -4.155094e+00 2.353332e+03 -3.030131e+03
2.297038e+02 2.290898e+02 2.113385e+03 -2.091094e+03
