1.676330e+03 -2.848770e+03 2.250054e+03 8.982978e+02 1.524588e+03 -2.024336e+03 1.989262e+03 -5.596725e+02 -1.018660e+03 1.449691e+03 1.314278e+03 1.753624e+02 -9.417309e+02 -5.705517e+02 2.738651e+03 1.683250e+02
1.538852e+03 -2.735314e+03 2.031981e+03 5.122266e+02 1.459433e+03 -1.902499e+03 2.013802e+03 -5.678574e+02 -8.925012e+02 1.259437e+03 1.032944e+03 1.580066e+02 -1.009977e+03 -5.061864e+02 2.587350e+03 1.091766e+02
1.475580e+03 -2.575974e+03 2.153858e+03 7.990868e+02 1.478978e+03 -1.784075e+03 1.879964e+03 -7.152442e+02 -8.018823e+02 1.244536e+03 1.090962e+03 1.756476e+02 -1.030139e+03 -6.126634e+02 2.424057e+03 -3.498434e+01
1.528919e+03 -2.885275e+03 2.178373e+03 8.518026e+02 1.307272e+03 -1.805470e+03 2.072347e+03 -6.526992e+02 -8.879466e+02 1.419439e+03 1.334704e+03 2.020432e+02 -1.214233e+03 -6.157453e+02 2.553536e+03 1.729203e+02
1.330800e+03 -2.775852e+03 2.098198e+03 6.914539e+02 1.326743e+03 -1.830685e+03 1.916138e+03 -7.377558e+02 -1.070117e+03 1.346682e+03 1.202082e+03 1.219705e+02 -1.212434e+03 -7.168417e+02 2.778319e+03 2.123394e+02
1.335975e+03 -3.207283e+03 2.071749e+03 6.372054e+02 1.091051e+03 -1.776931e+03 1.978418e+03 -5.310315e+02 -8.074624e+02 1.515155e+03 1.470106e+03 3.486423e+02 -1.521557e+03 -4.503653e+02 2.729892e+03 3.320362e+02
1.633849e+03 -2.830765e+03 2.286130e+03 8.953745e+02 1.445167e+03 -1.977815e+03 1.912418e+03 -4.968954e+02 -9.779533e+02 1.476392e+03 1.183061e+03 -2.249390e+01 -9.984741e+02 -6.148511e+02 2.812299e+03 -8.934035e+01
1.432513e+03 -2.676928e+03 2.148151e+03 8.983869e+02 1.461868e+03 -2.006011e+03 1.983100e+03 -8.300568e+02 -1.094163e+03 1.374723e+03 1.337195e+03 2.296904e+02 -1.121414e+03 -7.599961e+02 2.560024e+03 2.592329e+02
1.631406e+03 -2.788645e+03 2.265500e+03 8.175824e+02 1.573534e+03 -2.102627e+03 1.903158e+03 -3.799927e+02 -9.437895e+02 1.540143e+03 1.159714e+03 1.507248e+01 -9.376634e+02 -5.809148e+02 2.870845e+03 -3.268213e+01
1.596731e+03 -2.730911e+03 2.232479e+03 7.471178e+02 1.382257e+03 -1.909461e+03 1.857576e+03 -5.926917e+02 -8.972987e+02 1.403142e+03 1.033252e+03 -8.855286e+01 -9.462217e+02 -6.848235e+02 2.682653e+03 -1.071078e+02
9.669914e+02 -4.019060e+03 3.948948e+03 1.072128e+02 7.479446e+01 -1.836575e+03 1.209377e+03 -7.390128e+02 6.283518e+02 1.637819e+03 2.166269e+03 -5.753953e+02 -1.872333e+03 -9.085191e+02 3.765646e+03 3.755777e+02
1.046525e+03 -3.875936e+03 3.575054e+03 6.506142e+01 3.682034e+02 -1.551380e+03 1.216075e+03 -6.196226e+02 3.603744e+02 1.670445e+03 1.663877e+03 -7.989728e+02 -1.814926e+03 -8.157843e+02 3.740030e+03 -9.380511e+01
1.625211e+03 -4.203189e+03 4.164108e+03 1.092551e+02 2.952560e+02 -1.446963e+03 1.412402e+03 -2.265273e+02 1.060227e+03 2.145123e+03 1.648917e+03 -9.938541e+02 -1.968616e+03 -6.124228e+02 3.800832e+03 -3.584039e+02
1.885713e+03 -4.420389e+03 4.277347e+03 1.344138e+02 3.729064e+02 -1.566105e+03 1.479643e+03 -3.373710e+02 1.070951e+03 2.207095e+03 1.521567e+03 -1.329977e+03 -1.894742e+03 -8.064806e+02 3.838838e+03 -2.817937e+02
1.042232e+03 -3.720962e+03 3.783004e+03 2.923348e+02 3.191995e+02 -1.791377e+03 1.116887e+03 -4.617922e+02 2.205387e+02 1.545124e+03 2.098103e+03 -3.917245e+02 -1.639676e+03 -7.981678e+02 3.539604e+03 2.223715e+02
1.323994e+03 -3.354705e+03 3.702811e+03 4.786523e+02 7.230244e+02 -1.796577e+03 1.259499e+03 -4.396492e+02 3.678656e+02 1.524875e+03 1.834006e+03 -3.093189e+02 -1.428675e+03 -4.801501e+02 3.270162e+03 -2.322218e+02
1.156595e+03 -3.780480e+03 3.984863e+03 2.945130e+02 4.850867e+02 -2.101093e+03 1.219164e+03 -5.181191e+02 1.981431e+02 1.751765e+03 1.981802e+03 -4.457636e+02 -1.579928e+03 -8.410648e+02 3.675607e+03 2.193260e+02
1.031985e+03 -3.612887e+03 3.504486e+03 4.783923e+02 5.015476e+02 -1.975264e+03 1.477389e+03 -6.027273e+02 -6.394436e+01 1.654353e+03 2.128598e+03 -2.215342e+02 -1.545810e+03 -7.678429e+02 3.233087e+03 4.215548e+02
1.148935e+03 -3.603923e+03 3.556956e+03 4.207863e+02 6.401784e+02 -1.681775e+03 1.286295e+03 -5.380460e+02 1.319890e+02 1.553797e+03 1.695377e+03 -4.825383e+02 -1.523138e+03 -5.777834e+02 3.328996e+03 -1.421407e+02
1.352867e+03 -3.336898e+03 3.952280e+03 4.215497e+02 5.538832e+02 -2.067410e+03 1.176504e+03 -1.832438e+02 4.522308e+02 1.701851e+03 2.039099e+03 -4.346493e+02 -1.362071e+03 -5.523824e+02 3.492656e+03 -4.351831e+01
7.746284e+02 -3.915249e+03 3.507664e+03 -3.665061e+00 2.306421e+01 -1.476129e+03 1.286871e+03 -6.454227e+02 4.500335e+02 1.621706e+03 1.806998e+03 -6.327183e+02 -1.979580e+03 -8.490175e+02 3.688016e+03 1.795605e+02
1.468392e+03 -3.915966e+03 3.899687e+03 2.715123e+02 3.623337e+02 -1.504998e+03 1.201961e+03 -4.283855e+02 6.161349e+02 2.021256e+03 1.625420e+03 -9.710129e+02 -1.837318e+03 -9.018746e+02 3.464702e+03 -2.141517e+02
1.216383e+03 -3.547104e+03 3.759461e+03 5.536544e+02 7.102805e+02 -2.051079e+03 1.272921e+03 -4.214370e+02 -7.514298e+01 1.748998e+03 2.122667e+03 -3.612558e+02 -1.502431e+03 -7.368900e+02 3.317306e+03 1.893884e+02
1.655804e+03 -4.539016e+03 4.429220e+03 -1.935702e+02 7.429906e+01 -1.240729e+03 1.031795e+03 -5.329186e+02 1.299165e+03 2.093044e+03 1.456560e+03 -1.436051e+03 -2.108950e+03 -8.591269e+02 4.135037e+03 -3.891055e+02
9.159214e+02 -3.659747e+03 2.968218e+03 7.647720e+01 4.185091e+02 -1.614775e+03 1.426892e+03 -6.571635e+02 -7.223778e+00 1.566338e+03 1.702683e+03 -3.993160e+02 -1.828697e+03 -7.166976e+02 3.428981e+03 1.310833e+02
1.729635e+03 -4.541598e+03 4.547642e+03 -3.543822e+02 -2.332175e+01 -1.368452e+03 1.169926e+03 -3.720949e+02 1.616659e+03 2.058480e+03 1.475481e+03 -1.438916e+03 -2.112413e+03 -7.493020e+02 4.300248e+03 -4.173658e+02
1.742139e+03 -4.424380e+03 4.466989e+03 -5.618037e+01 1.592045e+02 -1.346771e+03 1.092300e+03 -3.918449e+02 1.188906e+03 2.084749e+03 1.511841e+03 -1.364581e+03 -1.960083e+03 -8.475967e+02 4.075074e+03 -3.715873e+02
1.074236e+03 -3.865324e+03 3.799063e+03 2.271609e+02 3.779303e+02 -2.067513e+03 1.252187e+03 -6.033341e+02 1.978442e+02 1.713837e+03 2.038034e+03 -3.658259e+02 -1.676916e+03 -8.475071e+02 3.649707e+03 2.823729e+02
1.193029e+03 -3.679675e+03 3.786428e+03 5.314266e+02 6.540583e+02 -2.368101e+03 1.499574e+03 -6.448144e+02 -5.749651e+01 1.698343e+03 2.287721e+03 -1.525356e+02 -1.436634e+03 -7.003473e+02 3.349080e+03 4.009013e+02
1.421346e+03 -3.882839e+03 3.738954e+03 1.757931e+02 3.718474e+02 -1.641145e+03 1.562638e+03 -4.435657e+02 5.748242e+02 1.954899e+03 1.670743e+03 -8.025025e+02 -1.854179e+03 -7.808068e+02 3.519736e+03 4.491243e+01
1.194207e+03 -3.926187e+03 3.299312e+03 -2.846264e+02 6.305332e+02 -1.775310e+03 1.605935e+03 -5.109593e+02 4.310477e+02 1.866351e+03 1.364731e+03 -7.652009e+02 -2.058923e+03 -6.278458e+02 3.727972e+03 3.391982e+01
9.274139e+02 -3.737433e+03 3.408725e+03 -3.864215e+00 3.182731e+02 -1.519214e+03 1.195545e+03 -5.482355e+02 2.690747e+02 1.625164e+03 1.634643e+03 -6.681548e+02 -1.773659e+03 -8.028558e+02 3.731177e+03 -2.253691e+01
1.023393e+03 -3.534926e+03 3.611609e+03 1.008877e+02 -3.090607e+01 -1.592685e+03 9.214681e+02 -4.256098e+02 6.113865e+02 1.736673e+03 2.127015e+03 -4.355769e+02 -1.771207e+03 -7.522055e+02 3.448820e+03 7.538606e+01
1.350629e+03 -4.458839e+03 4.667154e+03 -1.062744e+02 1.157320e+02 -1.816942e+03 1.163140e+03 -7.139049e+02 1.146110e+03 1.909029e+03 1.945166e+03 -1.158444e+03 -1.954788e+03 -1.024801e+03 4.291589e+03 -9.064851e-01
1.201044e+03 -3.540734e+03 3.735322e+03 3.565676e+02 7.021744e+02 -1.976616e+03 1.223158e+03 -5.305127e+02 -2.923908e+01 1.702167e+03 1.951154e+03 -4.235359e+02 -1.498184e+03 -7.228560e+02 3.405679e+03 1.438198e+02
1.043927e+03 -3.808515e+03 3.721663e+03 2.464123e+02 5.698657e+02 -2.049094e+03 1.359988e+03 -6.525903e+02 -8.386720e+01 1.784655e+03 1.997385e+03 -3.633017e+02 -1.743450e+03 -8.697853e+02 3.546198e+03 2.958580e+02
9.918071e+02 -3.567968e+03 3.207146e+03 2.278873e+02 5.816256e+02 -1.805897e+03 1.427521e+03 -4.993149e+02 -3.895797e+01 1.700249e+03 1.695539e+03 -4.052585e+02 -1.676276e+03 -7.177191e+02 3.357496e+03 6.931927e+01
1.119654e+03 -3.717868e+03 3.607537e+03 1.660271e+02 3.591283e+02 -1.779517e+03 1.318108e+03 -5.667688e+02 2.219313e+02 1.694845e+03 1.913954e+03 -5.412737e+02 -1.657918e+03 -7.984190e+02 3.488021e+03 1.276898e+02
8.854806e+02 -3.741991e+03 3.474719e+03 1.890108e+02 2.841325e+02 -1.494236e+03 1.316109e+03 -5.072637e+02 3.041588e+02 1.788651e+03 1.749327e+03 -6.196977e+02 -1.930218e+03 -7.692124e+02 3.492620e+03 1.162952e+01
9.718313e+02 -3.220977e+03 2.827227e+03 2.872503e+02 6.818939e+02 -1.662794e+03 1.496400e+03 -7.242602e+02 -9.073320e+01 1.315497e+03 1.538591e+03 -9.237198e+01 -1.494260e+03 -5.627825e+02 3.211838e+03 3.098335e+01
8.417015e+02 -3.887838e+03 3.461828e+03 -1.693450e+02 1.548624e+02 -1.624074e+03 1.206690e+03 -5.484747e+02 3.896107e+02 1.652498e+03 1.734145e+03 -6.183406e+02 -1.883821e+03 -8.475907e+02 3.848538e+03 9.098315e+01
1.050770e+03 -3.557681e+03 3.536161e+03 4.056833e+02 6.531793e+02 -1.771711e+03 1.218035e+03 -5.657968e+02 -3.946633e+01 1.489967e+03 1.955893e+03 -3.602649e+02 -1.538279e+03 -6.925092e+02 3.374370e+03 1.189120e+02
9.102962e+02 -3.652457e+03 3.030842e+03 1.798002e+02 5.913546e+02 -1.731243e+03 1.506950e+03 -5.970635e+02 -1.716846e+02 1.635783e+03 1.800342e+03 -2.912814e+02 -1.743078e+03 -7.604181e+02 3.357615e+03 2.378787e+02
8.300003e+02 -3.790478e+03 2.966821e+03 -2.278307e+02 2.795368e+02 -1.508764e+03 1.336266e+03 -4.849180e+02 2.224933e+02 1.682750e+03 1.598783e+03 -5.514510e+02 -1.883394e+03 -6.441505e+02 3.710278e+03 5.754952e+01
9.770386e+02 -3.966496e+03 3.278264e+03 -8.464420e+01 4.568128e+02 -1.542356e+03 1.418049e+03 -6.481408e+02 2.890049e+02 1.804856e+03 1.280377e+03 -8.216883e+02 -1.999515e+03 -7.790452e+02 3.802852e+03 -1.087936e+02
1.077151e+03 -3.975920e+03 3.913488e+03 4.003445e+02 4.335908e+02 -2.209051e+03 1.450823e+03 -8.353926e+02 9.628340e+01 1.694809e+03 2.306745e+03 -2.349101e+02 -1.698305e+03 -9.253071e+02 3.617328e+03 5.925869e+02
1.319289e+03 -4.186991e+03 4.180924e+03 1.322293e+02 2.119370e+02 -1.525902e+03 1.352647e+03 -6.482288e+02 8.974682e+02 1.882263e+03 1.868692e+03 -9.328656e+02 -1.990731e+03 -8.422004e+02 3.848246e+03 -9.156976e-01
7.784413e+02 -3.945926e+03 3.379326e+03 -8.032693e+01 3.240720e+02 -1.847316e+03 1.364537e+03 -6.496018e+02 8.567201e+01 1.606530e+03 1.821113e+03 -3.588437e+02 -1.910901e+03 -9.438448e+02 3.774359e+03 3.313436e+02
1.116052e+03 -3.658155e+03 3.401522e+03 2.741411e+02 6.796931e+02 -1.998163e+03 1.437999e+03 -6.500024e+02 -7.910195e+01 1.718018e+03 1.909269e+03 -3.744720e+02 -1.578963e+03 -8.264564e+02 3.397348e+03 1.904974e+02
1.046677e+03 -3.978383e+03 3.889013e+03 2.201722e+02 3.852808e+02 -1.957960e+03 1.356488e+03 -8.936120e+02 2.514266e+02 1.650800e+03 2.040576e+03 -5.677723e+02 -1.714719e+03 -1.050845e+03 3.774074e+03 3.546794e+02
1.350065e+03 -4.589274e+03 4.836596e+03 2.811689e+01 1.127580e+02 -1.964427e+03 1.136034e+03 -6.479880e+02 1.087682e+03 1.901243e+03 2.228338e+03 -1.042034e+03 -2.101467e+03 -1.056851e+03 4.309688e+03 1.124741e+02
8.959301e+02 -3.680120e+03 3.011501e+03 -1.628531e+02 3.815409e+02 -1.730678e+03 1.392396e+03 -4.872883e+02 1.319964e+02 1.547447e+03 1.766915e+03 -3.478109e+02 -1.761931e+03 -6.631247e+02 3.559998e+03 1.780132e+02
9.128503e+02 -4.010044e+03 3.488103e+03 1.858975e+02 5.594326e+02 -1.692459e+03 1.575467e+03 -7.479268e+02 2.349589e+02 1.824569e+03 1.764016e+03 -4.903862e+02 -2.072339e+03 -9.159878e+02 3.431670e+03 3.191178e+02
1.323591e+03 -4.019377e+03 4.263318e+03 2.048850e+02 5.354645e+02 -2.308232e+03 1.157963e+03 -5.941411e+02 4.572232e+02 1.867760e+03 2.182046e+03 -4.642571e+02 -1.596763e+03 -8.059290e+02 3.959445e+03 1.724358e+02
1.629875e+03 -4.376077e+03 4.235192e+03 -1.123525e+02 1.068072e+02 -1.372593e+03 1.151739e+03 -4.282712e+02 1.035957e+03 1.922736e+03 1.458005e+03 -1.249089e+03 -1.895089e+03 -8.403956e+02 3.999511e+03 -4.170145e+02
9.994028e+02 -4.020013e+03 3.447683e+03 -1.927759e+02 2.591411e+02 -1.511654e+03 1.354958e+03 -6.184205e+02 4.393360e+02 1.769631e+03 1.613242e+03 -8.321136e+02 -2.001346e+03 -7.946591e+02 3.820115e+03 9.196557e+01
1.665256e+03 -4.083229e+03 4.305274e+03 2.352727e+02 4.300522e+02 -1.846391e+03 1.337322e+03 -3.109401e+02 7.986655e+02 1.922912e+03 1.987815e+03 -8.885202e+02 -1.726169e+03 -7.272119e+02 3.709778e+03 -1.496863e+02
1.045212e+03 -3.129968e+03 2.557582e+03 2.668235e+02 8.455164e+02 -1.877240e+03 1.772955e+03 -7.570348e+02 -4.098659e+02 1.357580e+03 1.477434e+03 5.012605e+00 -1.503287e+03 -6.745874e+02 3.076646e+03 1.661144e+02
9.772491e+02 -3.618058e+03 3.558434e+03 2.274380e+02 6.336112e+02 -1.957548e+03 1.287715e+03 -5.815618e+02 9.373309e+00 1.626121e+03 1.894095e+03 -3.149955e+02 -1.596109e+03 -7.873035e+02 3.464182e+03 1.680897e+02
9.548136e+02 -3.635581e+03 2.937091e+03 2.591879e+01 5.209074e+02 -1.735548e+03 1.584792e+03 -4.962434e+02 1.948933e+01 1.739028e+03 1.794877e+03 -4.251700e+02 -1.878012e+03 -6.749536e+02 3.412070e+03 2.183981e+02
8.233920e+02 -3.629417e+03 2.865986e+03 1.105537e+02 4.972324e+02 -1.793195e+03 1.631443e+03 -5.826367e+02 -2.864781e+02 1.616425e+03 1.911075e+03 -1.861475e+02 -1.761678e+03 -8.027304e+02 3.246294e+03 3.934548e+02
1.043335e+03 -4.224743e+03 3.880798e+03 3.705808e+02 4.386215e+02 -1.768280e+03 1.538755e+03 -9.517891e+02 2.299130e+02 1.811363e+03 2.105049e+03 -6.192968e+02 -1.967442e+03 -1.033954e+03 3.644618e+03 4.213128e+02
9.342876e+02 -3.712579e+03 3.610460e+03 4.805008e+01 2.202526e+02 -1.721044e+03 1.043060e+03 -4.077774e+02 3.931313e+02 1.487584e+03 1.790979e+03 -5.408709e+02 -1.619273e+03 -7.993372e+02 3.786231e+03 9.911356e+01
1.063414e+03 -3.582997e+03 2.924670e+03 -7.131601e+01 5.818496e+02 -1.737057e+03 1.464556e+03 -3.783576e+02 1.087623e+02 1.657586e+03 1.667048e+03 -3.838149e+02 -1.794524e+03 -6.091930e+02 3.478342e+03 5.281413e+01
1.057001e+03 -3.350308e+03 3.408245e+03 3.528580e+02 5.389087e+02 -1.745841e+03 1.308360e+03 -5.301584e+02 2.465640e+01 1.554392e+03 1.857440e+03 -2.847220e+02 -1.500215e+03 -6.960924e+02 3.304825e+03 5.010357e+01
9.862515e+02 -3.670372e+03 3.362064e+03 5.366377e+01 3.600759e+02 -1.546841e+03 1.201048e+03 -5.144097e+02 1.261135e+02 1.577057e+03 1.700620e+03 -4.522859e+02 -1.693860e+03 -8.258912e+02 3.558958e+03 6.027846e+01
1.272303e+03 -3.916403e+03 4.052443e+03 3.668756e+02 2.405245e+02 -2.355776e+03 1.506298e+03 -6.513490e+02 1.979560e+02 1.759597e+03 2.163776e+03 -2.234107e+02 -1.678666e+03 -1.005124e+03 3.695319e+03 5.271504e+02
1.179548e+03 -4.551656e+03 4.699105e+03 -3.239658e+01 1.602720e+02 -1.951072e+03 1.136175e+03 -8.138396e+02 9.705006e+02 1.820563e+03 2.303581e+03 -9.459036e+02 -2.088055e+03 -1.196734e+03 4.303211e+03 3.060441e+02
1.046129e+03 -3.585569e+03 3.597348e+03 4.094716e+02 5.711019e+02 -1.980943e+03 1.356095e+03 -6.737508e+02 -1.238865e+02 1.637225e+03 2.052413e+03 -2.980298e+02 -1.566804e+03 -7.866071e+02 3.355984e+03 2.777850e+02
8.744469e+02 -3.804468e+03 3.299272e+03 -7.420480e+01 1.654063e+02 -1.488745e+03 1.239308e+03 -4.534213e+02 4.385588e+02 1.654757e+03 1.594418e+03 -6.098893e+02 -1.954933e+03 -7.831182e+02 3.704011e+03 -6.324543e+00
1.072986e+03 -3.932304e+03 3.709092e+03 -1.277417e+02 1.477172e+02 -1.581181e+03 1.367746e+03 -5.584257e+02 7.562154e+02 1.798653e+03 1.715800e+03 -8.456808e+02 -1.990309e+03 -7.268392e+02 3.850871e+03 7.210252e+01
1.246386e+03 -3.604193e+03 3.848566e+03 2.037309e+02 7.134945e+02 -2.012536e+03 1.202949e+03 -2.748176e+02 3.567212e+02 1.813171e+03 1.858076e+03 -5.674927e+02 -1.575924e+03 -6.585767e+02 3.594848e+03 -3.442478e+01
8.688700e+02 -3.575217e+03 3.142381e+03 8.868706e+01 2.898297e+02 -1.593431e+03 1.312422e+03 -4.587762e+02 5.939508e+01 1.591891e+03 2.019423e+03 -2.790242e+02 -1.794755e+03 -6.853258e+02 3.400422e+03 1.945971e+02
1.057085e+03 -3.700451e+03 2.838141e+03 -7.633860e+01 4.970385e+02 -1.656653e+03 1.599509e+03 -5.750572e+02 6.189826e+01 1.726357e+03 1.579936e+03 -4.723929e+02 -1.920721e+03 -6.545395e+02 3.448303e+03 9.701463e+01
8.391866e+02 -4.721840e+03 3.952316e+03 -5.834691e+02 -9.865917e+01 -1.784695e+03 1.420632e+03 -6.099356e+02 1.013766e+03 1.966780e+03 1.897328e+03 -9.436388e+02 -2.511965e+03 -7.675674e+02 4.397499e+03 1.390951e+02
8.774875e+02 -3.742603e+03 3.037327e+03 -7.887066e+01 1.380706e+02 -1.382663e+03 1.361097e+03 -4.884380e+02 3.221985e+02 1.624219e+03 1.680450e+03 -4.853280e+02 -1.925895e+03 -5.470658e+02 3.559946e+03 3.874745e+01
9.412365e+02 -3.732711e+03 3.361857e+03 -1.382761e+02 4.477034e+02 -1.907429e+03 1.427998e+03 -5.534329e+02 1.907580e+02 1.696436e+03 1.815870e+03 -4.669932e+02 -1.849000e+03 -7.954608e+02 3.652953e+03 1.656034e+02
1.005527e+03 -3.617093e+03 3.151052e+03 -6.697367e+01 4.631675e+02 -1.760137e+03 1.421149e+03 -4.277281e+02 2.259765e+02 1.639554e+03 1.786338e+03 -4.184105e+02 -1.796263e+03 -6.688546e+02 3.559919e+03 9.855804e+01
8.702908e+02 -3.576590e+03 3.358607e+03 4.713019e+02 4.411656e+02 -1.753020e+03 1.330234e+03 -6.929577e+02 -1.717864e+02 1.662864e+03 2.121973e+03 -2.216969e+02 -1.617136e+03 -7.757733e+02 3.225065e+03 3.389265e+02
1.074553e+03 -3.959703e+03 3.712798e+03 -1.459339e+02 3.585333e+02 -1.712769e+03 1.339935e+03 -6.999102e+02 4.882829e+02 1.712349e+03 1.616876e+03 -8.233910e+02 -1.916147e+03 -8.805398e+02 3.965857e+03 1.019367e+02
1.017507e+03 -3.859793e+03 3.238796e+03 -2.184610e+02 3.983249e+02 -1.591401e+03 1.374463e+03 -5.596616e+02 4.812571e+02 1.798780e+03 1.359350e+03 -8.174558e+02 -2.002293e+03 -6.460519e+02 3.809477e+03 -3.166959e+01
7.784413e+02 -3.945926e+03 3.379326e+03 -8.032693e+01 3.240720e+02 -1.847316e+03 1.364537e+03 -6.496018e+02 8.567201e+01 1.606530e+03 1.821113e+03 -3.588437e+02 -1.910901e+03 -9.438448e+02 3.774359e+03 3.313436e+02
8.774875e+02 -3.742603e+03 3.037327e+03 -7.887066e+01 1.380706e+02 -1.382663e+03 1.361097e+03 -4.884380e+02 3.221985e+02 1.624219e+03 1.680450e+03 -4.853280e+02 -1.925895e+03 -5.470658e+02 3.559946e+03 3.874745e+01
1.121946e+03 -3.890104e+03 3.970447e+03 1.018494e+02 1.581356e+02 -1.556099e+03 1.109863e+03 -3.808023e+02 7.590592e+02 1.685671e+03 1.892829e+03 -7.319522e+02 -1.821779e+03 -7.346123e+02 3.747786e+03 -5.519175e+01
7.363528e+02 -3.998770e+03 3.207683e+03 -1.242658e+02 1.770254e+02 -1.757240e+03 1.476028e+03 -5.461796e+02 1.631982e+02 1.703780e+03 1.980062e+03 -4.144007e+02 -2.114264e+03 -9.171582e+02 3.675607e+03 4.430360e+02
1.250314e+03 -3.813046e+03 3.994836e+03 2.508295e+02 4.167813e+02 -2.118851e+03 1.242221e+03 -2.947065e+02 3.266300e+02 1.769645e+03 2.050065e+03 -5.186217e+02 -1.678450e+03 -7.513935e+02 3.672792e+03 1.627261e+02
1.024144e+03 -3.650459e+03 3.733163e+03 2.896058e+02 3.746241e+02 -1.971999e+03 1.295766e+03 -5.353479e+02 1.252926e+02 1.680223e+03 2.011753e+03 -3.409181e+02 -1.634853e+03 -8.594070e+02 3.526301e+03 2.664230e+02
9.504069e+02 -3.685122e+03 3.107619e+03 -3.445489e+01 3.229014e+02 -1.652712e+03 1.363335e+03 -5.492380e+02 1.106280e+02 1.540941e+03 1.773987e+03 -4.353261e+02 -1.773265e+03 -7.714080e+02 3.542237e+03 1.817157e+02
9.042834e+02 -3.505630e+03 3.058965e+03 5.913789e+01 5.113551e+02 -1.533660e+03 1.311957e+03 -5.929129e+02 -7.271740e+00 1.480106e+03 1.546775e+03 -4.245241e+02 -1.608450e+03 -7.081927e+02 3.472869e+03 -2.836324e+01
9.868114e+02 -3.761258e+03 3.673097e+03 3.389675e+01 3.750084e+02 -1.869122e+03 1.116308e+03 -5.593882e+02 1.810058e+02 1.528140e+03 1.790062e+03 -4.429348e+02 -1.558409e+03 -9.141399e+02 3.801088e+03 1.422280e+02
7.897581e+02 -3.797739e+03 3.256011e+03 1.442350e+02 3.843815e+02 -1.700439e+03 1.362432e+03 -3.832060e+02 1.214738e+02 1.670067e+03 1.676060e+03 -4.664336e+02 -1.917447e+03 -7.605449e+02 3.561997e+03 7.464871e+01
1.232570e+03 -3.236755e+03 2.443000e+03 -1.073924e+02 7.755643e+02 -1.753373e+03 1.597371e+03 -3.580177e+02 -2.396153e+02 1.511112e+03 1.095339e+03 -2.560378e+02 -1.525717e+03 -5.070928e+02 3.291505e+03 1.217714e+00
7.540338e+02 -3.799747e+03 3.529396e+03 7.070281e+01 7.841352e+00 -1.469412e+03 1.192758e+03 -4.930855e+02 4.503611e+02 1.645582e+03 1.901893e+03 -5.495614e+02 -1.930961e+03 -7.672641e+02 3.639109e+03 1.370086e+02
1.051244e+03 -3.754375e+03 3.463299e+03 -1.315236e+02 2.821278e+02 -1.551810e+03 1.213539e+03 -5.647424e+02 5.066574e+02 1.578712e+03 1.442556e+03 -7.846048e+02 -1.783577e+03 -7.737036e+02 3.797894e+03 -1.602070e+02
1.150527e+03 -4.034306e+03 4.020409e+03 2.521545e+02 3.552187e+02 -2.004679e+03 1.408260e+03 -8.282862e+02 4.492070e+02 1.697484e+03 2.127869e+03 -5.582786e+02 -1.728098e+03 -9.186413e+02 3.706585e+03 2.910514e+02
1.097203e+03 -3.420780e+03 3.518224e+03 2.789457e+02 5.212852e+02 -1.675644e+03 1.100811e+03 -4.218941e+02 -4.392649e+00 1.474403e+03 1.673930e+03 -3.757958e+02 -1.315508e+03 -7.041435e+02 3.405533e+03 1.578039e+01
1.093677e+03 -3.588014e+03 3.456936e+03 3.364672e+02 6.561022e+02 -1.789331e+03 1.258255e+03 -6.399874e+02 5.932277e+01 1.577319e+03 1.709480e+03 -4.721276e+02 -1.527028e+03 -6.962144e+02 3.389577e+03 -1.967910e+01
1.593005e+03 -4.517138e+03 4.269515e+03 -5.385421e+01 3.277608e+02 -1.394013e+03 1.358266e+03 -1.767015e+02 1.285987e+03 2.034290e+03 1.822247e+03 -8.496426e+02 -2.360220e+03 -5.873741e+02 3.800560e+03 -3.236354e+02
1.451433e+03 -3.621223e+03 4.160593e+03 2.363295e+02 3.511810e+02 -2.021148e+03 9.785901e+02 -1.528846e+02 5.739342e+02 1.736579e+03 1.989079e+03 -4.756166e+02 -1.315882e+03 -7.177081e+02 3.715522e+03 1.891537e+01
8.529486e+02 -3.697363e+03 2.939648e+03 3.073210e+01 4.597507e+02 -1.656925e+03 1.559504e+03 -4.416842e+02 3.187575e+01 1.690100e+03 1.736734e+03 -3.733725e+02 -1.923123e+03 -6.888843e+02 3.393363e+03 1.239008e+02
9.808485e+02 -3.737108e+03 3.554158e+03 3.007696e+02 6.987637e+02 -1.777994e+03 1.015145e+03 -4.412254e+02 4.260890e+01 1.608765e+03 1.853328e+03 -4.292152e+02 -1.642861e+03 -7.640749e+02 3.535918e+03 -2.572549e+01
1.121434e+03 -3.784764e+03 3.825461e+03 2.672337e+02 6.252172e+02 -2.086959e+03 1.210622e+03 -5.812028e+02 1.237403e+02 1.694787e+03 2.004930e+03 -4.368117e+02 -1.580487e+03 -7.104967e+02 3.639976e+03 1.229420e+02
1.019235e+03 -3.607151e+03 3.580495e+03 1.535284e+02 4.691874e+02 -1.870617e+03 1.325210e+03 -5.563714e+02 2.270334e+02 1.669690e+03 1.910934e+03 -4.419612e+02 -1.671697e+03 -7.128208e+02 3.534492e+03 9.413525e+01
1.261167e+03 -3.905041e+03 3.909302e+03 4.647144e+02 3.409248e+02 -2.369975e+03 1.476189e+03 -5.523864e+02 -2.958387e+01 1.690671e+03 2.211467e+03 -1.460663e+02 -1.541917e+03 -9.271646e+02 3.580694e+03 5.902526e+02
1.210708e+03 -3.775726e+03 3.843239e+03 3.614330e+02 6.678408e+02 -2.141957e+03 1.239736e+03 -6.023210e+02 2.893644e+01 1.728375e+03 1.975557e+03 -3.676656e+02 -1.484918e+03 -7.958506e+02 3.574268e+03 2.223012e+02
1.168554e+03 -3.862508e+03 3.843973e+03 8.940915e+01 7.521740e+01 -1.619383e+03 1.141233e+03 -5.067289e+02 7.078227e+02 1.832063e+03 2.030718e+03 -7.086586e+02 -1.884947e+03 -7.373947e+02 3.574239e+03 7.503659e+01
1.174252e+03 -4.111662e+03 3.742271e+03 2.441263e+02 5.252057e+02 -2.359383e+03 1.518082e+03 -7.201677e+02 5.898269e+01 1.830123e+03 1.942469e+03 -3.497789e+02 -1.809975e+03 -9.135353e+02 3.699832e+03 4.690192e+02
1.007808e+03 -4.023732e+03 3.614304e+03 3.069039e+02 4.070044e+02 -2.188010e+03 1.578888e+03 -8.609953e+02 2.214253e+01 1.733263e+03 2.143047e+03 -1.512925e+02 -1.756947e+03 -9.208810e+02 3.569170e+03 6.058997e+02
9.306272e+02 -3.550049e+03 2.816325e+03 3.032863e+01 5.112797e+02 -1.631616e+03 1.465911e+03 -4.501221e+02 -5.138117e+00 1.554104e+03 1.660675e+03 -2.795099e+02 -1.761586e+03 -6.173243e+02 3.385388e+03 4.593142e+01
1.373115e+03 -4.585887e+03 3.899057e+03 1.867658e+01 4.606360e+02 -1.681998e+03 1.718762e+03 -4.873231e+02 6.670290e+02 2.158313e+03 1.447023e+03 -1.075443e+03 -2.287668e+03 -8.521482e+02 3.733710e+03 6.379213e+00
1.176290e+03 -3.203586e+03 3.319423e+03 5.031049e+02 7.414461e+02 -1.559761e+03 1.152501e+03 -5.590363e+02 1.322756e+02 1.537085e+03 1.687257e+03 -2.136812e+02 -1.474853e+03 -6.559941e+02 3.120659e+03 -1.695476e+02
1.101549e+03 -3.314743e+03 2.862587e+03 1.425400e+02 6.536663e+02 -1.648173e+03 1.547022e+03 -4.251618e+02 -2.556361e+01 1.608126e+03 1.604364e+03 -3.360513e+02 -1.619190e+03 -5.756456e+02 3.327456e+03 -8.774733e+01
1.142587e+03 -4.232872e+03 4.190801e+03 6.347168e+01 1.622028e+02 -1.800208e+03 1.297264e+03 -7.295060e+02 7.237913e+02 1.785122e+03 1.965006e+03 -9.654860e+02 -1.982752e+03 -1.020779e+03 3.959353e+03 1.914783e+02
1.093813e+03 -3.682041e+03 3.912510e+03 2.015605e+02 5.488543e+02 -2.092080e+03 1.200181e+03 -3.481960e+02 3.124447e+02 1.709026e+03 2.086120e+03 -4.223672e+02 -1.597429e+03 -6.641640e+02 3.636888e+03 1.122805e+02
1.104805e+03 -4.190834e+03 4.262825e+03 -7.424643e+01 -2.723340e+01 -1.740645e+03 1.209856e+03 -7.013113e+02 9.871157e+02 1.725818e+03 1.970430e+03 -8.615013e+02 -2.008177e+03 -1.013363e+03 4.042644e+03 1.514844e+02
9.757611e+02 -3.645861e+03 3.648795e+03 2.827611e+02 4.286822e+02 -1.915741e+03 1.282666e+03 -7.812130e+02 1.901488e+02 1.514501e+03 1.996881e+03 -3.260528e+02 -1.581300e+03 -8.917115e+02 3.425760e+03 3.107666e+02
8.468727e+02 -3.786227e+03 3.332140e+03 2.918774e+02 4.464016e+02 -1.961383e+03 1.572033e+03 -8.105702e+02 -6.562372e+01 1.606571e+03 2.048357e+03 -2.362004e+02 -1.766973e+03 -8.249627e+02 3.428384e+03 5.258562e+02
8.610655e+02 -4.220247e+03 3.997374e+03 -1.282173e+02 1.267352e+02 -2.044877e+03 1.212666e+03 -7.114567e+02 5.794505e+02 1.573251e+03 2.149201e+03 -4.926001e+02 -2.018339e+03 -1.002651e+03 4.075819e+03 4.319123e+02
1.028939e+03 -3.605741e+03 3.176398e+03 -2.615688e+02 3.636681e+02 -1.629710e+03 1.260310e+03 -5.260860e+02 2.557199e+02 1.606933e+03 1.508787e+03 -5.885655e+02 -1.721816e+03 -7.379545e+02 3.616839e+03 4.889397e+01
8.819474e+02 -3.831184e+03 3.683920e+03 -1.035564e+02 2.517426e+02 -2.064209e+03 1.203354e+03 -5.836147e+02 2.272229e+02 1.587234e+03 1.894391e+03 -3.626084e+02 -1.772801e+03 -8.760713e+02 3.799139e+03 3.035729e+02
1.221353e+03 -4.371531e+03 4.378936e+03 1.022007e+02 1.823388e+02 -1.977403e+03 1.226995e+03 -8.324064e+02 8.208195e+02 1.807786e+03 2.218815e+03 -7.849000e+02 -1.936136e+03 -1.067389e+03 4.028419e+03 3.326960e+02
8.188759e+02 -3.670442e+03 3.217802e+03 1.172312e+02 3.636437e+02 -1.656632e+03 1.430940e+03 -5.745188e+02 3.767669e+01 1.661604e+03 1.972564e+03 -3.714945e+02 -1.867601e+03 -7.368053e+02 3.482432e+03 2.522482e+02
1.388400e+03 -3.717724e+03 3.845151e+03 4.464100e+02 6.770502e+02 -1.834265e+03 1.025533e+03 -4.521716e+02 1.782168e+02 1.597052e+03 1.934439e+03 -3.902525e+02 -1.328313e+03 -6.323095e+02 3.482897e+03 5.494742e+00
1.053781e+03 -3.963099e+03 3.603120e+03 9.272806e+01 5.448588e+02 -1.961674e+03 1.599351e+03 -8.129851e+02 3.059324e+02 1.721408e+03 1.995195e+03 -4.952060e+02 -1.786677e+03 -8.078464e+02 3.695619e+03 3.046137e+02
1.128896e+03 -3.936375e+03 3.918861e+03 3.185030e+02 2.014755e+02 -2.042915e+03 1.295598e+03 -8.264536e+02 3.557749e+02 1.656664e+03 2.237738e+03 -4.344123e+02 -1.727100e+03 -9.284917e+02 3.556213e+03 4.161815e+02
7.832454e+02 -3.575253e+03 3.166017e+03 -2.139026e+02 5.182608e+02 -1.971154e+03 1.377491e+03 -5.628552e+02 3.213337e+01 1.487831e+03 1.721455e+03 -2.938752e+02 -1.743813e+03 -7.764207e+02 3.666305e+03 2.537939e+02
1.101488e+03 -3.602502e+03 2.479540e+03 7.586732e+01 5.376411e+02 -1.611090e+03 1.701787e+03 -4.127030e+02 -1.610757e+02 1.601257e+03 1.355141e+03 -3.206277e+02 -1.896601e+03 -5.837929e+02 3.265429e+03 1.175934e+02
1.660916e+03 -4.296537e+03 4.221941e+03 1.271210e+02 8.392261e+01 -1.542375e+03 1.229638e+03 -4.473008e+02 9.885003e+02 2.072728e+03 1.832102e+03 -1.105365e+03 -1.950113e+03 -8.334336e+02 3.779099e+03 -1.270143e+02
8.573148e+02 -3.512009e+03 3.192245e+03 2.095962e+02 6.721075e+02 -1.951321e+03 1.452864e+03 -4.425509e+02 -1.727525e+02 1.610653e+03 2.093679e+03 -9.692222e+01 -1.703569e+03 -7.693229e+02 3.226937e+03 3.290263e+02
9.197507e+02 -3.639652e+03 3.514695e+03 2.047862e+02 2.829655e+02 -1.679257e+03 1.318343e+03 -5.064833e+02 2.137088e+02 1.697664e+03 1.909241e+03 -4.481951e+02 -1.743789e+03 -7.414635e+02 3.493367e+03 1.879594e+02
1.262235e+03 -3.718256e+03 3.245165e+03 -3.910378e+02 5.569034e+02 -1.591361e+03 1.346687e+03 -3.681694e+02 4.776235e+02 1.683050e+03 1.093251e+03 -7.905187e+02 -1.802533e+03 -6.384571e+02 3.646562e+03 -2.728902e+02
1.209231e+03 -3.453682e+03 3.817942e+03 3.513587e+02 4.279937e+02 -1.812791e+03 1.187521e+03 -3.384168e+02 3.608553e+02 1.800929e+03 2.067127e+03 -5.427887e+02 -1.657460e+03 -7.712479e+02 3.417779e+03 3.162993e+01
8.554425e+02 -3.704886e+03 3.312995e+03 -6.810352e+01 3.461321e+02 -1.881851e+03 1.474332e+03 -5.234836e+02 1.757333e+02 1.670004e+03 1.947371e+03 -4.157190e+02 -1.862218e+03 -7.534667e+02 3.583022e+03 3.020291e+02
1.601311e+03 -4.270878e+03 4.021856e+03 1.874439e+01 1.782598e+02 -1.426597e+03 1.280571e+03 -3.092696e+02 9.825369e+02 2.136009e+03 1.684937e+03 -1.073196e+03 -1.985229e+03 -7.483547e+02 3.664598e+03 -1.623724e+02
1.057231e+03 -3.392866e+03 2.588093e+03 -5.279369e+01 7.087765e+02 -1.743317e+03 1.645996e+03 -3.506764e+02 -7.881936e+01 1.550190e+03 1.299446e+03 -3.698456e+02 -1.773894e+03 -5.874361e+02 3.287923e+03 7.867321e+01
8.321664e+02 -3.710804e+03 3.162526e+03 9.047915e+01 3.947963e+02 -1.544456e+03 1.406133e+03 -5.977450e+02 7.095417e+01 1.624407e+03 1.733276e+03 -4.253847e+02 -1.858492e+03 -7.338766e+02 3.419089e+03 1.186748e+02
1.109913e+03 -3.467622e+03 3.611079e+03 5.236509e+02 5.882135e+02 -1.695707e+03 1.419657e+03 -4.079131e+02 1.670399e+02 1.795560e+03 2.180952e+03 -3.003478e+02 -1.839779e+03 -5.824208e+02 3.211774e+03 1.247802e+02
8.999470e+02 -3.893069e+03 3.393386e+03 -5.739262e+00 5.140382e+02 -1.907963e+03 1.443033e+03 -6.086335e+02 3.623638e+01 1.696954e+03 1.733311e+03 -4.943889e+02 -1.843220e+03 -9.011086e+02 3.606770e+03 2.455608e+02
1.126614e+03 -2.953827e+03 2.989225e+03 5.788225e+02 8.842195e+02 -1.845625e+03 1.490992e+03 -5.264743e+02 -1.537283e+02 1.497068e+03 1.834693e+03 5.906571e+01 -1.240731e+03 -5.240112e+02 2.931913e+03 -5.671670e+01
9.429956e+02 -3.937401e+03 3.631911e+03 2.137552e+02 4.792396e+02 -2.008205e+03 1.469713e+03 -8.805176e+02 1.469642e+02 1.645988e+03 2.082005e+03 -2.966966e+02 -1.741694e+03 -8.747852e+02 3.654595e+03 4.930968e+02
5.338552e+02 -3.327670e+03 2.748660e+03 2.003371e+02 3.636063e+02 -1.304182e+03 7.495372e+02 -3.658468e+02 2.423935e+02 1.494636e+03 1.575096e+03 -7.518049e+01 -1.570515e+03 -4.651822e+02 3.282490e+03 -2.606429e+02
1.227336e+03 -3.692552e+03 3.695271e+03 1.412494e+02 3.335541e+02 -1.645425e+03 1.431890e+03 -3.460144e+02 6.064861e+02 1.875763e+03 1.884715e+03 -6.176140e+02 -1.773851e+03 -6.176890e+02 3.503342e+03 -4.798077e+01
9.815531e+02 -3.740414e+03 3.771978e+03 -7.629192e+01 3.664905e+02 -1.917630e+03 1.226124e+03 -7.216239e+02 5.069269e+02 1.607549e+03 1.770828e+03 -5.753348e+02 -1.713171e+03 -7.891279e+02 3.804305e+03 2.101917e+01
8.888639e+02 -3.602476e+03 3.312033e+03 2.233544e+02 4.408464e+02 -1.705661e+03 1.451443e+03 -6.772808e+02 -7.042178e+01 1.572588e+03 1.899961e+03 -3.534607e+02 -1.760670e+03 -7.800117e+02 3.398245e+03 2.451257e+02
1.486849e+03 -4.113870e+03 4.106093e+03 2.669996e+02 4.601817e+02 -1.720386e+03 1.263679e+03 -5.961345e+02 4.883236e+02 1.918631e+03 1.843542e+03 -8.715513e+02 -1.734397e+03 -8.720791e+02 3.605455e+03 -4.979121e+01
8.627453e+02 -5.043344e+03 4.467524e+03 -7.328043e+02 -4.153200e+02 -1.313842e+03 1.003714e+03 -5.978247e+02 1.616806e+03 1.899224e+03 1.818888e+03 -1.351204e+03 -2.635536e+03 -8.673000e+02 4.649580e+03 -7.004139e+01
1.045552e+03 -3.982770e+03 3.417269e+03 -1.389494e+02 3.075246e+01 -1.344104e+03 1.346101e+03 -5.294578e+02 6.556392e+02 1.676052e+03 1.582107e+03 -7.756958e+02 -2.158816e+03 -7.176888e+02 3.781465e+03 5.295464e+01
1.278670e+03 -3.825549e+03 4.239042e+03 -5.311592e+01 2.500171e+02 -1.566234e+03 8.287508e+02 -1.873392e+02 9.681487e+02 1.668859e+03 1.676375e+03 -8.580258e+02 -1.571269e+03 -6.594618e+02 3.913365e+03 -2.527403e+02
1.182965e+03 -3.737320e+03 3.854444e+03 3.741749e+02 5.289725e+02 -2.499532e+03 1.527630e+03 -6.864982e+02 1.100391e+02 1.776126e+03 2.315592e+03 -1.546591e+02 -1.596709e+03 -7.346104e+02 3.476591e+03 5.008078e+02
1.744293e+03 -4.477333e+03 4.349795e+03 7.721283e+00 1.086732e+02 -1.486060e+03 1.212223e+03 -4.272699e+02 1.200174e+03 2.199815e+03 1.498792e+03 -1.335351e+03 -2.006173e+03 -8.651523e+02 3.940752e+03 -2.662060e+02
1.006553e+03 -3.563534e+03 3.196795e+03 5.587413e+01 3.790059e+02 -1.582918e+03 1.462335e+03 -4.536566e+02 2.787801e+02 1.714408e+03 1.742903e+03 -4.764186e+02 -1.761535e+03 -6.463620e+02 3.499879e+03 3.434337e+01
8.336948e+02 -3.518282e+03 3.168673e+03 3.375018e+02 4.963414e+02 -1.660986e+03 1.331613e+03 -6.939195e+02 -2.449461e+02 1.520562e+03 1.896932e+03 -2.260170e+02 -1.535864e+03 -7.652153e+02 3.307307e+03 2.406699e+02
9.132872e+02 -3.556350e+03 2.774490e+03 3.082242e+02 7.127097e+02 -1.889417e+03 1.763121e+03 -5.847537e+02 -4.005894e+02 1.727848e+03 1.964283e+03 -1.601869e+02 -1.720374e+03 -7.484672e+02 3.085696e+03 4.067171e+02
1.255077e+03 -3.596130e+03 3.690095e+03 4.034045e+02 7.238180e+02 -2.036721e+03 1.392648e+03 -4.274687e+02 7.110213e+01 1.840758e+03 1.962731e+03 -4.478356e+02 -1.566089e+03 -6.857320e+02 3.416610e+03 1.079152e+02
9.566051e+02 -3.822607e+03 3.500488e+03 2.369656e+02 5.694361e+02 -2.183060e+03 1.524047e+03 -7.710263e+02 -2.193234e+01 1.673257e+03 2.139683e+03 -2.151581e+02 -1.723107e+03 -7.937843e+02 3.493870e+03 4.466338e+02
6.764914e+02 -3.622349e+03 3.171175e+03 2.218202e+02 1.871301e+01 -1.852107e+03 9.992738e+02 -4.350026e+02 2.009292e+02 1.670131e+03 2.339647e+03 -6.279549e+01 -1.856829e+03 -7.167230e+02 3.459396e+03 3.560833e+02
1.003391e+03 -3.744010e+03 3.334592e+03 2.197314e+02 7.000678e+02 -1.927770e+03 1.544315e+03 -6.657633e+02 -1.383210e+02 1.790042e+03 1.928629e+03 -3.650283e+02 -1.832544e+03 -8.041311e+02 3.436536e+03 2.481759e+02
1.039470e+03 -3.648902e+03 3.436628e+03 1.073059e+02 5.366007e+02 -1.908333e+03 1.457160e+03 -5.968904e+02 9.344257e+01 1.691055e+03 1.931487e+03 -4.542794e+02 -1.707991e+03 -8.235379e+02 3.490188e+03 2.005693e+02
1.408004e+03 -3.900574e+03 4.303566e+03 1.275504e+02 3.776662e+02 -1.947015e+03 9.793526e+02 -3.899522e+02 7.700931e+02 1.775991e+03 1.915177e+03 -7.303231e+02 -1.573330e+03 -7.134704e+02 3.938776e+03 -1.633271e+02
1.070201e+03 -3.900753e+03 3.403328e+03 1.603383e+00 3.269387e+02 -1.449944e+03 1.464222e+03 -5.594757e+02 4.581479e+02 1.736407e+03 1.570167e+03 -6.572033e+02 -2.070650e+03 -7.448843e+02 3.553188e+03 7.859529e+01
1.409805e+03 -3.588338e+03 4.158669e+03 2.317890e+02 3.465239e+02 -1.992928e+03 9.364720e+02 -1.536752e+02 6.271777e+02 1.657048e+03 1.940092e+03 -5.359667e+02 -1.360231e+03 -6.604861e+02 3.679612e+03 -2.235193e+01
1.550204e+03 -4.352020e+03 4.042488e+03 1.972243e+01 -3.479676e+00 -1.319754e+03 1.230017e+03 -4.100101e+02 1.074666e+03 2.158666e+03 1.471801e+03 -1.159455e+03 -2.149406e+03 -8.570314e+02 3.733935e+03 -3.131490e+02
1.657460e+03 -4.288624e+03 4.157007e+03 2.460265e+01 1.873598e+02 -1.396728e+03 1.325891e+03 -1.930676e+02 1.167040e+03 2.024526e+03 1.625785e+03 -1.015541e+03 -2.095916e+03 -6.839039e+02 3.754388e+03 -4.809454e+02
9.773838e+02 -3.357860e+03 3.200643e+03 2.550604e+02 5.311715e+02 -1.685455e+03 1.325286e+03 -6.095176e+02 -1.298837e+00 1.497430e+03 1.731450e+03 -2.870331e+02 -1.539944e+03 -6.323789e+02 3.356750e+03 1.350158e+01
1.388997e+03 -3.400906e+03 3.585846e+03 3.002884e+02 8.151729e+02 -1.955364e+03 1.440091e+03 -3.848441e+02 2.129210e+02 1.720297e+03 1.763449e+03 -4.272820e+02 -1.399193e+03 -5.951822e+02 3.415881e+03 -1.587113e+02
1.374378e+03 -3.837655e+03 4.179622e+03 2.239552e+02 6.171594e+02 -2.157514e+03 1.023914e+03 -1.910360e+02 3.792713e+02 1.791605e+03 1.973917e+03 -5.332257e+02 -1.488846e+03 -6.755608e+02 3.782492e+03 2.150773e+00
1.020061e+03 -4.055579e+03 3.932322e+03 1.706465e+02 1.595225e+02 -1.732360e+03 1.171214e+03 -7.753078e+02 5.022433e+02 1.649796e+03 2.026416e+03 -6.779436e+02 -1.799637e+03 -1.020219e+03 3.800485e+03 2.711105e+02
8.023068e+02 -3.767175e+03 3.219515e+03 1.561610e+02 4.396270e+02 -1.748227e+03 1.499209e+03 -6.105062e+02 -7.292501e+01 1.745912e+03 1.934628e+03 -3.364788e+02 -1.890484e+03 -8.285340e+02 3.422070e+03 3.331137e+02
1.417225e+03 -3.372265e+03 3.990105e+03 4.803980e+02 5.622788e+02 -2.017809e+03 1.160941e+03 -2.304637e+02 3.050322e+02 1.730929e+03 2.082548e+03 -3.788712e+02 -1.352900e+03 -6.787273e+02 3.410805e+03 2.745270e+01
1.089052e+03 -6.009710e+03 5.541880e+03 -1.077371e+03 -1.005282e+03 -6.015295e+02 8.038211e+02 -1.531239e+02 2.937593e+03 2.475641e+03 2.091899e+03 -2.359040e+03 -3.432817e+03 -6.928127e+02 5.274490e+03 -4.264720e+02
1.220991e+03 -3.836477e+03 3.489558e+03 1.012284e+02 3.881471e+02 -1.475189e+03 1.366233e+03 -6.345534e+02 2.978805e+02 1.717052e+03 1.682214e+03 -7.237525e+02 -1.822389e+03 -7.613776e+02 3.539988e+03 -1.184024e+02
9.561656e+02 -3.980979e+03 3.709552e+03 -2.773115e+02 1.661856e+02 -1.628003e+03 1.089691e+03 -5.426555e+02 6.504575e+02 1.646914e+03 1.505780e+03 -8.170250e+02 -1.864844e+03 -8.439780e+02 4.144050e+03 -8.264598e+01
1.016200e+03 -4.383547e+03 4.218851e+03 -1.953622e+01 1.929617e+02 -1.690500e+03 1.335849e+03 -8.921203e+02 8.215746e+02 1.825333e+03 2.126451e+03 -8.461150e+02 -2.145605e+03 -1.041503e+03 3.974187e+03 3.643743e+02
8.955835e+02 -3.468869e+03 2.997898e+03 2.131633e+02 5.248692e+02 -1.621517e+03 1.318860e+03 -7.919389e+02 -1.264073e+02 1.299112e+03 1.698096e+03 -2.242967e+02 -1.591760e+03 -7.608631e+02 3.388091e+03 1.014766e+02
1.351470e+03 -3.625749e+03 3.997675e+03 4.604259e+02 4.892262e+02 -2.245175e+03 1.307478e+03 -4.483087e+02 2.463124e+02 1.745419e+03 2.184345e+03 -3.854813e+02 -1.532382e+03 -7.502072e+02 3.395257e+03 3.510099e+02
1.113016e+03 -3.699763e+03 4.031697e+03 -4.362601e+01 2.351797e+02 -1.708844e+03 9.129058e+02 -2.790127e+02 7.466994e+02 1.619161e+03 1.726245e+03 -6.585368e+02 -1.572813e+03 -7.373054e+02 3.870747e+03 -1.100276e+02
8.725395e+02 -3.835499e+03 3.261186e+03 -2.431510e+01 2.870041e+02 -1.742339e+03 1.544060e+03 -6.813927e+02 3.001519e+02 1.729433e+03 1.813343e+03 -5.404045e+02 -1.994500e+03 -7.939393e+02 3.620156e+03 3.079595e+02
1.262105e+03 -3.907757e+03 3.924976e+03 4.113016e+02 3.889931e+02 -2.397444e+03 1.440894e+03 -4.984199e+02 1.387806e+01 1.687668e+03 2.174456e+03 -1.574599e+02 -1.539224e+03 -9.205874e+02 3.615463e+03 5.360906e+02
8.422010e+02 -3.622829e+03 3.134449e+03 6.312578e+01 1.787050e+02 -1.370895e+03 1.252119e+03 -5.276130e+02 1.766684e+02 1.458029e+03 1.672702e+03 -3.940066e+02 -1.749271e+03 -6.577540e+02 3.547056e+03 3.286564e+01
1.243757e+03 -3.938258e+03 4.018874e+03 3.052180e+02 3.692304e+02 -2.270154e+03 1.304216e+03 -7.083965e+02 1.539210e+02 1.793314e+03 2.028641e+03 -3.167956e+02 -1.614082e+03 -9.156716e+02 3.706618e+03 2.964203e+02
1.353859e+03 -3.667876e+03 4.079765e+03 4.205778e+02 5.662943e+02 -2.461879e+03 1.306660e+03 -3.865117e+02 2.599466e+02 1.685207e+03 2.156241e+03 -2.885167e+02 -1.395891e+03 -7.479987e+02 3.558998e+03 2.712719e+02
1.013643e+03 -3.667434e+03 3.062265e+03 -2.510795e+02 3.265463e+02 -1.560093e+03 1.287248e+03 -4.321664e+02 3.127531e+02 1.581104e+03 1.485242e+03 -5.054830e+02 -1.842364e+03 -6.511044e+02 3.695733e+03 -3.676313e+01
1.082487e+03 -3.741781e+03 3.599170e+03 8.662916e+01 5.801912e+02 -1.969073e+03 1.457521e+03 -6.794373e+02 2.353631e+02 1.712497e+03 1.860898e+03 -4.848153e+02 -1.598249e+03 -7.894274e+02 3.655556e+03 1.699013e+02
9.106065e+02 -3.924350e+03 3.726488e+03 1.565575e+00 3.522934e+02 -1.921970e+03 1.422546e+03 -7.553957e+02 2.519045e+02 1.641807e+03 1.958886e+03 -4.313964e+02 -1.883397e+03 -1.004210e+03 3.757763e+03 3.367001e+02
1.009140e+03 -3.400597e+03 2.783751e+03 1.301853e+02 5.047103e+02 -1.603586e+03 1.622974e+03 -5.391992e+02 -7.594097e+01 1.585173e+03 1.680750e+03 -3.342198e+02 -1.714856e+03 -5.721677e+02 3.266493e+03 8.200116e+01
8.963714e+02 -3.502995e+03 2.849225e+03 5.636785e+01 4.824226e+02 -1.795234e+03 1.598854e+03 -5.622986e+02 -1.355306e+02 1.592031e+03 1.908394e+03 -2.167734e+02 -1.669990e+03 -6.504659e+02 3.285731e+03 2.973640e+02
1.125265e+03 -3.671529e+03 3.653830e+03 8.324782e+01 4.993459e+02 -1.710135e+03 1.088396e+03 -5.322662e+02 2.636467e+02 1.612321e+03 1.737064e+03 -5.608613e+02 -1.551283e+03 -7.351413e+02 3.625319e+03 -6.691119e+01
9.706252e+02 -3.639090e+03 3.308933e+03 1.227847e+02 2.094781e+02 -1.419742e+03 1.344779e+03 -5.200560e+02 3.612884e+02 1.632015e+03 1.712451e+03 -5.525131e+02 -1.853092e+03 -6.781100e+02 3.499074e+03 -7.747936e+00
7.673576e+02 -3.709621e+03 2.703049e+03 1.117342e+02 6.642320e+02 -1.877421e+03 1.758463e+03 -4.665089e+02 -1.533203e+02 1.765192e+03 1.500760e+03 -3.904592e+02 -2.110967e+03 -6.942332e+02 3.367558e+03 2.920499e+02
8.225297e+02 -3.570611e+03 2.840903e+03 -1.309776e+02 2.037571e+02 -1.354749e+03 1.355998e+03 -4.345345e+02 1.641846e+02 1.583554e+03 1.572702e+03 -4.840725e+02 -1.869522e+03 -5.722689e+02 3.517850e+03 2.226881e+01
8.213835e+02 -3.731085e+03 2.603100e+03 -5.549508e+01 6.798133e+02 -1.666373e+03 1.596766e+03 -4.983253e+02 -1.993981e+02 1.690169e+03 1.258729e+03 -4.305403e+02 -1.931402e+03 -6.119421e+02 3.528911e+03 1.064815e+01
9.942941e+02 -3.644699e+03 3.551980e+03 -8.459090e+01 2.253748e+02 -1.690637e+03 1.149751e+03 -4.912672e+02 4.593960e+02 1.578714e+03 1.701909e+03 -5.593215e+02 -1.693369e+03 -8.110425e+02 3.730840e+03 -4.242616e+00
9.235621e+02 -4.016559e+03 3.897587e+03 -5.841604e+00 1.926211e+02 -1.817209e+03 1.303302e+03 -8.368680e+02 4.936752e+02 1.630546e+03 2.076924e+03 -5.415562e+02 -1.882654e+03 -9.733315e+02 3.876553e+03 3.303009e+02
8.658151e+02 -3.640207e+03 3.216054e+03 3.163453e+02 5.457658e+02 -1.688031e+03 1.362685e+03 -5.850209e+02 -2.175242e+02 1.627764e+03 1.869919e+03 -3.218574e+02 -1.657104e+03 -7.407675e+02 3.434064e+03 2.242569e+02
1.580541e+03 -4.320005e+03 4.148567e+03 9.914689e+01 1.405537e+01 -1.318401e+03 1.225423e+03 -5.193163e+02 1.103669e+03 2.135228e+03 1.581805e+03 -1.227828e+03 -2.014927e+03 -8.536045e+02 3.815784e+03 -2.551753e+02
9.715696e+02 -3.516864e+03 3.338036e+03 2.772999e+02 4.993069e+02 -1.674918e+03 1.196105e+03 -4.820383e+02 -8.885620e+01 1.555192e+03 1.778753e+03 -3.675179e+02 -1.449743e+03 -6.946766e+02 3.410432e+03 1.366371e+02
8.704752e+02 -3.868956e+03 3.295879e+03 -1.167974e+02 2.190585e+02 -1.515602e+03 1.138984e+03 -5.670952e+02 2.495904e+02 1.547730e+03 1.565354e+03 -6.013813e+02 -1.799743e+03 -8.211785e+02 3.802161e+03 5.017143e+01
8.553300e+02 -3.625233e+03 2.915231e+03 6.877721e+01 6.872377e+02 -1.890705e+03 1.618813e+03 -4.965374e+02 -1.562622e+02 1.692933e+03 1.834954e+03 -2.616529e+02 -1.789918e+03 -6.953975e+02 3.390093e+03 2.150705e+02
1.215618e+03 -3.620020e+03 3.731061e+03 4.997590e+02 7.933819e+02 -2.260811e+03 1.433291e+03 -6.332245e+02 -1.201395e+02 1.666549e+03 2.131350e+03 -1.612742e+02 -1.381541e+03 -7.158171e+02 3.382759e+03 2.714136e+02
1.028611e+03 -3.654563e+03 3.337786e+03 3.237593e+01 4.467880e+02 -1.955522e+03 1.433922e+03 -5.170840e+02 1.845090e+02 1.595549e+03 2.063605e+03 -2.742150e+02 -1.671758e+03 -6.928468e+02 3.504170e+03 1.840752e+02
1.020037e+03 -3.786564e+03 2.619710e+03 -1.230851e+02 3.754193e+02 -1.564089e+03 1.610230e+03 -4.203963e+02 8.788436e+01 1.540098e+03 1.119806e+03 -4.785530e+02 -1.983120e+03 -5.492866e+02 3.567217e+03 -7.188269e+01
1.538443e+03 -4.093301e+03 4.178888e+03 4.722580e+01 2.128598e+02 -1.501537e+03 1.287609e+03 -1.677933e+02 1.064514e+03 2.078583e+03 1.735011e+03 -1.053476e+03 -2.001350e+03 -7.976088e+02 3.740818e+03 -2.410019e+02
1.187353e+03 -3.665606e+03 3.757628e+03 3.783897e+02 5.959022e+02 -2.039944e+03 1.161491e+03 -2.650330e+02 9.798687e+01 1.700989e+03 2.107998e+03 -3.584697e+02 -1.466270e+03 -6.833093e+02 3.466666e+03 1.585563e+02
1.364186e+03 -4.267536e+03 4.191379e+03 -1.056389e+02 1.581863e+02 -1.511946e+03 1.204675e+03 -6.554418e+02 1.085410e+03 1.968705e+03 1.572181e+03 -1.160879e+03 -2.135982e+03 -8.908489e+02 4.073617e+03 -1.595696e+02
9.791553e+02 -3.643905e+03 3.526956e+03 1.764168e+02 3.491671e+02 -1.864534e+03 1.197929e+03 -4.761314e+02 1.736567e+02 1.582078e+03 1.853919e+03 -3.717283e+02 -1.548053e+03 -7.505510e+02 3.555409e+03 2.014493e+02
8.165357e+02 -3.911491e+03 3.415329e+03 3.108637e+01 3.571042e+02 -1.957795e+03 1.465979e+03 -7.819593e+02 4.468351e+01 1.680788e+03 2.013841e+03 -3.615469e+02 -1.913824e+03 -9.225126e+02 3.597735e+03 3.742246e+02
8.807879e+02 -3.449566e+03 2.635729e+03 8.493206e+01 4.337673e+02 -1.613869e+03 1.547555e+03 -4.877992e+02 1.651719e+01 1.390061e+03 1.433525e+03 -2.114472e+02 -1.701655e+03 -5.923637e+02 3.319172e+03 3.622419e+01
1.041341e+03 -4.131798e+03 4.031085e+03 -7.309179e+01 -5.585518e+01 -1.099541e+03 9.586780e+02 -2.634317e+02 9.682630e+02 1.941674e+03 1.957767e+03 -9.738300e+02 -2.245886e+03 -7.039377e+02 3.815165e+03 -2.618202e+02
1.164710e+03 -4.002027e+03 3.764310e+03 1.944086e+02 6.598648e+02 -2.355832e+03 1.617814e+03 -7.475814e+02 2.967812e+02 1.642434e+03 2.286098e+03 -4.436553e+01 -1.585457e+03 -6.820377e+02 3.594324e+03 4.703139e+02
8.325855e+02 -3.705384e+03 3.338908e+03 9.687285e+01 1.453395e+02 -1.467774e+03 1.302809e+03 -4.799170e+02 2.545475e+02 1.651840e+03 1.695603e+03 -5.114516e+02 -1.906242e+03 -8.141896e+02 3.591717e+03 1.168388e+02
1.044960e+03 -3.651570e+03 2.672519e+03 1.138157e+02 2.553272e+02 -1.280727e+03 1.410897e+03 -4.969051e+02 -5.421569e+01 1.623096e+03 1.584755e+03 -1.115332e+01 -1.854866e+03 -3.939660e+02 3.548895e+03 -1.220445e+02
9.100905e+02 -3.654011e+03 2.616289e+03 -3.981238e+01 3.522002e+02 -1.531521e+03 1.523617e+03 -3.389771e+02 6.499570e+00 1.682176e+03 1.452922e+03 -1.162915e+02 -1.845179e+03 -4.362798e+02 3.451314e+03 -1.064473e+02
1.080680e+03 -4.451268e+03 3.388031e+03 -6.030756e+02 -2.700714e+01 -1.445848e+03 1.269671e+03 -3.614917e+02 1.090751e+03 1.733701e+03 1.123133e+03 -9.420801e+02 -2.204282e+03 -6.725723e+02 4.318314e+03 -6.510832e+02
8.285907e+02 -3.783653e+03 2.705287e+03 -5.395275e+01 2.872124e+02 -1.454298e+03 1.540392e+03 -5.439737e+02 -2.105663e+01 1.678536e+03 1.432944e+03 -1.402223e+02 -1.974849e+03 -4.506198e+02 3.576918e+03 -9.088059e+01
9.222158e+02 -4.984623e+03 4.112816e+03 -5.889698e+02 -2.490608e+02 -1.183337e+03 1.125408e+03 -6.635622e+02 1.431239e+03 2.058281e+03 1.653877e+03 -8.736275e+02 -2.553584e+03 -5.109008e+02 4.501985e+03 -3.353540e+02
1.066065e+03 -3.758082e+03 2.627414e+03 8.037635e+02 1.007148e+03 -1.675698e+03 2.011831e+03 -8.370571e+02 -8.604340e+02 1.773765e+03 1.926296e+03 2.442100e+02 -1.872143e+03 -5.534647e+02 3.018447e+03 4.300926e+02
1.254795e+03 -3.781799e+03 3.213079e+03 6.557037e+02 8.504534e+02 -1.583980e+03 1.614385e+03 -8.629339e+02 -2.791032e+02 1.759374e+03 1.860540e+03 6.466694e+01 -1.742603e+03 -5.211465e+02 3.282215e+03 1.095292e+02
8.570268e+02 -3.682011e+03 1.925636e+03 1.954390e+02 4.770139e+02 -1.631916e+03 1.362083e+03 -3.331502e+02 -6.004642e+01 1.534581e+03 6.649640e+02 -1.472392e+02 -1.737849e+03 -1.255669e+02 3.466920e+03 -5.069767e+02
9.546438e+02 -3.617928e+03 2.693841e+03 4.153867e+01 3.062743e+02 -1.470780e+03 1.498573e+03 -3.539241e+02 1.528507e+01 1.673319e+03 1.391641e+03 -4.448626e+01 -1.824538e+03 -4.245357e+02 3.447452e+03 -1.887039e+02
9.764651e+02 -3.425158e+03 2.430902e+03 5.156089e+01 3.789573e+02 -1.478319e+03 1.360129e+03 -1.969326e+02 1.226303e+02 1.647009e+03 9.922848e+02 -4.408413e+02 -1.750956e+03 -3.899349e+02 3.519023e+03 -4.827088e+02
1.032152e+03 -3.845459e+03 2.901104e+03 3.037036e+00 3.820285e+02 -1.600788e+03 1.499155e+03 -7.049149e+02 4.488470e+01 1.742132e+03 1.534001e+03 -1.040820e+02 -1.963307e+03 -5.910742e+02 3.556621e+03 -8.403053e+01
1.132627e+03 -3.669246e+03 2.887664e+03 -5.740739e+01 5.913065e+02 -1.780780e+03 1.567862e+03 -4.575178e+02 -1.455320e+01 1.773941e+03 1.424574e+03 -2.281273e+01 -1.770448e+03 -5.707036e+02 3.430750e+03 -5.744824e+01
1.086253e+03 -4.009287e+03 3.274993e+03 -7.586205e+01 3.959153e+02 -1.454909e+03 1.498146e+03 -6.778213e+02 3.167681e+02 1.739452e+03 1.557245e+03 -2.358282e+02 -1.928470e+03 -4.945598e+02 3.716245e+03 -1.646254e+02
1.160975e+03 -3.565954e+03 2.570602e+03 1.403094e+02 6.018762e+02 -1.697223e+03 1.633529e+03 -4.089144e+02 -2.814781e+02 1.658898e+03 1.526841e+03 1.442569e+02 -1.688539e+03 -5.410112e+02 3.216630e+03 2.801269e+01
9.342555e+02 -4.138229e+03 3.094238e+03 2.464446e+01 5.105689e+02 -1.647584e+03 1.738548e+03 -7.382184e+02 6.979517e+01 1.769448e+03 1.625001e+03 -2.084926e+02 -2.018187e+03 -6.517650e+02 3.580486e+03 6.276704e+01
9.968979e+02 -3.824576e+03 2.475306e+03 -3.476598e+01 4.220095e+02 -1.675392e+03 1.392633e+03 -2.861783e+02 7.912131e+01 1.657566e+03 8.932208e+02 -2.793996e+02 -1.852452e+03 -3.377188e+02 3.679515e+03 -4.889695e+02
8.975909e+02 -3.960605e+03 2.823398e+03 -4.093269e+02 2.470310e+02 -1.696144e+03 1.380179e+03 -4.509948e+02 4.628187e+02 1.540350e+03 1.120494e+03 -3.708834e+02 -1.946048e+03 -5.779605e+02 3.815244e+03 -3.455977e+02
9.814925e+02 -3.607907e+03 2.561134e+03 7.367166e+01 4.465646e+02 -1.712980e+03 1.596277e+03 -4.196416e+02 -2.203159e+01 1.692320e+03 1.501079e+03 1.198201e+02 -1.688109e+03 -3.495705e+02 3.236829e+03 -1.777400e+02
9.632739e+02 -3.796257e+03 2.975240e+03 -2.911311e+02 7.747919e+01 -1.402082e+03 1.263908e+03 -3.055802e+02 6.263325e+02 1.694294e+03 1.358562e+03 -5.342284e+02 -1.870525e+03 -5.201762e+02 3.711595e+03 -3.460571e+02
7.604132e+02 -3.515695e+03 2.142243e+03 2.763748e+02 5.302316e+02 -1.672337e+03 1.396749e+03 -3.469217e+02 -2.782866e+02 1.523364e+03 7.997461e+02 -4.974081e+01 -1.741583e+03 -3.623966e+02 3.392305e+03 -3.196228e+02
9.962622e+02 -3.652830e+03 2.222551e+03 2.029938e+02 5.197969e+02 -1.421871e+03 1.418997e+03 -4.997512e+02 -1.605577e+02 1.690144e+03 1.166482e+03 -3.831531e+02 -1.805971e+03 -4.224534e+02 3.444350e+03 -2.602261e+02
1.107101e+03 -4.111906e+03 3.207691e+03 -1.879262e+02 2.009042e+02 -1.478594e+03 1.301801e+03 -5.866695e+02 5.064897e+02 1.799134e+03 1.489920e+03 -2.740962e+02 -2.018699e+03 -4.613871e+02 4.031737e+03 -3.492722e+02
1.140192e+03 -3.326426e+03 2.315964e+03 1.997324e+02 4.338719e+02 -1.351537e+03 1.598354e+03 -4.932147e+02 -2.897339e+02 1.514319e+03 1.351972e+03 -2.498708e+01 -1.724952e+03 -4.756854e+02 3.236672e+03 -1.191671e+02
9.592565e+02 -3.521856e+03 2.291758e+03 -8.856820e+00 5.205135e+02 -1.631754e+03 1.517130e+03 -3.667289e+02 -1.492886e+02 1.574291e+03 1.048360e+03 -9.719608e+01 -1.740760e+03 -3.182537e+02 3.407258e+03 -3.242602e+02
1.155888e+03 -3.439402e+03 2.292779e+03 2.311822e+02 6.069986e+02 -1.468271e+03 1.547955e+03 -4.969460e+02 -1.672319e+02 1.637608e+03 1.060583e+03 -1.868806e+02 -1.658879e+03 -3.809452e+02 3.277483e+03 -3.468778e+02
1.145783e+03 -4.259191e+03 3.429172e+03 -5.206279e+02 1.066605e+02 -1.371119e+03 1.361320e+03 -4.283162e+02 8.975904e+02 1.614221e+03 1.257541e+03 -6.683752e+02 -2.028715e+03 -5.725383e+02 4.148926e+03 -5.257494e+02
1.012892e+03 -3.852084e+03 2.419000e+03 -6.295122e+01 5.731869e+02 -2.058158e+03 1.622739e+03 -4.450711e+02 7.186087e+01 1.524820e+03 1.174671e+03 1.042693e+02 -1.816750e+03 -3.752411e+02 3.438088e+03 -1.987135e+02
9.939126e+02 -3.373697e+03 2.459414e+03 2.838981e+02 6.282388e+02 -1.634521e+03 1.638426e+03 -4.625633e+02 -4.571125e+02 1.627136e+03 1.438337e+03 2.716310e+02 -1.630797e+03 -4.489582e+02 3.072034e+03 -2.704771e+01
9.802569e+02 -4.077457e+03 3.267088e+03 2.359706e+02 6.132625e+02 -1.571047e+03 1.638766e+03 -8.771198e+02 1.321530e+01 1.874686e+03 1.736505e+03 -8.073301e+01 -2.027532e+03 -5.963939e+02 3.601024e+03 6.746945e+01
1.025500e+03 -3.529040e+03 2.185159e+03 8.240366e+01 4.126841e+02 -1.415078e+03 1.440268e+03 -4.138581e+02 -2.076711e+02 1.473500e+03 1.132985e+03 -1.319063e+02 -1.761088e+03 -3.190714e+02 3.357480e+03 -2.810488e+02
8.275946e+02 -4.244308e+03 3.128559e+03 -5.569008e+02 1.526395e+02 -1.672152e+03 1.152911e+03 -4.721598e+02 7.123917e+02 1.660493e+03 1.018711e+03 -6.850618e+02 -2.124533e+03 -6.366738e+02 4.241509e+03 -4.549693e+02
1.037506e+03 -3.547399e+03 2.682350e+03 2.762130e+02 7.735076e+02 -1.793850e+03 1.690573e+03 -3.977378e+02 -2.405044e+02 1.787330e+03 1.747695e+03 2.222838e+02 -1.679919e+03 -5.056378e+02 3.026361e+03 7.075374e+01
1.609497e+03 -4.689566e+03 3.995714e+03 -5.103777e+02 8.849337e+00 -1.243416e+03 1.338735e+03 -2.991480e+02 1.435549e+03 1.885780e+03 1.426607e+03 -1.027991e+03 -2.289269e+03 -6.725155e+02 4.280625e+03 -6.558502e+02
1.178244e+03 -3.520443e+03 2.418285e+03 1.584794e+02 5.230942e+02 -1.428013e+03 1.525035e+03 -4.015114e+02 -1.704048e+02 1.698767e+03 1.191499e+03 -1.765926e+02 -1.727374e+03 -3.940761e+02 3.328554e+03 -4.201782e+02
9.775366e+02 -3.504530e+03 2.417124e+03 3.015324e+01 3.515763e+02 -1.623590e+03 1.548632e+03 -2.991411e+02 2.275090e+01 1.590799e+03 1.256096e+03 3.760368e+01 -1.732655e+03 -3.554900e+02 3.304697e+03 -2.203928e+02
1.047488e+03 -3.650573e+03 2.276623e+03 -3.601881e+01 5.363898e+02 -1.699018e+03 1.558397e+03 -2.041985e+02 -1.154180e+01 1.670908e+03 8.851070e+02 -2.543044e+02 -1.772910e+03 -2.466600e+02 3.468680e+03 -4.191799e+02
9.897640e+02 -4.042552e+03 3.266134e+03 -2.962210e+02 1.325857e+02 -1.421351e+03 1.264861e+03 -6.978351e+02 6.712571e+02 1.668603e+03 1.438588e+03 -2.818567e+02 -1.939716e+03 -4.997897e+02 3.934075e+03 -3.273369e+02
1.237119e+03 -3.725628e+03 3.327695e+03 5.092280e+02 7.903530e+02 -1.588714e+03 1.509422e+03 -7.076356e+02 -1.628621e+02 1.765240e+03 2.006646e+03 9.207566e+01 -1.761843e+03 -4.697959e+02 3.355853e+03 1.621497e+01
1.276270e+03 -4.165262e+03 3.663675e+03 -6.401956e+02 1.292741e+02 -1.457296e+03 1.134241e+03 -1.641786e+02 1.103745e+03 1.796920e+03 1.186920e+03 -9.378014e+02 -1.850991e+03 -6.031009e+02 4.338414e+03 -6.690236e+02
1.323729e+03 -3.821373e+03 2.691130e+03 -1.366764e+02 9.079735e+01 -1.164771e+03 1.247994e+03 -2.426536e+02 6.132217e+02 1.731645e+03 1.001418e+03 -5.657729e+02 -1.923510e+03 -2.855291e+02 3.775564e+03 -6.073401e+02
9.466387e+02 -4.091556e+03 3.428931e+03 -7.905129e+01 2.638966e+02 -1.358481e+03 1.332526e+03 -6.799168e+02 3.848765e+02 1.703725e+03 1.683801e+03 -2.711688e+02 -2.093838e+03 -5.107697e+02 3.949333e+03 -1.816120e+02
1.291309e+03 -3.702708e+03 2.962415e+03 2.191955e+02 3.782840e+02 -1.309424e+03 1.526782e+03 -6.830215e+02 1.383904e+02 1.655198e+03 1.597414e+03 -4.513480e+01 -1.806308e+03 -4.123268e+02 3.413689e+03 -1.979386e+02
1.118663e+03 -3.302085e+03 2.271339e+03 1.682551e+02 5.744548e+02 -1.694630e+03 1.661114e+03 -2.205834e+02 -1.482761e+02 1.587607e+03 1.143948e+03 7.446941e+01 -1.541169e+03 -2.967910e+02 3.082080e+03 -3.235960e+02
8.447568e+02 -3.792207e+03 3.096880e+03 -1.012500e+00 4.468560e+02 -1.711471e+03 1.498380e+03 -6.999179e+02 1.718497e+02 1.676331e+03 1.698776e+03 4.495442e+01 -1.792250e+03 -5.053498e+02 3.581303e+03 -2.689419e+01
1.393730e+03 -3.490631e+03 2.516117e+03 -6.250749e+01 6.380361e+02 -1.709437e+03 1.638973e+03 -2.102014e+02 5.832867e+01 1.699304e+03 1.074350e+03 -2.183920e+02 -1.620486e+03 -3.306844e+02 3.370249e+03 -3.829874e+02
1.289230e+03 -3.424999e+03 2.319248e+03 4.522602e+02 4.545044e+02 -1.367698e+03 1.705689e+03 -6.725517e+02 -2.997657e+02 1.651579e+03 1.477659e+03 1.511989e+02 -1.695579e+03 -3.677298e+02 3.125699e+03 -1.452596e+02
1.354894e+03 -4.407105e+03 4.089653e+03 -3.208374e+02 6.307498e+02 -1.736387e+03 1.439296e+03 -3.985496e+02 8.412634e+02 1.975619e+03 1.624804e+03 -5.880873e+02 -2.006111e+03 -6.192507e+02 4.024151e+03 -3.198952e+02
1.133898e+03 -3.677855e+03 2.709829e+03 1.174829e+02 5.073675e+02 -1.614565e+03 1.567998e+03 -6.100089e+02 -1.393259e+02 1.753473e+03 1.457274e+03 -2.783337e+01 -1.761732e+03 -5.067967e+02 3.397486e+03 -7.486373e+01
8.836863e+02 -3.912758e+03 2.647175e+03 -2.685314e+02 3.174998e+02 -1.677238e+03 1.394252e+03 -5.336715e+02 1.120588e+02 1.545991e+03 1.080142e+03 -3.473448e+02 -1.924779e+03 -6.363527e+02 3.792528e+03 -3.017762e+02
8.967421e+02 -4.514358e+03 3.363500e+03 -7.573613e+02 4.854266e+01 -1.548348e+03 1.112172e+03 -2.855418e+02 1.106417e+03 1.745340e+03 9.099690e+02 -1.070170e+03 -2.329051e+03 -5.868446e+02 4.538472e+03 -7.483861e+02
9.436409e+02 -3.549560e+03 2.538065e+03 2.845121e+02 5.664874e+02 -1.673695e+03 1.699909e+03 -5.380823e+02 -2.955533e+02 1.691375e+03 1.719232e+03 2.935134e+02 -1.729836e+03 -4.677676e+02 3.028821e+03 1.167546e+02
1.167437e+03 -3.775756e+03 2.922778e+03 -1.706814e+02 4.584358e+01 -1.283291e+03 1.356656e+03 -2.818824e+02 4.811996e+02 1.689346e+03 1.288095e+03 -3.611189e+02 -1.880608e+03 -4.213829e+02 3.738225e+03 -4.196320e+02
1.435916e+03 -4.344089e+03 3.616333e+03 -3.028589e+02 2.424943e+02 -1.285512e+03 1.176705e+03 -3.031823e+02 8.533741e+02 1.884798e+03 1.178904e+03 -1.008944e+03 -2.114814e+03 -6.169226e+02 4.275442e+03 -7.230335e+02
1.050594e+03 -3.770705e+03 2.994169e+03 1.844215e+02 6.768691e+02 -1.616100e+03 1.592306e+03 -7.234855e+02 -4.120295e+01 1.773844e+03 1.709780e+03 8.772951e+01 -1.811621e+03 -4.787975e+02 3.326239e+03 -6.289812e+01
1.181443e+03 -3.578400e+03 2.857104e+03 7.032148e+01 3.544660e+02 -1.548043e+03 1.610044e+03 -4.579117e+02 9.523661e+01 1.721019e+03 1.615887e+03 4.784337e+01 -1.671684e+03 -4.865168e+02 3.347675e+03 -1.113312e+02
1.440097e+03 -3.680454e+03 3.111323e+03 5.333898e+02 8.693177e+02 -1.666573e+03 1.802354e+03 -6.919534e+02 -2.340191e+02 1.856649e+03 1.990722e+03 2.045440e+02 -1.714105e+03 -4.605329e+02 3.101328e+03 1.244019e+02
1.248327e+03 -6.439723e+03 5.474577e+03 -1.592308e+03 -1.123301e+03 -4.120561e+02 5.760744e+02 2.238278e+02 3.417782e+03 2.535964e+03 1.485616e+03 -2.430762e+03 -3.653911e+03 -4.807370e+02 5.697191e+03 -9.349844e+02
1.168544e+03 -3.248573e+03 2.521827e+03 7.960218e+02 8.642936e+02 -1.590967e+03 1.823947e+03 -6.849515e+02 -6.098940e+02 1.732994e+03 1.717802e+03 3.758386e+02 -1.492975e+03 -4.487166e+02 2.738501e+03 1.608796e+02
1.071740e+03 -3.790766e+03 2.636281e+03 -1.365771e+02 2.841963e+02 -1.677599e+03 1.412637e+03 -4.301084e+02 1.962431e+02 1.653488e+03 1.189881e+03 -1.431728e+02 -1.872106e+03 -4.399665e+02 3.670350e+03 -2.917239e+02
8.682603e+02 -3.608044e+03 2.563140e+03 -1.950075e+01 5.240572e+02 -1.854593e+03 1.529736e+03 -4.698861e+02 -1.950464e+02 1.512690e+03 1.428533e+03 1.694630e+02 -1.800740e+03 -5.847891e+02 3.429346e+03 3.358601e+01
1.135942e+03 -3.375587e+03 2.197678e+03 2.646792e+02 5.087542e+02 -1.499067e+03 1.456505e+03 -1.503525e+02 -2.256973e+01 1.594086e+03 8.372241e+02 -2.201532e+02 -1.601298e+03 -2.392257e+02 3.331724e+03 -5.708194e+02
1.108922e+03 -3.392684e+03 2.787170e+03 6.231393e+02 6.072621e+02 -1.521938e+03 1.696971e+03 -7.639674e+02 -3.253107e+02 1.652818e+03 1.755702e+03 3.435521e+02 -1.529220e+03 -4.098063e+02 3.036650e+03 1.008661e+02
7.110060e+02 -4.128742e+03 2.931656e+03 -3.165885e+02 1.653179e+02 -1.559877e+03 1.377564e+03 -5.997032e+02 4.150526e+02 1.660753e+03 1.337706e+03 -2.597230e+02 -2.073669e+03 -5.570696e+02 3.886825e+03 -2.729652e+02
8.683908e+02 -3.834106e+03 2.944220e+03 1.954805e+02 3.654677e+02 -1.326356e+03 1.415222e+03 -4.291940e+02 -5.150295e+01 1.761417e+03 1.895162e+03 6.577268e+01 -1.993876e+03 -4.096706e+02 3.466770e+03 7.933992e+00
1.079286e+03 -4.082825e+03 3.244209e+03 -5.040497e+02 3.972271e+00 -1.399833e+03 1.158368e+03 -3.313413e+02 8.528299e+02 1.691160e+03 1.222341e+03 -7.343898e+02 -1.930998e+03 -6.441346e+02 4.064019e+03 -5.267792e+02
1.282986e+03 -3.578238e+03 2.494242e+03 1.909081e+02 3.158798e+02 -1.381241e+03 1.638941e+03 -6.384440e+02 -7.636598e+01 1.601280e+03 1.489915e+03 -5.393073e-02 -1.784952e+03 -3.991523e+02 3.375747e+03 -1.119261e+02
1.184101e+03 -3.105943e+03 2.274574e+03 6.126157e+02 8.704776e+02 -1.683347e+03 1.944695e+03 -9.128522e+02 -5.622017e+02 1.577607e+03 1.491221e+03 3.752477e+02 -1.529577e+03 -4.380448e+02 2.751074e+03 1.366413e+02
8.322597e+02 -3.678633e+03 2.758525e+03 -1.218139e+02 1.614111e+02 -1.474880e+03 1.280173e+03 -3.164595e+02 3.002604e+02 1.625755e+03 1.216284e+03 -2.086163e+02 -1.890995e+03 -4.590435e+02 3.704779e+03 -3.378585e+02
1.054969e+03 -3.585373e+03 2.457396e+03 3.694898e+01 3.940797e+02 -1.571401e+03 1.366143e+03 -2.528782e+02 1.513195e+02 1.667260e+03 9.965603e+02 -4.130595e+02 -1.782344e+03 -3.993707e+02 3.595600e+03 -4.945311e+02
1.135567e+03 -3.736504e+03 2.818617e+03 -3.321027e+01 2.855250e+02 -1.388338e+03 1.427142e+03 -4.911765e+02 7.717450e+01 1.730821e+03 1.346698e+03 -2.919870e+02 -1.823657e+03 -4.476031e+02 3.687890e+03 -2.958151e+02
1.602588e+03 -4.671654e+03 4.226086e+03 -6.741852e+02 1.974315e+02 -1.422266e+03 1.100331e+03 -2.824403e+02 1.509214e+03 1.987998e+03 1.087468e+03 -1.225290e+03 -2.114546e+03 -7.248230e+02 4.574553e+03 -8.624818e+02
1.072065e+03 -3.789576e+03 2.359302e+03 -1.249768e+02 4.346073e+02 -1.670624e+03 1.485524e+03 -2.737737e+02 1.304935e+02 1.659700e+03 9.435487e+02 -2.802867e+02 -1.820631e+03 -2.911833e+02 3.551310e+03 -4.300808e+02
1.420511e+03 -4.226410e+03 3.803897e+03 -6.228080e+02 1.407698e+02 -1.454483e+03 1.220879e+03 -1.151271e+02 1.112052e+03 1.930982e+03 1.503404e+03 -8.829766e+02 -1.843404e+03 -6.139875e+02 4.189590e+03 -4.914562e+02
1.068841e+03 -3.621500e+03 2.949092e+03 2.805380e+02 6.520946e+02 -1.633895e+03 1.630529e+03 -4.947811e+02 -1.718815e+02 1.761995e+03 1.789517e+03 1.431738e+02 -1.676592e+03 -4.828577e+02 3.233310e+03 -2.571510e+00
1.248289e+03 -3.890870e+03 2.349008e+03 1.248761e+01 4.865145e+02 -1.577013e+03 1.348828e+03 -1.064884e+02 2.181200e+02 1.772252e+03 7.956419e+02 -4.057700e+02 -1.749662e+03 -1.629706e+02 3.630313e+03 -6.066650e+02
1.030481e+03 -3.631165e+03 2.429343e+03 1.189083e+02 4.732552e+02 -1.510782e+03 1.548247e+03 -3.870662e+02 -2.462015e+02 1.634123e+03 1.328155e+03 -6.364148e+01 -1.860506e+03 -5.486505e+02 3.437166e+03 -1.360136e+02
7.685626e+02 -4.506875e+03 3.213720e+03 -6.896141e+02 3.940362e+01 -1.556175e+03 1.124923e+03 -4.368257e+02 9.065833e+02 1.701093e+03 9.982950e+02 -9.282085e+02 -2.328165e+03 -6.788370e+02 4.458815e+03 -5.331446e+02
1.134755e+03 -3.486832e+03 2.286629e+03 2.563990e+02 5.668003e+02 -1.460950e+03 1.472345e+03 -2.479492e+02 -7.207916e+01 1.654942e+03 9.271921e+02 -3.610376e+02 -1.689357e+03 -2.888531e+02 3.427758e+03 -5.094090e+02
9.426344e+02 -3.605530e+03 2.918438e+03 2.275609e+02 6.555849e+02 -1.692032e+03 1.617383e+03 -5.535054e+02 -7.508315e+01 1.756741e+03 1.720298e+03 1.581977e+02 -1.690756e+03 -4.814683e+02 3.218582e+03 -3.600393e+01
1.113312e+03 -3.606944e+03 2.294496e+03 1.091714e+02 3.458280e+02 -1.390485e+03 1.227290e+03 -2.106391e+02 2.955392e+02 1.631390e+03 7.759239e+02 -2.992439e+02 -1.723429e+03 -1.732988e+02 3.581473e+03 -6.749098e+02
1.081437e+03 -3.945128e+03 3.354633e+03 -2.610688e+02 1.272181e+02 -1.529797e+03 1.455029e+03 -5.473241e+02 6.582705e+02 1.730394e+03 1.614243e+03 -2.230964e+02 -1.897734e+03 -5.272423e+02 3.825489e+03 -2.502252e+02
1.110168e+03 -3.613585e+03 2.321487e+03 3.694984e-01 5.092577e+02 -1.645697e+03 1.538400e+03 -2.993259e+02 -7.161288e+01 1.620952e+03 1.005545e+03 -1.362972e+02 -1.731426e+03 -3.444141e+02 3.364413e+03 -3.112491e+02
1.209196e+03 -3.183020e+03 2.340406e+03 4.463325e+02 5.454272e+02 -1.495298e+03 1.786378e+03 -7.944495e+02 -3.115080e+02 1.478591e+03 1.478698e+03 3.035524e+02 -1.522724e+03 -3.674655e+02 2.964672e+03 2.890341e+01
1.177696e+03 -3.455170e+03 1.977151e+03 3.196900e+02 7.691486e+02 -1.715348e+03 1.586024e+03 -1.905512e+02 -4.568599e+02 1.561184e+03 9.061617e+02 4.947389e+01 -1.529646e+03 -2.581727e+02 3.101737e+03 -3.504582e+02
5.875180e+02 -3.717165e+03 2.498666e+03 5.753374e+02 7.174055e+02 -1.843498e+03 1.713178e+03 -5.010176e+02 -5.558655e+02 1.721291e+03 2.316991e+03 4.281168e+02 -1.937670e+03 -4.194610e+02 3.185976e+03 7.128778e+02
1.656898e+03 -4.403721e+03 3.746997e+03 -4.396754e+02 1.638761e+02 -1.289099e+03 1.310197e+03 -4.996488e+01 1.132120e+03 1.936927e+03 1.155057e+03 -1.108332e+03 -2.057182e+03 -5.646203e+02 4.295766e+03 -7.513854e+02
1.334575e+03 -4.011890e+03 3.204124e+03 -3.049209e+02 3.249644e+02 -1.533526e+03 1.486363e+03 -7.537667e+01 7.836732e+02 1.711715e+03 1.096254e+03 -6.557110e+02 -1.875601e+03 -4.768606e+02 3.909186e+03 -6.937541e+02
1.076799e+03 -3.650018e+03 2.651468e+03 -1.446925e+02 3.621786e+02 -1.546969e+03 1.418169e+03 -3.225239e+02 1.123162e+02 1.652621e+03 1.325403e+03 -2.009707e+02 -1.789200e+03 -4.839281e+02 3.537621e+03 -3.416284e+02
1.187039e+03 -3.508781e+03 2.701700e+03 4.216648e+02 6.038428e+02 -1.547602e+03 1.700331e+03 -5.959599e+02 -3.174185e+02 1.762972e+03 1.736419e+03 2.336241e+02 -1.634085e+03 -4.652145e+02 3.058369e+03 1.026085e+01
9.650160e+02 -3.595672e+03 2.703020e+03 -1.751621e+01 4.900848e+02 -1.462795e+03 1.463848e+03 -4.190054e+02 -1.213913e+02 1.653699e+03 1.339881e+03 -2.813272e+02 -1.817404e+03 -5.224514e+02 3.566905e+03 -2.250480e+02
1.167232e+03 -3.567757e+03 2.534668e+03 -1.193157e+00 6.420106e+02 -1.788411e+03 1.629305e+03 -3.529247e+02 -8.152436e+01 1.696703e+03 1.328112e+03 -3.055744e+01 -1.656793e+03 -5.249943e+02 3.313661e+03 -2.528872e+02
1.054368e+03 -3.641850e+03 2.587814e+03 1.047599e+00 6.173865e+02 -1.736604e+03 1.697877e+03 -3.771888e+02 -6.738698e+01 1.760021e+03 1.357011e+03 -9.126927e+01 -1.815553e+03 -5.580023e+02 3.281949e+03 -1.397237e+02
9.747492e+02 -3.847423e+03 2.853993e+03 1.804193e+01 4.602087e+02 -1.687248e+03 1.492372e+03 -5.788809e+02 -5.821525e+01 1.694068e+03 1.474389e+03 1.291971e-01 -1.920972e+03 -6.000225e+02 3.686569e+03 -5.770065e+01
9.200149e+02 -3.974890e+03 2.800684e+03 -2.749721e+02 2.852048e+02 -1.644615e+03 1.482325e+03 -6.497063e+02 2.590127e+02 1.682609e+03 1.265654e+03 -2.775676e+02 -2.011579e+03 -5.368718e+02 3.795520e+03 -2.875863e+02
8.311648e+02 -3.740173e+03 2.814225e+03 1.992811e+01 4.070388e+02 -1.704766e+03 1.630494e+03 -4.859202e+02 2.416543e+01 1.744013e+03 1.651917e+03 9.140139e+01 -1.891575e+03 -4.420977e+02 3.393057e+03 -6.583017e+01
1.153638e+03 -3.624101e+03 2.983299e+03 -1.543663e+02 2.682710e+02 -1.469558e+03 1.432822e+03 -2.728794e+02 1.857291e+02 1.736584e+03 1.416177e+03 -2.058045e+02 -1.799145e+03 -5.120434e+02 3.635731e+03 -2.634883e+02
8.814193e+02 -4.155665e+03 3.239644e+03 -6.264696e+02 1.603026e+02 -1.579556e+03 1.241756e+03 -4.253204e+02 7.800541e+02 1.681220e+03 1.142541e+03 -7.502794e+02 -2.126639e+03 -6.199003e+02 4.277717e+03 -4.717026e+02
1.141772e+03 -3.771480e+03 3.147888e+03 4.985155e+00 3.050358e+02 -1.469267e+03 1.373413e+03 -4.372393e+02 2.306716e+02 1.762878e+03 1.643718e+03 -8.436075e+01 -1.825075e+03 -4.876507e+02 3.677193e+03 -1.839961e+02
8.938234e+02 -3.732524e+03 2.578173e+03 2.674104e+01 5.285906e+02 -1.673904e+03 1.517410e+03 -3.858769e+02 -1.825604e+02 1.678476e+03 1.358098e+03 -1.986731e+01 -1.916699e+03 -5.291633e+02 3.509964e+03 -1.167512e+02
8.259541e+02 -3.806841e+03 2.727930e+03 -2.937169e+02 1.767649e+02 -1.538152e+03 1.341633e+03 -4.831990e+02 2.719667e+02 1.570968e+03 1.246514e+03 -2.174209e+02 -1.949434e+03 -5.141703e+02 3.737887e+03 -2.385734e+02
6.864896e+02 -4.236282e+03 3.176439e+03 -3.635471e+02 1.197119e+02 -1.612082e+03 1.323156e+03 -6.247472e+02 5.483167e+02 1.671798e+03 1.438952e+03 -2.828896e+02 -2.136936e+03 -6.146799e+02 4.020447e+03 -1.079728e+02
8.811251e+02 -3.697732e+03 2.678012e+03 6.409330e+01 4.678332e+02 -1.606458e+03 1.635387e+03 -4.509977e+02 -1.690329e+02 1.742933e+03 1.487409e+03 -3.727745e+01 -1.850575e+03 -5.600305e+02 3.357379e+03 5.096370e+00
9.459883e+02 -3.674353e+03 2.335938e+03 9.922876e+01 5.840968e+02 -1.643697e+03 1.459783e+03 -4.044438e+02 -2.197366e+02 1.680682e+03 1.083345e+03 -1.482068e+02 -1.881432e+03 -4.298456e+02 3.459781e+03 -2.953529e+02
1.205316e+03 -3.744515e+03 2.890721e+03 2.465919e+02 4.438470e+02 -1.495283e+03 1.507959e+03 -6.593012e+02 -5.206678e+01 1.771557e+03 1.820542e+03 1.352510e+02 -1.748011e+03 -3.710516e+02 3.382117e+03 9.093061e+00
8.997759e+02 -3.670287e+03 2.757067e+03 1.793141e+01 3.845657e+02 -1.632322e+03 1.547838e+03 -5.978790e+02 -7.034243e+00 1.709654e+03 1.576285e+03 2.815898e+01 -1.820024e+03 -5.216353e+02 3.398728e+03 -5.396344e+01
1.560579e+03 -3.568012e+03 2.649542e+03 1.314223e+02 4.523913e+02 -1.423402e+03 1.628989e+03 -3.004012e+02 2.180376e+02 1.724899e+03 1.154364e+03 -2.350717e+02 -1.665682e+03 -3.293178e+02 3.383420e+03 -5.336417e+02
1.080304e+03 -3.589920e+03 2.218133e+03 4.888568e+01 6.065085e+02 -1.843127e+03 1.644634e+03 -2.559777e+02 -1.195854e+02 1.554586e+03 9.822756e+02 3.465329e+00 -1.643761e+03 -2.912391e+02 3.293446e+03 -3.974692e+02
1.484158e+03 -6.661302e+03 5.801719e+03 -1.799421e+03 -1.279816e+03 -2.792446e+02 4.007880e+02 3.723918e+02 3.849791e+03 2.600223e+03 1.431708e+03 -2.870168e+03 -3.748334e+03 -5.870609e+02 6.075691e+03 -1.226805e+03
9.842735e+02 -3.481950e+03 2.474019e+03 1.830298e+02 6.077633e+02 -1.570461e+03 1.694163e+03 -4.252908e+02 -3.447676e+02 1.677159e+03 1.518234e+03 9.770748e+01 -1.758680e+03 -3.772591e+02 3.122623e+03 -1.074860e+02
8.227541e+02 -3.780740e+03 2.270166e+03 3.734028e+01 3.727607e+02 -1.387273e+03 1.281599e+03 -3.744488e+02 -2.210105e+01 1.555249e+03 9.343318e+02 -3.729492e+02 -1.984258e+03 -3.251654e+02 3.664782e+03 -3.728282e+02
8.476366e+02 -3.516591e+03 2.522142e+03 3.333895e+02 8.543970e+02 -1.764132e+03 1.747033e+03 -4.615992e+02 -4.237007e+02 1.725271e+03 1.651679e+03 2.551496e+02 -1.685337e+03 -5.142199e+02 2.997167e+03 8.233577e+01
8.519594e+02 -3.743998e+03 2.630937e+03 4.257285e+00 5.522156e+02 -1.803387e+03 1.486572e+03 -3.832927e+02 -2.294809e+01 1.696654e+03 1.292887e+03 -8.677701e+01 -1.913420e+03 -5.496951e+02 3.480833e+03 -1.182657e+02
8.420334e+02 -3.319570e+03 2.138054e+03 1.310900e+02 4.944290e+02 -1.641234e+03 1.145262e+03 -4.362405e+02 -1.733558e+02 1.581114e+03 1.017697e+03 -1.050613e+02 -1.552699e+03 -3.891200e+02 3.232594e+03 -3.308367e+02
9.282402e+02 -3.846529e+03 2.444855e+03 -1.152153e+02 4.139631e+02 -1.701665e+03 1.284328e+03 -3.180956e+02 1.523906e+02 1.637884e+03 9.392615e+02 -2.443164e+02 -1.885731e+03 -3.652923e+02 3.740126e+03 -4.296863e+02
6.955528e+02 -3.800892e+03 2.543919e+03 -2.599282e+02 3.413151e+02 -1.652237e+03 1.246325e+03 -4.987878e+02 2.424403e+02 1.480460e+03 9.023196e+02 -4.554374e+02 -1.946149e+03 -5.070052e+02 3.849011e+03 -4.228524e+02
2.665389e+02 -3.683922e+03 2.323419e+03 1.921011e+02 2.293754e+02 -1.581319e+03 1.027914e+03 -6.563540e+02 -1.416533e+02 1.558354e+03 1.622027e+03 -3.276828e+01 -1.732058e+03 -3.630787e+02 3.551408e+03 -6.702911e+01
1.132070e+03 -3.891056e+03 2.725645e+03 -8.443338e+01 3.438199e+02 -1.555086e+03 1.418062e+03 -4.662575e+02 1.881973e+02 1.731317e+03 1.306549e+03 -1.482229e+02 -1.940330e+03 -4.338962e+02 3.694739e+03 -3.038464e+02
1.021157e+03 -3.404042e+03 2.557704e+03 1.814316e+02 4.698953e+02 -1.205939e+03 1.402397e+03 -4.572885e+02 5.443551e+01 1.509016e+03 1.397415e+03 -1.787143e+01 -1.766371e+03 -3.439304e+02 3.365049e+03 -1.736647e+02
1.298561e+03 -3.875812e+03 3.332483e+03 -3.965350e+02 3.442526e+02 -1.447827e+03 1.223604e+03 -2.300734e+02 6.972764e+02 1.818443e+03 1.213534e+03 -7.580443e+02 -1.810736e+03 -6.355432e+02 3.903613e+03 -6.758525e+02
6.804937e+02 -3.605588e+03 2.632971e+03 -1.506214e+02 1.305847e+02 -1.325499e+03 1.012882e+03 -3.920321e+02 4.171447e+02 1.666842e+03 1.272996e+03 -5.101356e+02 -1.777353e+03 -3.702711e+02 3.690116e+03 -4.260306e+02
1.023900e+03 -3.841777e+03 2.579797e+03 -6.895088e+01 3.243180e+02 -1.554246e+03 1.383812e+03 -4.153104e+02 1.107183e+02 1.677583e+03 1.126162e+03 -1.965183e+02 -1.942922e+03 -4.887597e+02 3.726715e+03 -3.800623e+02
1.236960e+03 -3.679387e+03 2.932929e+03 -2.738522e+02 1.855139e+02 -1.287009e+03 1.172819e+03 -1.273709e+02 6.495905e+02 1.791887e+03 1.094544e+03 -6.782551e+02 -1.799603e+03 -4.012614e+02 3.856511e+03 -6.201032e+02
1.288193e+03 -3.899791e+03 3.409950e+03 7.769731e+01 6.076554e+02 -1.622607e+03 1.457547e+03 -7.887084e+02 1.235938e+02 1.859641e+03 1.636046e+03 -2.397231e+02 -1.871151e+03 -6.536753e+02 3.713867e+03 -2.031720e+02
1.157956e+03 -3.546339e+03 2.533236e+03 -1.545713e+02 3.188086e+02 -1.641387e+03 1.545167e+03 -2.994061e+02 1.801149e+02 1.629782e+03 1.313844e+03 -6.879835e+01 -1.732242e+03 -3.754731e+02 3.452674e+03 -3.011942e+02
1.237092e+03 -3.713581e+03 2.297402e+03 2.094395e+02 4.204983e+02 -1.437767e+03 1.262649e+03 -1.658895e+02 1.880908e+02 1.656337e+03 8.241538e+02 -2.984439e+02 -1.689866e+03 -2.091753e+02 3.593589e+03 -6.375458e+02
6.735528e+02 -3.947386e+03 2.821767e+03 -3.917943e+02 1.305624e+02 -1.532112e+03 1.212100e+03 -5.224371e+02 4.866390e+02 1.583700e+03 1.149673e+03 -4.282965e+02 -2.035569e+03 -5.087721e+02 3.976611e+03 -2.972457e+02
8.569637e+02 -3.903361e+03 2.840504e+03 -1.793926e+02 1.535315e+02 -1.488777e+03 1.374084e+03 -5.787125e+02 2.390332e+02 1.724734e+03 1.478033e+03 -1.728662e+02 -2.038243e+03 -5.526074e+02 3.772598e+03 -1.778841e+02
1.318230e+03 -3.718721e+03 3.023173e+03 -1.652628e+02 2.194105e+02 -1.520704e+03 1.578203e+03 -1.764821e+02 5.799273e+02 1.736141e+03 1.529329e+03 -2.945010e+02 -1.901860e+03 -5.517789e+02 3.534734e+03 -3.326564e+02
1.352975e+03 -4.215144e+03 3.574201e+03 -5.624183e+02 2.317826e+02 -1.350481e+03 1.191079e+03 -1.482248e+02 9.570673e+02 1.867658e+03 1.176264e+03 -9.703492e+02 -2.063919e+03 -5.639969e+02 4.295932e+03 -7.126783e+02
7.952735e+02 -4.087445e+03 2.962599e+03 -3.824236e+02 3.983901e+02 -1.644031e+03 1.344029e+03 -4.797340e+02 2.948297e+02 1.552132e+03 1.167454e+03 -5.067742e+02 -2.038294e+03 -6.824185e+02 3.995262e+03 -2.565929e+02
1.057715e+03 -3.801591e+03 2.430197e+03 3.568531e+01 2.817740e+02 -1.411994e+03 1.306248e+03 -4.624475e+02 6.387619e+01 1.638653e+03 1.273088e+03 -1.057722e+02 -1.900542e+03 -3.276932e+02 3.636597e+03 -2.619684e+02
9.404791e+02 -4.091494e+03 3.252200e+03 -1.080616e+02 4.183418e+02 -1.431093e+03 1.375465e+03 -6.793506e+02 3.700506e+02 1.793230e+03 1.597314e+03 -2.955627e+02 -2.014481e+03 -5.290436e+02 3.786909e+03 -2.413182e+02
1.064761e+03 -3.736866e+03 2.736429e+03 1.259537e+02 4.077843e+02 -1.380163e+03 1.434119e+03 -4.779059e+02 -1.014288e+02 1.691094e+03 1.419763e+03 -8.552672e+01 -1.913360e+03 -5.295568e+02 3.546729e+03 -2.350558e+02
1.025521e+03 -3.540115e+03 2.748473e+03 1.719982e+02 5.830112e+02 -1.741949e+03 1.614629e+03 -3.962309e+02 -4.699985e+01 1.699476e+03 1.757033e+03 2.419869e+02 -1.690650e+03 -4.428491e+02 3.111834e+03 4.715929e+01
1.149174e+03 -3.535326e+03 2.564098e+03 8.938393e+01 3.662628e+02 -1.375954e+03 1.563018e+03 -4.675054e+02 -3.696337e+01 1.644364e+03 1.259942e+03 -2.153876e+02 -1.786019e+03 -4.085075e+02 3.402369e+03 -3.495384e+02
1.004085e+03 -3.421273e+03 2.513112e+03 4.610457e+02 6.304786e+02 -1.593510e+03 1.708519e+03 -5.641533e+02 -4.512852e+02 1.667767e+03 1.737728e+03 3.399700e+02 -1.649781e+03 -4.054648e+02 2.936543e+03 1.225552e+02
1.532712e+03 -4.300724e+03 3.959207e+03 -6.275157e+02 5.263318e+01 -1.406688e+03 1.105736e+03 -2.379677e+02 1.130223e+03 1.934593e+03 1.425451e+03 -1.005692e+03 -1.942716e+03 -7.320264e+02 4.335061e+03 -5.851576e+02
8.476866e+02 -3.828667e+03 2.647373e+03 -3.050774e+02 3.635020e+02 -1.729947e+03 1.331272e+03 -5.474619e+02 7.591811e+01 1.551671e+03 1.116027e+03 -2.533728e+02 -1.895443e+03 -6.234677e+02 3.812568e+03 -1.584783e+02
1.187948e+03 -3.659258e+03 2.533353e+03 -1.114675e+02 3.567493e+02 -1.350062e+03 1.278488e+03 -3.822580e+02 7.462078e+01 1.683148e+03 1.142632e+03 -3.295202e+02 -1.835540e+03 -4.357816e+02 3.557430e+03 -4.331873e+02
1.132875e+03 -3.991849e+03 3.449278e+03 2.526716e+02 8.333421e+02 -1.679418e+03 1.655609e+03 -8.685886e+02 2.565043e+02 1.972451e+03 1.654586e+03 -1.061721e+02 -1.857405e+03 -5.082373e+02 3.399116e+03 -7.065030e+01
1.150055e+03 -3.602743e+03 2.162091e+03 1.441669e+02 6.018038e+02 -1.504373e+03 1.387636e+03 -2.173755e+02 -1.938521e+02 1.635000e+03 9.638472e+02 -2.405350e+02 -1.665433e+03 -2.673687e+02 3.398199e+03 -4.348605e+02
1.303265e+03 -3.058934e+03 2.113011e+03 4.956068e+02 6.976016e+02 -1.606071e+03 1.902438e+03 -3.941608e+02 -3.898337e+02 1.539017e+03 1.354122e+03 2.903178e+02 -1.506643e+03 -3.779919e+02 2.769699e+03 -2.158119e+02
1.107864e+03 -3.706461e+03 2.735396e+03 -3.158193e+02 1.989686e+02 -1.664217e+03 1.514242e+03 -4.852930e+02 4.769977e+02 1.636212e+03 1.195450e+03 -1.745077e+02 -1.823822e+03 -4.210815e+02 3.612287e+03 -3.799666e+02
1.079394e+03 -3.659845e+03 2.321822e+03 8.071893e+00 3.978256e+02 -1.565636e+03 1.345767e+03 -3.799811e+02 -8.376248e+01 1.597567e+03 1.093821e+03 -8.397545e+01 -1.816008e+03 -3.456789e+02 3.525892e+03 -2.714660e+02
1.050836e+03 -3.855152e+03 2.988237e+03 2.062208e+02 5.100874e+02 -1.459991e+03 1.470346e+03 -6.518983e+02 -2.055535e+01 1.817229e+03 1.765921e+03 1.137790e+01 -1.869537e+03 -4.479791e+02 3.504338e+03 -6.487082e+01
8.017165e+02 -5.926407e+03 4.777969e+03 -1.169085e+03 -1.063098e+03 -5.825350e+02 3.582580e+02 -1.539784e+02 2.750334e+03 2.353619e+03 1.517548e+03 -2.146668e+03 -3.308192e+03 -4.630237e+02 5.546818e+03 -8.353118e+02
1.034162e+03 -3.787546e+03 2.425123e+03 -1.635630e+01 4.543757e+02 -1.691501e+03 1.356808e+03 -2.115795e+02 1.996494e+02 1.705546e+03 8.214380e+02 -3.852361e+02 -1.875386e+03 -3.165551e+02 3.697709e+03 -5.126984e+02
1.199397e+03 -3.377510e+03 2.149007e+03 2.933357e+02 5.454406e+02 -1.490166e+03 1.455704e+03 -3.079283e+02 -8.067794e+01 1.595509e+03 8.999902e+02 -7.355526e+01 -1.491290e+03 -1.851468e+02 3.263608e+03 -5.197040e+02
1.337028e+03 -3.654884e+03 2.906502e+03 2.277876e+02 4.529728e+02 -1.456168e+03 1.577676e+03 -5.811449e+02 -2.758145e+01 1.792283e+03 1.643578e+03 -2.873520e+00 -1.694640e+03 -4.134982e+02 3.376438e+03 -6.628148e+01
1.041307e+03 -3.416166e+03 2.242721e+03 -4.643278e+01 3.919039e+02 -1.660393e+03 1.585528e+03 -5.976310e+01 1.015669e+02 1.611585e+03 1.066729e+03 -1.349280e+02 -1.706509e+03 -1.877149e+02 3.431351e+03 -3.875630e+02
9.903208e+02 -3.389451e+03 2.387621e+03 4.153747e+02 7.454263e+02 -1.678942e+03 1.703412e+03 -3.619742e+02 -5.192600e+02 1.686963e+03 1.724210e+03 3.631394e+02 -1.602419e+03 -4.225467e+02 2.887788e+03 1.363253e+02
1.293895e+03 -5.603843e+03 4.786530e+03 -1.084878e+03 -6.937793e+02 -7.136528e+02 9.325489e+02 -3.100383e+02 2.376367e+03 2.118781e+03 1.457558e+03 -1.745337e+03 -3.021151e+03 -6.368354e+02 5.137730e+03 -7.446794e+02
9.711813e+02 -6.262206e+03 5.061763e+03 -1.305549e+03 -1.129282e+03 -7.997579e+02 7.670511e+02 -4.411553e+02 2.834775e+03 2.344547e+03 1.753461e+03 -1.750792e+03 -3.429982e+03 -4.824649e+02 5.586153e+03 -4.999775e+02
1.044237e+03 -3.505466e+03 2.208917e+03 3.092943e+02 6.376872e+02 -1.430612e+03 1.395320e+03 -4.414823e+02 -3.154422e+02 1.656788e+03 1.187114e+03 -1.450679e+02 -1.732608e+03 -4.020014e+02 3.318304e+03 -2.612580e+02
8.044962e+02 -3.621953e+03 2.308349e+03 -8.163144e+01 5.526803e+02 -2.058257e+03 1.465254e+03 -3.685130e+02 8.552486e+01 1.534599e+03 8.730003e+02 -8.567551e+01 -1.777554e+03 -3.164036e+02 3.562439e+03 -3.679496e+02
6.987500e+02 -3.967768e+03 2.953968e+03 1.371423e+02 4.434308e+02 -1.608658e+03 1.483572e+03 -6.098391e+02 -3.590101e+01 1.783371e+03 1.696491e+03 2.526910e+01 -2.045207e+03 -5.697904e+02 3.563492e+03 8.318137e+01
1.077691e+03 -3.432082e+03 2.731583e+03 3.353791e+02 5.758249e+02 -1.595944e+03 1.722433e+03 -6.273884e+02 -2.536227e+02 1.647279e+03 1.694321e+03 2.378938e+02 -1.587489e+03 -4.197300e+02 3.114761e+03 -7.982768e+00
1.016111e+03 -3.598909e+03 2.415659e+03 -8.127750e+01 2.229737e+02 -1.459026e+03 1.372522e+03 -3.506906e+02 1.455914e+02 1.636290e+03 1.117055e+03 -2.005112e+02 -1.817120e+03 -2.888702e+02 3.555352e+03 -3.570701e+02
8.537744e+02 -3.685334e+03 2.830427e+03 1.713716e+02 5.407169e+02 -1.654029e+03 1.617129e+03 -6.840443e+02 -9.288974e+01 1.700126e+03 1.647914e+03 1.378748e+02 -1.725187e+03 -4.436167e+02 3.302127e+03 1.645309e+01
1.313080e+03 -3.861660e+03 3.365614e+03 -3.070243e+02 3.523427e+02 -1.637872e+03 1.472314e+03 -2.826652e+02 5.870278e+02 1.700530e+03 1.454015e+03 -2.967097e+02 -1.782635e+03 -5.926089e+02 3.788023e+03 -3.952766e+02
8.580047e+02 -3.734223e+03 2.700278e+03 3.085664e+02 7.886602e+02 -1.648874e+03 1.589160e+03 -6.315665e+02 -3.220965e+02 1.776607e+03 1.622195e+03 9.770403e+01 -1.856229e+03 -5.450140e+02 3.194981e+03 6.848334e+01
1.225296e+03 -3.265260e+03 2.245832e+03 2.568962e+02 4.740779e+02 -1.600394e+03 1.729065e+03 -4.541581e+02 -2.495022e+02 1.532603e+03 1.378378e+03 2.392118e+02 -1.566625e+03 -4.559204e+02 2.986981e+03 -1.618151e+02
1.181470e+03 -3.671112e+03 2.699944e+03 -1.262169e+02 4.358503e+02 -1.792386e+03 1.640702e+03 -4.514324e+02 1.427055e+02 1.606242e+03 1.357852e+03 -7.861086e+00 -1.677949e+03 -5.218741e+02 3.471506e+03 -2.668084e+02
8.617845e+02 -3.472734e+03 2.346736e+03 2.485432e+02 6.618787e+02 -1.634981e+03 1.763536e+03 -3.792008e+02 -3.557852e+02 1.723704e+03 1.384214e+03 1.113544e+02 -1.721296e+03 -3.283890e+02 3.039649e+03 -6.187234e+01
1.054533e+03 -3.638076e+03 2.624264e+03 8.036369e+01 4.114343e+02 -1.576183e+03 1.547414e+03 -4.674649e+02 -1.402624e+02 1.697609e+03 1.514031e+03 7.226577e+01 -1.801337e+03 -4.675161e+02 3.419546e+03 -9.340845e+01
1.018369e+03 -3.573027e+03 2.680894e+03 1.592662e+02 5.309120e+02 -1.527674e+03 1.572457e+03 -6.623831e+02 -1.752087e+02 1.699455e+03 1.473372e+03 1.298923e+01 -1.730585e+03 -4.296283e+02 3.301993e+03 -8.113370e+01
9.521172e+02 -3.586165e+03 2.806656e+03 6.051135e+02 9.896447e+02 -1.671983e+03 1.736976e+03 -7.530536e+02 -5.994516e+02 1.772164e+03 1.876750e+03 2.659691e+02 -1.669413e+03 -5.314821e+02 3.012930e+03 2.088058e+02
1.188989e+03 -3.844217e+03 3.212781e+03 -2.733794e+02 8.983984e+01 -1.349960e+03 1.362040e+03 -2.811262e+02 6.237172e+02 1.717212e+03 1.441904e+03 -5.140732e+02 -1.977223e+03 -5.919633e+02 3.845061e+03 -4.195999e+02
1.110693e+03 -3.451543e+03 2.322111e+03 7.844769e+01 5.715966e+02 -1.614984e+03 1.551713e+03 -2.085341e+02 -1.219929e+02 1.685324e+03 1.033506e+03 -1.631726e+02 -1.654741e+03 -3.205924e+02 3.324857e+03 -3.557679e+02
7.772793e+02 -3.787713e+03 2.689626e+03 -1.001922e+02 4.851708e+02 -1.728275e+03 1.449760e+03 -5.280152e+02 4.220322e+01 1.680389e+03 1.375754e+03 -6.476304e+01 -1.915828e+03 -4.990041e+02 3.524867e+03 -1.722369e+02
1.296849e+03 -3.564645e+03 2.484517e+03 1.244069e+02 4.089501e+02 -1.421913e+03 1.609269e+03 -5.312463e+02 -1.706061e+02 1.642231e+03 1.399401e+03 -7.921228e+01 -1.727574e+03 -5.267991e+02 3.325619e+03 -1.041228e+02
9.728390e+02 -3.394170e+03 2.369540e+03 3.547075e+02 5.070059e+02 -1.404224e+03 1.599938e+03 -5.247768e+02 -4.123067e+02 1.688340e+03 1.561851e+03 1.554243e+02 -1.649455e+03 -3.772810e+02 3.056942e+03 4.195794e+01
1.111953e+03 -3.758649e+03 2.311305e+03 -4.301971e+01 5.349954e+02 -1.716217e+03 1.445734e+03 -2.675047e+02 -5.032004e+01 1.631927e+03 8.845535e+02 -2.351296e+02 -1.764815e+03 -3.330238e+02 3.583974e+03 -4.627621e+02
1.209098e+03 -3.608270e+03 2.933843e+03 3.548105e+02 5.388254e+02 -1.485882e+03 1.570450e+03 -6.478465e+02 -1.900648e+02 1.698334e+03 1.825078e+03 1.833316e+02 -1.640511e+03 -4.177650e+02 3.278532e+03 -4.048597e+01
9.733119e+02 -3.771364e+03 2.868199e+03 3.659580e+02 7.476169e+02 -1.585764e+03 1.627099e+03 -7.853041e+02 -3.028001e+02 1.809885e+03 1.631165e+03 4.549609e+01 -1.835025e+03 -5.335880e+02 3.340982e+03 2.191722e+01
1.199302e+03 -3.658186e+03 2.563303e+03 -3.905787e+01 5.726795e+02 -1.816686e+03 1.580827e+03 -2.413588e+02 4.510776e+01 1.688118e+03 1.274213e+03 5.280173e+01 -1.695104e+03 -4.305839e+02 3.367479e+03 -2.290578e+02
9.518193e+02 -3.985002e+03 2.691519e+03 -2.581461e+02 2.929804e+02 -1.726116e+03 1.378781e+03 -5.710517e+02 3.979831e+02 1.728198e+03 1.046438e+03 -3.602760e+02 -2.009938e+03 -5.111242e+02 3.789668e+03 -4.132480e+02
1.210810e+03 -3.673950e+03 2.913745e+03 5.043892e+02 7.781467e+02 -1.531869e+03 1.683731e+03 -8.089335e+02 -3.565738e+02 1.811008e+03 1.619595e+03 6.980852e+01 -1.728610e+03 -4.489383e+02 3.202384e+03 4.835840e+01
8.815655e+02 -3.611001e+03 2.202359e+03 3.051569e+01 5.892918e+02 -1.921519e+03 1.498980e+03 -2.580041e+02 -3.547985e+01 1.496478e+03 9.303282e+02 -1.008227e+01 -1.704557e+03 -2.720330e+02 3.388394e+03 -3.904274e+02
1.197680e+03 -3.470183e+03 3.038983e+03 6.114378e+02 9.647054e+02 -1.721998e+03 1.739236e+03 -7.737812e+02 -3.633459e+02 1.767043e+03 1.802860e+03 3.055354e+02 -1.508749e+03 -4.246799e+02 2.973709e+03 5.347655e+01
1.075244e+03 -3.920773e+03 3.058098e+03 1.929380e+02 5.928679e+02 -1.588458e+03 1.760987e+03 -7.380713e+02 -9.552836e+00 1.821702e+03 1.622586e+03 -1.229450e+02 -1.941313e+03 -6.305551e+02 3.457674e+03 -1.706482e+01
1.258511e+03 -4.164893e+03 3.554952e+03 -1.699324e+02 4.073973e+02 -1.482397e+03 1.584035e+03 -1.959189e+02 6.068808e+02 1.933231e+03 1.509409e+03 -5.194047e+02 -2.049492e+03 -5.352426e+02 3.862775e+03 -3.510682e+02
1.249975e+03 -3.910635e+03 2.729495e+03 -1.810562e+02 2.203738e+02 -1.448933e+03 1.330634e+03 -2.264739e+02 5.810870e+02 1.691957e+03 1.030748e+03 -4.607023e+02 -1.877674e+03 -3.478353e+02 3.814066e+03 -7.081861e+02
1.018925e+03 -3.609668e+03 2.457576e+03 -4.197517e+00 4.107740e+02 -1.648385e+03 1.461228e+03 -3.216231e+02 6.638142e+00 1.636307e+03 1.110521e+03 -4.369118e+01 -1.781278e+03 -4.371911e+02 3.528758e+03 -2.965897e+02
7.634495e+02 -3.933891e+03 2.352284e+03 -9.545400e+01 5.275413e+02 -1.950744e+03 1.411411e+03 -3.601337e+02 1.809691e+01 1.481637e+03 8.583325e+02 -1.744735e+02 -1.902346e+03 -3.827424e+02 3.688134e+03 -2.888567e+02
1.069916e+03 -3.869061e+03 2.951224e+03 6.185202e+01 3.702913e+02 -1.410619e+03 1.360378e+03 -5.935215e+02 7.915015e+01 1.770501e+03 1.458017e+03 -2.153117e+02 -1.878424e+03 -4.861334e+02 3.765336e+03 -1.840232e+02
1.051803e+03 -3.581648e+03 2.679293e+03 -2.430426e+01 5.074436e+02 -1.702532e+03 1.653837e+03 -4.439658e+02 2.131416e+01 1.710824e+03 1.448629e+03 -8.564385e+00 -1.717769e+03 -4.930353e+02 3.339536e+03 -2.004198e+02
8.682717e+02 -3.917699e+03 2.736078e+03 -2.660061e+02 1.461798e+02 -1.659069e+03 1.335166e+03 -4.957641e+02 4.687010e+02 1.648705e+03 1.080637e+03 -2.689541e+02 -1.959533e+03 -4.200993e+02 3.822500e+03 -3.581877e+02
7.027618e+02 -3.966231e+03 2.319814e+03 -7.990538e+01 4.422495e+02 -1.779259e+03 1.320655e+03 -4.401348e+02 -2.462315e+01 1.483439e+03 8.780219e+02 -2.585115e+02 -1.991751e+03 -4.400711e+02 3.712721e+03 -2.856306e+02
1.133506e+03 -3.645980e+03 2.842889e+03 1.511997e+02 4.726790e+02 -1.630501e+03 1.683337e+03 -5.165749e+02 5.036085e+01 1.750088e+03 1.667715e+03 1.487725e+02 -1.678053e+03 -4.173810e+02 3.273147e+03 -9.191602e+01
9.323677e+02 -3.587999e+03 2.463171e+03 -1.756413e+02 3.707920e+02 -1.653296e+03 1.376360e+03 -4.217466e+02 1.100917e+02 1.472819e+03 1.031401e+03 -1.037742e+02 -1.704631e+03 -4.605471e+02 3.482366e+03 -3.079602e+02
1.350223e+03 -3.519574e+03 2.964190e+03 8.565091e+02 9.882297e+02 -1.646544e+03 1.829846e+03 -7.827828e+02 -6.385062e+02 1.813770e+03 2.014216e+03 2.461389e+02 -1.726067e+03 -4.442817e+02 2.935801e+03 2.881236e+02
8.790433e+02 -4.172372e+03 3.255833e+03 -4.246673e+02 -1.057959e+02 -1.437360e+03 1.234816e+03 -4.977199e+02 7.747562e+02 1.677646e+03 1.505171e+03 -2.955706e+02 -2.163122e+03 -5.133108e+02 4.047604e+03 -2.177724e+02
1.423713e+03 -4.214072e+03 3.491545e+03 -3.380409e+02 3.641364e+02 -1.296361e+03 1.250759e+03 -2.549153e+02 7.453994e+02 1.761521e+03 1.156024e+03 -9.333666e+02 -2.029142e+03 -6.253137e+02 4.114094e+03 -7.219490e+02
9.155158e+02 -4.020346e+03 2.328285e+03 -6.864864e+01 4.967549e+02 -1.851482e+03 1.302702e+03 -2.551688e+02 8.636777e+01 1.578164e+03 7.105476e+02 -2.843331e+02 -1.893315e+03 -3.455639e+02 3.761476e+03 -4.997480e+02
1.004038e+03 -4.188108e+03 3.251392e+03 -4.832849e+02 1.084573e+02 -1.372023e+03 1.083382e+03 -2.657810e+02 8.207260e+02 1.699204e+03 1.090439e+03 -7.520867e+02 -2.090015e+03 -5.329451e+02 4.203363e+03 -6.110879e+02
7.406333e+02 -4.325884e+03 3.346408e+03 -5.401427e+02 1.305139e+02 -1.518712e+03 1.331708e+03 -6.733823e+02 7.811326e+02 1.677558e+03 1.313282e+03 -5.457987e+02 -2.102594e+03 -6.214907e+02 4.138530e+03 -2.313499e+02
1.007457e+03 -3.706008e+03 2.607748e+03 1.639828e+00 3.135888e+02 -1.402083e+03 1.350259e+03 -3.810898e+02 3.713336e+00 1.622831e+03 1.341717e+03 -2.107854e+02 -1.941303e+03 -5.095079e+02 3.654851e+03 -2.581035e+02
1.051641e+03 -3.687489e+03 2.721551e+03 -2.779534e+02 2.510245e+02 -1.450931e+03 1.517891e+03 -1.045347e+02 3.658509e+02 1.650518e+03 1.331472e+03 -4.530611e+02 -1.930740e+03 -5.001344e+02 3.655150e+03 -3.549057e+02
9.747492e+02 -3.847423e+03 2.853993e+03 1.804193e+01 4.602087e+02 -1.687248e+03 1.492372e+03 -5.788809e+02 -5.821525e+01 1.694068e+03 1.474389e+03 1.291971e-01 -1.920972e+03 -6.000225e+02 3.686569e+03 -5.770065e+01
