7.137129e+03 -3.765416e+03
6.532645e+03 -4.059535e+03
6.307135e+03 -4.080933e+03
6.844110e+03 -3.971220e+03
6.985880e+03 -3.810413e+03
7.890896e+03 -3.580287e+03
6.929366e+03 -3.356910e+03
6.764742e+03 -3.760785e+03
7.017315e+03 -3.607111e+03
6.341088e+03 -3.684509e+03
8.495890e+03 -2.900433e+03
8.167664e+03 -2.600488e+03
7.726798e+03 -1.918145e+03
7.465553e+03 -1.472385e+03
8.674893e+03 -2.667183e+03
8.133808e+03 -2.739737e+03
8.652381e+03 -3.226663e+03
8.318091e+03 -4.023494e+03
8.216212e+03 -2.611579e+03
8.057350e+03 -3.199449e+03
8.295100e+03 -3.060049e+03
7.550599e+03 -2.124771e+03
8.410104e+03 -3.425777e+03
8.255713e+03 -2.693284e+02
8.139273e+03 -3.483162e+03
8.030173e+03 -6.923925e+02
8.392122e+03 -6.201127e+02
8.437524e+03 -3.096254e+03
8.330508e+03 -3.917496e+03
7.550656e+03 -2.843209e+03
8.430298e+03 -3.298182e+03
8.345694e+03 -2.840552e+03
8.490090e+03 -2.742470e+03
8.596541e+03 -1.669473e+03
8.259337e+03 -3.280598e+03
8.408702e+03 -3.479761e+03
7.888891e+03 -3.606939e+03
7.831505e+03 -2.921055e+03
7.935972e+03 -3.195225e+03
7.971574e+03 -3.656310e+03
8.318552e+03 -3.057140e+03
8.633636e+03 -2.959066e+03
8.181416e+03 -3.969388e+03
8.274234e+03 -3.171442e+03
8.406143e+03 -3.328302e+03
9.013780e+03 -3.729994e+03
8.242412e+03 -2.270307e+03
8.627182e+03 -3.621843e+03
7.678792e+03 -3.646582e+03
8.603253e+03 -3.067811e+03
9.008812e+03 -1.396262e+03
8.031618e+03 -3.620520e+03
8.613297e+03 -3.552248e+03
9.173055e+03 -2.777701e+03
8.033410e+03 -7.609012e+02
8.349904e+03 -2.546024e+03
8.005783e+03 -2.145444e+03
7.946202e+03 -4.361947e+03
8.253585e+03 -3.703142e+03
7.852260e+03 -3.821319e+03
8.050232e+03 -4.162066e+03
8.421767e+03 -3.030097e+03
8.407953e+03 -2.436474e+03
7.978383e+03 -3.720162e+03
8.128364e+03 -3.463933e+03
8.312708e+03 -2.969531e+03
8.785978e+03 -3.676195e+03
9.080149e+03 -1.779613e+03
8.246457e+03 -3.492528e+03
8.098767e+03 -2.919258e+03
8.064302e+03 -2.897328e+03
8.097461e+03 -3.303767e+03
8.148606e+03 -3.304394e+03
7.905020e+03 -3.477407e+03
8.756061e+03 -2.506179e+03
8.278471e+03 -2.977895e+03
7.910627e+03 -3.601697e+03
7.957674e+03 -3.636825e+03
8.491783e+03 -3.658246e+03
8.608661e+03 -2.853993e+03
8.391109e+03 -3.024954e+03
8.627182e+03 -3.621843e+03
8.278471e+03 -2.977895e+03
8.312989e+03 -2.403586e+03
8.582358e+03 -3.590760e+03
8.609176e+03 -3.098606e+03
8.327396e+03 -3.536620e+03
8.321026e+03 -3.353359e+03
8.062221e+03 -3.534191e+03
8.232589e+03 -2.917186e+03
8.263073e+03 -3.335716e+03
7.879672e+03 -3.913721e+03
8.227768e+03 -2.915661e+03
7.981816e+03 -2.683712e+03
8.226646e+03 -2.966916e+03
8.054727e+03 -2.621587e+03
8.349410e+03 -3.086375e+03
8.557515e+03 -1.307295e+03
8.735868e+03 -2.410823e+03
8.043149e+03 -3.869069e+03
8.820718e+03 -2.859944e+03
8.433058e+03 -3.084516e+03
7.780796e+03 -3.356739e+03
9.169008e+03 -3.559409e+03
8.496849e+03 -3.203500e+03
8.263127e+03 -2.643375e+03
8.509687e+03 -3.792969e+03
8.655433e+03 -4.012282e+03
8.147806e+03 -3.818934e+03
8.101685e+03 -2.353058e+03
8.417497e+03 -3.032156e+03
7.808570e+03 -3.995052e+03
8.253666e+03 -2.014593e+03
8.230806e+03 -3.403541e+03
8.167487e+03 -2.212879e+03
7.915410e+03 -3.501513e+03
8.437725e+03 -4.298523e+03
8.830087e+03 -2.996144e+03
7.857534e+03 -3.145856e+03
8.134249e+03 -3.358014e+03
8.636872e+03 -2.378891e+03
8.213721e+03 -3.657483e+03
8.970026e+03 -2.269880e+03
8.399257e+03 -3.699855e+03
8.594868e+03 -3.174903e+03
8.193545e+03 -3.965090e+03
8.193642e+03 -3.567892e+03
7.649529e+03 -1.435850e+03
7.974957e+03 -4.264134e+03
8.258363e+03 -3.375849e+03
7.857681e+03 -2.897609e+03
8.192100e+03 -3.012143e+03
7.986012e+03 -3.803301e+03
7.439232e+03 -1.605601e+03
7.877388e+03 -4.029672e+03
8.158671e+03 -3.433174e+03
8.048547e+03 -3.308439e+03
8.069777e+03 -3.518939e+03
7.585482e+03 -4.017248e+03
8.527804e+03 -3.856124e+03
8.214264e+03 -2.461389e+03
7.706252e+03 -2.935648e+03
7.814046e+03 -3.188796e+03
8.265615e+03 -3.617535e+03
7.873120e+03 -1.909203e+03
9.135728e+03 -1.208438e+03
8.453381e+03 -2.357567e+03
8.434951e+03 -1.701857e+03
8.225169e+03 -4.450302e+03
7.359421e+03 -1.174059e+03
7.857415e+03 -3.644111e+03
8.268623e+03 -3.551173e+03
7.703098e+03 -4.253807e+03
7.994286e+03 -3.507504e+03
8.195315e+03 -4.043454e+03
9.045245e+03 -3.455406e+03
8.088612e+03 -3.954229e+03
7.871873e+03 -3.581142e+03
8.249707e+03 -2.046698e+03
8.423889e+03 -3.023108e+03
8.517038e+03 -2.223664e+03
7.395050e+03 -1.439526e+03
7.937719e+03 -1.391453e+03
7.987468e+03 -3.482809e+03
7.588411e+03 -3.361335e+03
8.730086e+03 -2.534326e+03
8.526864e+03 -2.501545e+03
8.197190e+03 -3.979435e+03
8.469368e+03 -3.019734e+03
1.006755e+04 9.583390e+02
8.271498e+03 -2.501605e+03
8.330495e+03 -2.271361e+03
8.472130e+03 -2.481025e+03
8.224861e+03 -3.261718e+03
8.221824e+03 -3.362266e+03
8.194417e+03 -2.275206e+03
8.071537e+03 -3.566994e+03
9.135186e+03 -3.458065e+03
8.320009e+03 -2.886956e+03
8.467684e+03 -3.224004e+03
8.849388e+03 -3.568357e+03
8.246357e+03 -3.070647e+03
7.956071e+03 -3.599584e+03
8.410764e+03 -3.547650e+03
7.882167e+03 -3.930281e+03
7.837823e+03 -4.078060e+03
8.250185e+03 -2.631003e+03
7.990864e+03 -3.067882e+03
8.562991e+03 -4.344212e+03
8.240804e+03 -3.247984e+03
8.676539e+03 -3.985407e+03
7.879559e+03 -2.800402e+03
8.444321e+03 -3.038379e+03
8.430080e+03 -3.831200e+03
7.581630e+03 -1.416750e+03
8.245087e+03 -2.934648e+03
8.418827e+03 -2.685709e+03
7.913479e+03 -4.241847e+03
8.175365e+03 -3.844380e+03
7.826777e+03 -3.706137e+03
8.455120e+03 -3.152924e+03
7.904751e+03 -2.048409e+03
8.794994e+03 -3.058278e+03
8.146211e+03 -1.847015e+03
8.399648e+03 -3.249016e+03
8.049321e+03 -3.660417e+03
8.185138e+03 -3.769908e+03
8.444017e+03 -1.218440e+03
8.567911e+03 -4.054634e+03
8.292483e+03 -3.144577e+03
7.713021e+03 -2.520738e+03
7.287683e+03 -2.917633e+03
7.217692e+03 -1.269095e+03
7.430290e+03 -2.718341e+03
8.384650e+03 -4.591686e+02
8.544725e+03 -3.144858e+03
8.494362e+03 -2.584788e+03
6.900374e+03 -2.664764e+03
7.498943e+03 -2.604334e+03
7.095741e+03 -2.288613e+03
7.310603e+03 -2.451905e+03
7.240865e+03 -2.662663e+03
7.952818e+03 -2.324085e+03
7.422754e+03 -3.126178e+03
7.996111e+03 -2.827631e+03
7.094252e+03 -2.536251e+03
6.966893e+03 -2.511832e+03
6.683590e+03 -2.774390e+03
7.342141e+03 -1.833642e+03
7.237558e+03 -3.295431e+03
7.702132e+03 -2.557148e+03
7.352827e+03 -1.948883e+03
7.605255e+03 -3.266307e+03
7.009174e+03 -2.903306e+03
7.396148e+03 -2.710523e+03
7.530154e+03 -1.873937e+03
6.753785e+03 -3.200028e+03
7.438139e+03 -3.368892e+03
8.195271e+03 -2.459167e+03
7.309748e+03 -2.681554e+03
7.316584e+03 -1.659368e+03
7.232347e+03 -3.458114e+03
7.403934e+03 -4.123584e+02
7.158123e+03 -2.601409e+03
7.045939e+03 -2.858576e+03
6.923129e+03 -2.646900e+03
7.397219e+03 -2.012913e+03
8.556210e+03 -2.457662e+03
7.460929e+03 -1.194995e+03
6.981804e+03 -1.406552e+03
8.055366e+03 -1.944807e+03
7.716967e+03 -2.355665e+03
6.756600e+03 -3.238352e+03
7.619337e+03 -2.888887e+03
6.873806e+03 -2.451099e+03
7.167155e+03 -3.074271e+03
8.528506e+03 -1.987137e+03
7.435856e+03 -2.619364e+03
7.024152e+03 -2.372892e+03
7.594306e+03 -1.197197e+03
7.035292e+03 -3.496288e+03
7.249354e+03 -1.682920e+03
7.365863e+03 -9.950329e+02
7.629027e+03 -3.026209e+03
7.153972e+03 -2.971119e+03
8.224445e+03 -2.806657e+03
9.835968e+03 2.740100e+03
7.585487e+03 -3.693961e+03
6.887566e+03 -2.067956e+03
7.412500e+03 -3.288827e+03
6.897845e+03 -2.494635e+03
7.974985e+03 -3.279725e+03
7.119073e+03 -2.449402e+03
8.020482e+03 -2.519860e+03
7.247757e+03 -1.577180e+03
7.425531e+03 -2.668521e+03
7.389280e+03 -4.303829e+03
7.172955e+03 -2.273274e+03
6.818473e+03 -2.120593e+03
7.376575e+03 -2.103842e+03
7.832655e+03 -3.632442e+02
6.802132e+03 -2.457512e+03
7.557404e+03 -1.175409e+03
7.613789e+03 -2.971072e+03
6.937651e+03 -1.975398e+03
7.558996e+03 -3.371351e+03
7.473129e+03 -1.399019e+03
7.331399e+03 -2.458482e+03
7.361185e+03 -3.130879e+03
6.710726e+03 -1.978150e+03
7.390326e+03 -2.209680e+03
6.810055e+03 -2.890355e+03
7.417756e+03 -3.422770e+03
6.919256e+03 -3.142805e+03
9.591123e+03 -3.342794e+03
7.352866e+03 -8.975329e+02
7.088400e+03 -1.938271e+03
6.710389e+03 -2.457390e+03
7.513656e+03 -2.948205e+03
7.647944e+03 -2.754072e+03
6.581304e+03 -2.971030e+03
7.157980e+03 -3.333945e+03
7.621131e+03 -2.781054e+03
6.719588e+03 -2.352555e+03
7.111125e+03 -2.937483e+03
7.540626e+03 -2.350781e+03
7.312115e+03 -1.870135e+03
7.565230e+03 -2.063496e+03
7.429826e+03 -3.063855e+03
6.875808e+03 -2.455890e+03
7.340583e+03 -2.178124e+03
7.340683e+03 -3.130340e+03
7.252203e+03 -2.891223e+03
7.687854e+03 -2.393151e+03
7.119860e+03 -2.933490e+03
7.039395e+03 -2.411641e+03
6.627501e+03 -3.156399e+03
9.656304e+03 3.605354e+03
7.078748e+03 -3.195285e+03
7.225605e+03 -2.448887e+03
7.155651e+03 -3.775963e+03
7.360156e+03 -2.798058e+03
7.055697e+03 -2.737712e+03
7.076366e+03 -2.375077e+03
7.112137e+03 -2.511190e+03
8.308116e+03 -2.407714e+03
7.141907e+03 -2.091119e+03
8.123100e+03 -2.780352e+03
7.278750e+03 -1.868664e+03
7.626199e+03 -1.839081e+03
6.899330e+03 -2.544645e+03
7.090991e+03 -1.582453e+03
8.099653e+03 -2.658734e+03
6.717493e+03 -2.674056e+03
6.858306e+03 -1.835492e+03
7.172644e+03 -2.170053e+03
7.170788e+03 -2.455238e+03
6.859323e+03 -2.586447e+03
7.286704e+03 -1.099752e+03
7.627824e+03 -2.724657e+03
7.214656e+03 -2.173882e+03
7.827039e+03 -2.222039e+03
7.522122e+03 -2.537082e+03
7.219317e+03 -3.277238e+03
7.253224e+03 -2.537447e+03
7.438447e+03 -3.118911e+03
7.695972e+03 -9.067059e+02
7.154129e+03 -2.633964e+03
6.786176e+03 -1.908891e+03
8.141351e+03 -2.701151e+03
7.101465e+03 -2.214541e+03
6.857691e+03 -4.052449e+03
6.496239e+03 -2.387641e+03
7.157256e+03 -2.495945e+03
7.759074e+03 -2.636719e+03
1.002118e+04 2.333728e+03
7.094081e+03 -2.333817e+03
7.006035e+03 -2.385791e+03
7.523158e+03 -2.287549e+03
6.705352e+03 -2.582782e+03
7.177571e+03 -3.458061e+03
8.883728e+03 1.262840e+03
9.347123e+03 2.033752e+03
7.582821e+03 -2.690506e+03
6.665994e+03 -3.186309e+03
7.816335e+03 -2.752591e+03
7.466036e+03 -3.363291e+03
6.848643e+03 -2.144472e+03
7.195835e+03 -3.045291e+03
7.268338e+03 -2.452834e+03
7.675903e+03 -3.353429e+03
6.738829e+03 -3.367253e+03
6.697178e+03 -2.809123e+03
6.862230e+03 -3.524021e+03
7.212163e+03 -2.629287e+03
7.418954e+03 -2.814668e+03
7.967637e+03 -3.491164e+03
7.278396e+03 -1.820878e+03
6.897860e+03 -2.685463e+03
7.026807e+03 -2.741932e+03
7.256990e+03 -3.031947e+03
7.398086e+03 -3.106016e+03
6.899196e+03 -2.603707e+03
7.948136e+03 -2.796787e+03
7.782997e+03 -3.166617e+03
6.931464e+03 -2.675618e+03
6.849012e+03 -2.291833e+03
7.648987e+03 -2.860865e+03
6.760194e+03 -3.120369e+03
7.784608e+03 -3.216348e+03
8.108380e+03 -3.125266e+03
8.110076e+03 -2.105888e+03
6.760326e+03 -1.571241e+03
7.068444e+03 -2.790934e+03
7.109110e+03 -2.965159e+03
7.464515e+03 -2.218681e+03
6.765974e+03 -2.892309e+03
6.793330e+03 -2.125047e+03
7.196821e+03 -2.736078e+03
7.018532e+03 -2.750179e+03
6.486003e+03 -2.568294e+03
8.538389e+03 -2.914138e+03
7.435981e+03 -1.634228e+03
7.579258e+03 -1.291391e+03
7.211684e+03 -2.436751e+03
7.506435e+03 -1.265577e+03
7.581194e+03 -2.081893e+03
7.534257e+03 -2.402770e+03
7.064349e+03 -2.533971e+03
7.621131e+03 -2.781054e+03
