1.333893e+03 -2.961836e+02 4.321583e+02 1.720033e+03 1.690045e+03 5.494316e+02 -2.074655e+03 -4.569760e+02 2.412293e+03 1.659924e+03 -1.695061e+03 3.715831e+03 3.283602e+01 8.850759e+02 2.354915e+03 3.061664e+03
1.382738e+03 -3.280334e+02 6.023157e+02 1.528778e+03 1.540422e+03 4.438340e+02 -2.181574e+03 -4.244013e+02 2.459677e+03 1.884165e+03 -1.738656e+03 3.945767e+03 1.785079e+02 9.872873e+02 1.950779e+03 2.949023e+03
1.395718e+03 -3.836917e+02 6.331109e+02 1.747449e+03 1.336418e+03 4.439568e+02 -2.099338e+03 -3.291133e+02 2.318769e+03 1.523061e+03 -1.582899e+03 3.843818e+03 2.167103e+02 9.592420e+02 2.102206e+03 2.803836e+03
1.324668e+03 -3.236571e+02 6.538354e+02 1.780596e+03 1.368369e+03 5.972117e+02 -2.055414e+03 -3.937193e+02 2.526830e+03 1.540890e+03 -1.839887e+03 3.836672e+03 8.220845e+01 1.141672e+03 2.217385e+03 3.027011e+03
1.371277e+03 -3.332461e+02 8.168016e+02 1.490448e+03 1.560452e+03 6.104767e+02 -2.050345e+03 -4.011454e+02 2.429687e+03 1.688673e+03 -1.898119e+03 3.863519e+03 1.150047e+01 9.608081e+02 2.050012e+03 3.110957e+03
1.418997e+03 -6.729501e+02 9.882782e+02 1.883525e+03 1.667031e+03 6.416265e+02 -2.313708e+03 -2.545817e+02 2.575235e+03 2.078580e+03 -2.233454e+03 3.792811e+03 3.813182e+02 9.729919e+02 1.737626e+03 3.059421e+03
1.350135e+03 -5.980405e+02 3.386316e+02 1.697965e+03 1.826384e+03 6.039908e+02 -2.061335e+03 -4.362935e+02 2.317859e+03 1.786909e+03 -1.778577e+03 3.780958e+03 6.090967e+01 9.382380e+02 2.336069e+03 3.215229e+03
1.352537e+03 -3.183351e+02 7.927492e+02 1.663984e+03 1.558328e+03 6.199110e+02 -2.095394e+03 -3.995202e+02 2.422872e+03 1.636061e+03 -1.622804e+03 3.770725e+03 -2.229632e+01 8.126724e+02 2.144970e+03 3.115674e+03
1.391314e+03 -6.421144e+02 2.710840e+02 1.656011e+03 1.870656e+03 4.728183e+02 -2.185276e+03 -5.142493e+02 2.348241e+03 1.944572e+03 -1.758675e+03 3.954446e+03 7.985353e+01 8.907240e+02 2.362736e+03 3.202316e+03
1.357582e+03 -6.017199e+02 3.368997e+02 1.585143e+03 1.636527e+03 5.549474e+02 -2.024350e+03 -3.758981e+02 2.256043e+03 1.789746e+03 -1.728336e+03 3.848855e+03 2.346018e+02 1.064947e+03 2.288592e+03 3.075104e+03
2.123623e+03 -1.490843e+03 1.178276e+01 2.162003e+03 1.918929e+03 2.008246e+03 -2.157042e+03 1.591316e+02 2.072504e+03 2.303931e+03 -3.141533e+03 3.441793e+03 1.690275e+03 1.333449e+03 2.990617e+03 3.398555e+03
1.984327e+03 -1.608801e+03 -1.533474e+02 2.053691e+03 1.783095e+03 1.855557e+03 -2.095269e+03 -2.063360e+01 2.171608e+03 2.469264e+03 -3.128885e+03 3.422355e+03 1.381634e+03 1.300723e+03 2.532605e+03 3.432640e+03
2.313339e+03 -2.103150e+03 -3.618613e+02 3.027793e+03 1.600613e+03 1.727185e+03 -2.444781e+03 1.477834e+02 2.231062e+03 2.680940e+03 -2.986695e+03 3.445432e+03 1.858413e+03 1.604187e+03 2.737426e+03 3.694264e+03
2.411325e+03 -2.409066e+03 -5.508355e+02 3.102443e+03 1.706712e+03 1.873862e+03 -2.520311e+03 6.051615e+01 2.243687e+03 2.921284e+03 -3.156556e+03 3.652462e+03 2.026187e+03 1.616959e+03 2.761974e+03 3.944449e+03
1.694161e+03 -1.198557e+03 -1.337824e+01 1.963486e+03 1.991216e+03 1.909268e+03 -1.993421e+03 7.265875e+01 2.109828e+03 2.245140e+03 -3.069529e+03 3.366559e+03 1.191828e+03 1.163162e+03 2.836454e+03 3.459160e+03
1.740548e+03 -1.170398e+03 5.197603e+01 2.417377e+03 1.835456e+03 1.306974e+03 -2.231531e+03 9.210057e+01 2.183231e+03 2.082243e+03 -2.548259e+03 3.470941e+03 9.151220e+02 1.258882e+03 2.800929e+03 3.096537e+03
1.848576e+03 -1.362173e+03 -1.387323e+01 2.113289e+03 2.177690e+03 1.821051e+03 -2.247589e+03 1.134193e+02 2.130768e+03 2.404563e+03 -3.110166e+03 3.642819e+03 1.263685e+03 1.202873e+03 2.929187e+03 3.470255e+03
1.781608e+03 -1.148549e+03 2.341860e+02 2.143805e+03 1.928479e+03 1.405518e+03 -2.207263e+03 -2.323167e+01 2.426974e+03 2.335087e+03 -2.965173e+03 3.727659e+03 1.077327e+03 1.235618e+03 2.849046e+03 3.143458e+03
1.589394e+03 -1.249644e+03 -3.576542e+01 1.975847e+03 1.900808e+03 1.506037e+03 -2.044391e+03 -7.401276e+01 2.125820e+03 2.212890e+03 -2.794784e+03 3.268007e+03 1.032275e+03 1.077044e+03 2.505534e+03 3.229545e+03
1.677514e+03 -1.215802e+03 8.795075e+00 2.307690e+03 1.957044e+03 1.408646e+03 -2.154813e+03 2.307573e+02 2.160357e+03 2.068395e+03 -2.696897e+03 3.532549e+03 1.142942e+03 1.281196e+03 2.992436e+03 3.088981e+03
2.020635e+03 -1.562983e+03 5.132244e+01 2.041048e+03 1.754075e+03 1.692066e+03 -2.178456e+03 -2.175062e+01 2.147131e+03 2.475619e+03 -3.220261e+03 3.486368e+03 1.388387e+03 1.434353e+03 2.600441e+03 3.354985e+03
2.031026e+03 -1.947419e+03 -3.186565e+02 2.595868e+03 1.555299e+03 1.629594e+03 -2.351554e+03 6.737599e+01 2.340265e+03 2.580814e+03 -3.074331e+03 3.506505e+03 1.825170e+03 1.541505e+03 2.767781e+03 3.610746e+03
1.617361e+03 -1.107203e+03 1.962418e+01 2.150011e+03 1.989376e+03 1.571088e+03 -2.086358e+03 5.330371e+01 2.404400e+03 2.211443e+03 -2.945886e+03 3.450221e+03 1.072137e+03 1.135573e+03 2.824003e+03 3.344804e+03
2.451588e+03 -2.526976e+03 -5.495357e+02 2.803551e+03 1.760652e+03 2.105967e+03 -2.407276e+03 1.700882e+02 1.997618e+03 2.974145e+03 -3.384314e+03 3.310677e+03 2.357665e+03 1.559564e+03 2.654248e+03 4.185048e+03
1.819243e+03 -1.341963e+03 2.631618e+02 2.007242e+03 1.831243e+03 1.197413e+03 -2.190596e+03 -1.809989e+02 2.316498e+03 2.398414e+03 -2.925470e+03 3.582364e+03 9.368656e+02 1.199667e+03 2.299934e+03 3.072823e+03
2.594096e+03 -2.485162e+03 -5.753221e+02 3.063033e+03 1.737836e+03 1.979007e+03 -2.614619e+03 2.161348e+02 1.905576e+03 2.868152e+03 -3.173268e+03 3.409887e+03 2.231498e+03 1.887238e+03 2.901525e+03 3.967229e+03
2.472226e+03 -2.374179e+03 -6.189179e+02 2.764331e+03 1.814073e+03 2.137113e+03 -2.271877e+03 1.677970e+02 2.074883e+03 2.985344e+03 -3.462653e+03 3.330196e+03 2.226097e+03 1.499835e+03 2.708568e+03 3.995352e+03
1.850021e+03 -1.328743e+03 -1.142816e+00 2.035294e+03 2.079888e+03 1.771373e+03 -2.283182e+03 3.826330e+01 2.128010e+03 2.316318e+03 -3.045328e+03 3.519853e+03 1.179403e+03 1.204071e+03 2.841032e+03 3.427238e+03
1.809112e+03 -1.087247e+03 1.529480e+02 2.147288e+03 2.078334e+03 1.504803e+03 -2.374922e+03 7.367006e+01 2.334647e+03 2.168112e+03 -2.782251e+03 3.608260e+03 1.078039e+03 1.189921e+03 3.125377e+03 3.107526e+03
2.090660e+03 -1.875931e+03 -1.186782e+02 2.739693e+03 1.584058e+03 1.409805e+03 -2.510874e+03 -3.026733e+01 2.354786e+03 2.662826e+03 -3.006288e+03 3.801056e+03 1.474861e+03 1.576655e+03 2.754770e+03 3.450274e+03
2.103163e+03 -1.803281e+03 3.853452e+02 2.278586e+03 2.059301e+03 1.026002e+03 -2.738989e+03 -1.543517e+02 2.194782e+03 2.886819e+03 -3.190232e+03 4.001374e+03 1.384518e+03 1.269154e+03 1.968507e+03 3.510217e+03
1.934594e+03 -1.486767e+03 3.561288e-01 2.050508e+03 1.879081e+03 1.663941e+03 -2.071095e+03 -2.763461e+01 2.166400e+03 2.509575e+03 -3.138420e+03 3.478900e+03 1.145421e+03 1.291102e+03 2.365120e+03 3.329206e+03
1.801130e+03 -1.223143e+03 1.005966e+02 2.070262e+03 1.783939e+03 1.599925e+03 -1.971956e+03 2.575374e+02 2.124196e+03 2.136635e+03 -3.068645e+03 3.140772e+03 1.753635e+03 1.249239e+03 2.767859e+03 3.137404e+03
2.462650e+03 -2.166312e+03 -4.314241e+02 2.634557e+03 2.093757e+03 2.245640e+03 -2.398204e+03 2.543336e+02 2.005929e+03 2.770753e+03 -3.304810e+03 3.482225e+03 2.091257e+03 1.573190e+03 3.190565e+03 3.882367e+03
1.663969e+03 -1.316505e+03 2.038741e+01 2.170325e+03 2.023302e+03 1.485378e+03 -2.222873e+03 -3.992361e+01 2.377070e+03 2.261291e+03 -2.978375e+03 3.550604e+03 1.054267e+03 1.210551e+03 2.741922e+03 3.372605e+03
1.777457e+03 -1.343956e+03 2.227582e+01 2.106130e+03 2.085468e+03 1.570094e+03 -2.427228e+03 -7.194772e+01 2.356644e+03 2.351106e+03 -3.058975e+03 3.565557e+03 1.169327e+03 1.196176e+03 2.818758e+03 3.436309e+03
1.703984e+03 -1.309929e+03 1.540364e+02 2.137392e+03 1.755977e+03 1.118956e+03 -2.282742e+03 -1.832201e+02 2.400476e+03 2.257124e+03 -2.924412e+03 3.654240e+03 8.322472e+02 1.257813e+03 2.504376e+03 3.184814e+03
1.923202e+03 -1.373258e+03 5.893340e+01 2.211763e+03 1.767490e+03 1.461006e+03 -2.186656e+03 -7.012068e+01 2.369782e+03 2.340494e+03 -2.959305e+03 3.544025e+03 1.192654e+03 1.366171e+03 2.720687e+03 3.279693e+03
1.823035e+03 -1.581252e+03 -3.653347e+01 2.306894e+03 1.716791e+03 1.461455e+03 -2.293112e+03 -6.489382e+01 2.293959e+03 2.317997e+03 -3.092305e+03 3.525180e+03 1.201116e+03 1.378048e+03 2.603249e+03 3.314560e+03
1.562754e+03 -9.750976e+02 4.074900e+02 2.022677e+03 1.752755e+03 8.690653e+02 -2.179465e+03 -1.666530e+02 2.257681e+03 2.163860e+03 -2.481651e+03 3.657092e+03 5.732241e+02 1.113032e+03 2.236090e+03 2.922962e+03
2.036355e+03 -1.577480e+03 1.109698e+02 2.046658e+03 1.904011e+03 1.546733e+03 -2.245419e+03 -4.261769e+01 2.239672e+03 2.597772e+03 -3.232159e+03 3.667465e+03 1.196362e+03 1.440430e+03 2.473591e+03 3.380535e+03
1.587112e+03 -1.074236e+03 7.611895e+01 1.839134e+03 1.977741e+03 1.632110e+03 -1.932490e+03 -1.729500e+00 2.178706e+03 2.211577e+03 -2.885960e+03 3.316226e+03 1.012330e+03 1.034445e+03 2.690634e+03 3.252243e+03
1.744242e+03 -1.344231e+03 2.969698e+02 1.942888e+03 1.686507e+03 1.135932e+03 -2.282286e+03 -1.779703e+02 2.519964e+03 2.348490e+03 -3.013185e+03 3.736943e+03 8.092685e+02 1.306191e+03 2.521908e+03 2.957974e+03
1.950904e+03 -1.393920e+03 3.776410e+02 1.919745e+03 1.846781e+03 1.110272e+03 -2.291261e+03 -1.831046e+02 2.204794e+03 2.625339e+03 -3.117272e+03 3.620249e+03 1.067378e+03 1.308179e+03 2.005614e+03 3.198759e+03
2.017876e+03 -1.896795e+03 2.073203e+02 2.068448e+03 1.846700e+03 1.378232e+03 -2.446019e+03 -1.691521e+02 2.205972e+03 2.811903e+03 -3.376759e+03 3.869045e+03 1.245518e+03 1.339670e+03 2.019537e+03 3.614412e+03
1.920398e+03 -1.161551e+03 2.031308e+02 2.020933e+03 2.165766e+03 1.820952e+03 -2.306612e+03 4.062097e+01 2.140446e+03 2.263281e+03 -3.011927e+03 3.558565e+03 1.336391e+03 1.084648e+03 3.160082e+03 3.365438e+03
2.276708e+03 -1.944626e+03 -2.701211e+02 2.643374e+03 1.850557e+03 2.052339e+03 -2.366891e+03 9.691109e+01 2.102669e+03 2.719101e+03 -3.193952e+03 3.497848e+03 1.893348e+03 1.484539e+03 2.858520e+03 3.664167e+03
1.915668e+03 -1.501871e+03 2.620028e+02 1.920517e+03 1.985034e+03 1.525534e+03 -2.363562e+03 -9.602894e+01 2.372104e+03 2.568124e+03 -3.286723e+03 3.880935e+03 1.079481e+03 1.406152e+03 2.539539e+03 3.454820e+03
1.825167e+03 -1.327030e+03 1.445729e+02 2.106266e+03 1.792469e+03 1.289516e+03 -2.394857e+03 -1.414552e+02 2.534155e+03 2.268060e+03 -2.815985e+03 3.778912e+03 1.006867e+03 1.344597e+03 2.807087e+03 3.170891e+03
1.989257e+03 -1.484445e+03 -2.469296e+01 2.074174e+03 2.016832e+03 1.980378e+03 -2.243013e+03 4.903181e+01 2.248321e+03 2.423044e+03 -3.123583e+03 3.642715e+03 1.411213e+03 1.318715e+03 3.070058e+03 3.427659e+03
2.498718e+03 -2.085972e+03 -4.859129e+02 2.588707e+03 2.192027e+03 2.480533e+03 -2.433518e+03 4.148135e+02 2.030574e+03 2.734931e+03 -3.371243e+03 3.307319e+03 2.194894e+03 1.430777e+03 3.375320e+03 3.877329e+03
1.885098e+03 -1.349351e+03 3.389734e+02 1.996022e+03 1.800977e+03 9.631719e+02 -2.320703e+03 -1.611698e+02 2.360541e+03 2.454138e+03 -2.925552e+03 3.689109e+03 9.006962e+02 1.379992e+03 2.358694e+03 2.970594e+03
1.808106e+03 -1.735079e+03 1.327747e+02 2.101233e+03 1.773120e+03 1.508004e+03 -2.599490e+03 -2.361097e+02 2.573745e+03 2.970715e+03 -3.386274e+03 4.018267e+03 1.325804e+03 1.276963e+03 2.474082e+03 3.586701e+03
2.117023e+03 -1.536067e+03 7.835537e+00 2.147480e+03 2.348156e+03 1.928487e+03 -2.402839e+03 2.164514e+02 1.951334e+03 2.456112e+03 -3.013168e+03 3.582657e+03 1.590378e+03 1.206453e+03 3.294047e+03 3.423814e+03
2.356333e+03 -2.192123e+03 -4.783054e+02 2.656835e+03 1.824886e+03 2.064523e+03 -2.274228e+03 1.253854e+02 2.134306e+03 2.788238e+03 -3.245382e+03 3.450135e+03 1.987367e+03 1.604058e+03 2.638996e+03 3.930255e+03
2.105065e+03 -1.796008e+03 3.172765e+01 2.136524e+03 1.913904e+03 1.528030e+03 -2.383171e+03 -9.148721e+01 2.176368e+03 2.841858e+03 -3.305296e+03 3.639518e+03 1.523562e+03 1.356543e+03 2.285645e+03 3.463751e+03
2.276482e+03 -1.878935e+03 -3.348150e+02 2.846109e+03 1.805042e+03 1.724215e+03 -2.434703e+03 1.828336e+02 2.368289e+03 2.621145e+03 -2.966759e+03 3.590327e+03 1.750942e+03 1.657712e+03 3.089341e+03 3.528575e+03
1.493787e+03 -8.294214e+02 5.352630e+02 1.857046e+03 1.742191e+03 7.596237e+02 -2.299995e+03 -2.741663e+02 2.494296e+03 2.194873e+03 -2.409223e+03 3.871639e+03 4.034413e+02 1.069031e+03 2.203955e+03 2.975962e+03
1.711043e+03 -1.352706e+03 5.994785e+01 1.954655e+03 1.928060e+03 1.509303e+03 -2.238164e+03 -6.620866e+01 2.316559e+03 2.350818e+03 -2.936907e+03 3.570912e+03 1.005789e+03 1.199363e+03 2.717442e+03 3.199899e+03
1.913352e+03 -1.379808e+03 3.355501e+02 2.205892e+03 1.721011e+03 9.170303e+02 -2.440230e+03 -1.205853e+02 2.417762e+03 2.504291e+03 -2.914554e+03 3.856708e+03 1.010044e+03 1.377727e+03 2.306763e+03 3.062063e+03
1.756163e+03 -1.028661e+03 4.300792e+02 1.859861e+03 1.721253e+03 8.872993e+02 -2.283947e+03 -3.203846e+02 2.561861e+03 2.294686e+03 -2.896108e+03 3.852915e+03 8.848581e+02 1.287628e+03 2.461302e+03 3.068437e+03
2.019994e+03 -1.512785e+03 -5.876066e+01 2.230310e+03 1.847779e+03 2.006824e+03 -2.412047e+03 -3.101878e+00 2.254813e+03 2.445974e+03 -3.157689e+03 3.600390e+03 1.626503e+03 1.350422e+03 3.059336e+03 3.496168e+03
1.839843e+03 -1.338039e+03 3.944177e+01 1.949850e+03 1.929360e+03 1.808188e+03 -1.986638e+03 8.263753e+01 1.999915e+03 2.289352e+03 -3.019694e+03 3.429455e+03 1.152480e+03 1.237538e+03 2.665607e+03 3.436370e+03
1.905056e+03 -1.424687e+03 4.020646e+02 2.222018e+03 1.821461e+03 7.896621e+02 -2.452285e+03 -8.227480e+01 2.352223e+03 2.565850e+03 -2.861099e+03 3.865266e+03 8.565176e+02 1.430156e+03 2.183740e+03 3.070966e+03
1.674697e+03 -1.134453e+03 1.920355e+02 2.101191e+03 1.886548e+03 1.305976e+03 -2.074507e+03 -9.240867e+01 2.321324e+03 2.258152e+03 -2.846382e+03 3.589446e+03 8.613638e+02 1.181595e+03 2.604413e+03 3.123040e+03
1.841229e+03 -1.368737e+03 9.426839e+01 1.969489e+03 1.758990e+03 1.540055e+03 -2.120736e+03 -8.347420e+01 2.304107e+03 2.603877e+03 -3.106098e+03 3.697819e+03 1.157198e+03 1.331578e+03 2.477012e+03 3.421984e+03
1.954492e+03 -1.303899e+03 1.688744e+02 2.133698e+03 2.260913e+03 2.015723e+03 -2.364547e+03 9.767494e+01 2.133147e+03 2.376579e+03 -3.063225e+03 3.795395e+03 1.246584e+03 1.164157e+03 3.087208e+03 3.682297e+03
2.498379e+03 -1.948293e+03 -2.681406e+02 2.494467e+03 2.188603e+03 2.417717e+03 -2.440197e+03 3.674860e+02 2.007809e+03 2.678285e+03 -3.404757e+03 3.522562e+03 2.069207e+03 1.441829e+03 3.376749e+03 3.850684e+03
1.721388e+03 -1.131118e+03 1.664148e+02 2.043934e+03 1.958979e+03 1.486432e+03 -2.193356e+03 -2.214101e+01 2.323613e+03 2.266528e+03 -2.931171e+03 3.510358e+03 1.048179e+03 1.123739e+03 2.757007e+03 3.228919e+03
1.991155e+03 -1.673700e+03 1.102753e+02 2.254750e+03 1.795759e+03 1.288769e+03 -2.235206e+03 -5.887257e+00 2.244334e+03 2.627306e+03 -3.217227e+03 3.634668e+03 1.091460e+03 1.469058e+03 2.208349e+03 3.377192e+03
2.256393e+03 -1.849711e+03 3.055734e+01 2.530776e+03 1.826993e+03 1.512020e+03 -2.477651e+03 6.229488e+01 2.045606e+03 2.718539e+03 -3.137455e+03 3.719020e+03 1.503978e+03 1.510867e+03 2.600143e+03 3.380452e+03
1.789444e+03 -1.555664e+03 -6.990113e+01 2.385098e+03 1.935269e+03 1.335229e+03 -2.350165e+03 1.245240e+02 2.335055e+03 2.262280e+03 -2.898075e+03 3.603371e+03 1.116325e+03 1.376011e+03 2.792806e+03 3.315165e+03
1.793844e+03 -1.138824e+03 1.993459e+02 2.021318e+03 1.749733e+03 1.227552e+03 -2.085395e+03 -1.029437e+02 2.363264e+03 2.276017e+03 -2.974838e+03 3.417711e+03 9.638742e+02 1.234878e+03 2.523599e+03 3.039726e+03
1.863040e+03 -1.368153e+03 3.635266e+02 2.117848e+03 1.727009e+03 9.237578e+02 -2.392638e+03 -2.313110e+02 2.322914e+03 2.630737e+03 -2.913870e+03 3.700270e+03 1.039150e+03 1.243553e+03 2.000900e+03 3.167205e+03
2.481324e+03 -2.224336e+03 5.979891e+01 2.559415e+03 2.255830e+03 1.677683e+03 -2.945935e+03 -1.207718e+01 2.004089e+03 3.056599e+03 -3.506664e+03 3.860744e+03 1.865438e+03 1.578227e+03 2.543653e+03 3.761706e+03
1.922635e+03 -1.362059e+03 2.795871e+02 2.126964e+03 1.801631e+03 1.179217e+03 -2.232295e+03 -1.215268e+02 2.114475e+03 2.595254e+03 -3.058383e+03 3.515130e+03 1.045691e+03 1.345821e+03 2.141885e+03 3.234904e+03
1.968898e+03 -1.579605e+03 1.322170e+02 2.158665e+03 1.826980e+03 1.205294e+03 -2.469146e+03 -1.178611e+02 2.385151e+03 2.418645e+03 -2.960535e+03 3.761103e+03 1.110477e+03 1.410244e+03 2.647314e+03 3.149739e+03
1.974670e+03 -1.464846e+03 2.730472e+02 2.244596e+03 1.804713e+03 1.026529e+03 -2.418226e+03 -5.978246e+01 2.330720e+03 2.469216e+03 -2.856962e+03 3.802874e+03 9.428669e+02 1.451078e+03 2.470309e+03 3.050538e+03
1.600453e+03 -1.020702e+03 1.962880e+02 1.921587e+03 1.810229e+03 1.607202e+03 -2.128587e+03 -7.041136e+01 2.364409e+03 2.125710e+03 -2.931890e+03 3.407980e+03 1.155350e+03 1.180869e+03 2.854764e+03 3.133401e+03
2.141586e+03 -1.761687e+03 6.370829e+01 2.148542e+03 2.074591e+03 1.754823e+03 -2.389814e+03 9.328526e+00 2.128216e+03 2.946537e+03 -3.381806e+03 3.822693e+03 1.420827e+03 1.353883e+03 2.393125e+03 3.580371e+03
2.082284e+03 -1.779980e+03 2.926956e+02 2.231801e+03 1.955469e+03 1.148530e+03 -2.522677e+03 -4.811352e+01 2.068493e+03 2.961517e+03 -3.310021e+03 3.776405e+03 1.290653e+03 1.328315e+03 1.823006e+03 3.478662e+03
1.915668e+03 -1.501871e+03 2.620028e+02 1.920517e+03 1.985034e+03 1.525534e+03 -2.363562e+03 -9.602894e+01 2.372104e+03 2.568124e+03 -3.286723e+03 3.880935e+03 1.079481e+03 1.406152e+03 2.539539e+03 3.454820e+03
1.922635e+03 -1.362059e+03 2.795871e+02 2.126964e+03 1.801631e+03 1.179217e+03 -2.232295e+03 -1.215268e+02 2.114475e+03 2.595254e+03 -3.058383e+03 3.515130e+03 1.045691e+03 1.345821e+03 2.141885e+03 3.234904e+03
2.057170e+03 -1.697184e+03 -1.774371e+02 2.519720e+03 1.928199e+03 1.692848e+03 -2.194805e+03 1.583900e+02 2.176299e+03 2.506994e+03 -3.138634e+03 3.447792e+03 1.405313e+03 1.464787e+03 2.773058e+03 3.427875e+03
1.974328e+03 -1.424332e+03 2.958745e+02 2.028361e+03 1.926397e+03 1.317982e+03 -2.423055e+03 -1.694698e+02 2.403341e+03 2.654183e+03 -3.174389e+03 3.871639e+03 1.276912e+03 1.377306e+03 2.523650e+03 3.390740e+03
1.799122e+03 -1.428780e+03 -1.022134e+02 2.190921e+03 2.074621e+03 1.811600e+03 -2.140813e+03 1.512396e+02 2.157948e+03 2.222631e+03 -3.095744e+03 3.506601e+03 1.218563e+03 1.191389e+03 2.915981e+03 3.485068e+03
1.802112e+03 -1.321320e+03 1.116397e+02 2.124719e+03 1.906943e+03 1.586788e+03 -2.262802e+03 3.744672e+01 2.351186e+03 2.339521e+03 -3.100016e+03 3.703761e+03 1.033945e+03 1.304840e+03 2.833578e+03 3.353247e+03
1.929596e+03 -1.315618e+03 2.283379e+02 1.991031e+03 1.850731e+03 1.263253e+03 -2.139834e+03 -1.273678e+02 2.313838e+03 2.506001e+03 -3.042200e+03 3.665596e+03 9.900335e+02 1.288921e+03 2.383412e+03 3.139873e+03
1.737391e+03 -1.310871e+03 1.747580e+02 1.771868e+03 1.669964e+03 1.361589e+03 -2.090464e+03 -1.955232e+02 2.276181e+03 2.309380e+03 -2.857250e+03 3.542139e+03 8.645457e+02 1.198099e+03 2.366505e+03 3.070427e+03
1.925484e+03 -1.453552e+03 1.072052e+01 1.930609e+03 2.008340e+03 1.848922e+03 -2.162264e+03 -4.289485e+00 2.183881e+03 2.546160e+03 -3.040109e+03 3.663774e+03 1.189368e+03 1.327827e+03 2.715042e+03 3.444536e+03
1.730065e+03 -1.423350e+03 1.637679e+02 2.081499e+03 1.745932e+03 1.280014e+03 -2.264207e+03 -1.467376e+02 2.350490e+03 2.262838e+03 -3.126435e+03 3.564324e+03 9.293853e+02 1.266214e+03 2.346501e+03 3.465777e+03
1.686616e+03 -1.075534e+03 6.046278e+02 1.821780e+03 1.864165e+03 4.051621e+02 -2.339717e+03 -3.077461e+02 2.337853e+03 2.463333e+03 -2.662193e+03 3.869564e+03 5.523554e+02 1.143787e+03 1.629457e+03 3.090346e+03
1.936534e+03 -1.408298e+03 2.023482e+01 2.123466e+03 1.830579e+03 1.713468e+03 -2.083559e+03 8.507559e+00 2.106044e+03 2.433381e+03 -3.163095e+03 3.384370e+03 1.304806e+03 1.336362e+03 2.519427e+03 3.395047e+03
2.029406e+03 -1.637548e+03 -6.211605e+01 2.179134e+03 1.912937e+03 1.478005e+03 -2.214680e+03 -4.762587e+01 2.091000e+03 2.594296e+03 -3.071838e+03 3.562898e+03 1.168340e+03 1.351106e+03 2.311464e+03 3.370100e+03
2.104295e+03 -1.493812e+03 -3.833453e+01 2.307889e+03 1.910572e+03 1.939900e+03 -2.381583e+03 8.312772e+01 2.229457e+03 2.367663e+03 -2.936616e+03 3.582756e+03 1.592399e+03 1.371625e+03 3.158873e+03 3.356979e+03
1.598037e+03 -1.214707e+03 1.084352e+02 1.893797e+03 1.814198e+03 1.459330e+03 -2.022272e+03 -1.208869e+02 2.179663e+03 2.267852e+03 -2.846273e+03 3.395215e+03 8.653673e+02 1.103965e+03 2.539170e+03 3.270866e+03
1.599710e+03 -1.298595e+03 2.961363e+01 2.033056e+03 1.999858e+03 1.424430e+03 -2.088456e+03 -5.321674e+01 2.237073e+03 2.154163e+03 -2.875512e+03 3.470522e+03 9.122548e+02 1.135412e+03 2.521896e+03 3.316079e+03
2.241380e+03 -2.269337e+03 -3.226101e+02 3.122719e+03 1.609043e+03 1.913066e+03 -2.707272e+03 3.288697e+02 2.262211e+03 2.704527e+03 -3.076851e+03 3.356457e+03 1.787929e+03 1.599797e+03 2.665198e+03 3.873301e+03
1.797600e+03 -1.334974e+03 -6.301932e+01 2.171056e+03 2.066991e+03 1.781349e+03 -2.026806e+03 1.920718e+02 2.121779e+03 2.209388e+03 -3.041582e+03 3.479668e+03 1.312598e+03 1.304453e+03 2.988989e+03 3.327672e+03
1.845490e+03 -1.434957e+03 3.767480e+02 2.124861e+03 1.730339e+03 8.157525e+02 -2.386094e+03 -1.984473e+02 2.411376e+03 2.457817e+03 -2.986857e+03 3.819664e+03 8.885207e+02 1.366499e+03 2.232254e+03 3.076865e+03
1.507232e+03 -1.176242e+03 1.899036e+02 1.724643e+03 2.055797e+03 1.494566e+03 -1.952117e+03 1.234616e+02 2.103187e+03 1.998408e+03 -3.121565e+03 3.363208e+03 1.101198e+03 1.149336e+03 2.681429e+03 3.273674e+03
1.792684e+03 -1.301725e+03 -2.134554e+01 2.059137e+03 2.119981e+03 1.656091e+03 -2.270538e+03 2.116565e+01 2.151829e+03 2.279582e+03 -2.917313e+03 3.410801e+03 1.208419e+03 1.172462e+03 2.880879e+03 3.260756e+03
1.823070e+03 -1.357958e+03 8.357454e+01 2.189208e+03 1.794583e+03 1.364786e+03 -2.304846e+03 -5.332353e+01 2.293904e+03 2.259186e+03 -2.846721e+03 3.513458e+03 1.051933e+03 1.262874e+03 2.761473e+03 3.113325e+03
1.739175e+03 -1.106222e+03 1.574046e+02 1.935699e+03 2.281976e+03 1.969615e+03 -2.152596e+03 7.564090e+01 2.121250e+03 2.235095e+03 -3.003024e+03 3.574436e+03 1.135914e+03 1.023051e+03 3.111656e+03 3.570246e+03
1.737901e+03 -1.280979e+03 1.983823e+01 2.023545e+03 2.106252e+03 1.704130e+03 -2.238666e+03 1.665728e+01 2.242230e+03 2.324050e+03 -3.001150e+03 3.564305e+03 1.147912e+03 1.197217e+03 2.884889e+03 3.339350e+03
1.980465e+03 -1.630339e+03 -7.666270e+01 2.426266e+03 1.688223e+03 1.619655e+03 -2.228387e+03 1.939898e+02 2.199485e+03 2.280467e+03 -3.064934e+03 3.321811e+03 1.748751e+03 1.502169e+03 2.953547e+03 3.289711e+03
1.957869e+03 -1.525760e+03 -1.115982e+01 2.102644e+03 2.145410e+03 1.749694e+03 -2.558118e+03 -2.459533e+01 2.211342e+03 2.261749e+03 -3.029604e+03 3.781646e+03 1.190017e+03 1.238889e+03 3.068768e+03 3.529873e+03
1.894187e+03 -1.313358e+03 1.969090e+02 2.032876e+03 2.105821e+03 1.614537e+03 -2.509169e+03 -1.066544e+02 2.217469e+03 2.357475e+03 -3.010857e+03 3.730112e+03 1.157332e+03 1.204097e+03 3.027840e+03 3.338459e+03
1.758975e+03 -1.318890e+03 4.148244e+02 2.050472e+03 1.765953e+03 8.750879e+02 -2.209514e+03 -1.999748e+02 2.374633e+03 2.357212e+03 -2.859861e+03 3.772751e+03 6.844868e+02 1.299465e+03 2.181349e+03 3.002064e+03
2.263807e+03 -2.438591e+03 -1.214224e+02 2.869369e+03 1.640530e+03 1.364168e+03 -2.970732e+03 -2.804789e+02 2.349693e+03 3.059425e+03 -3.290438e+03 3.906467e+03 1.944326e+03 1.526420e+03 2.445124e+03 3.981674e+03
1.562373e+03 -1.001568e+03 3.592368e+02 2.094538e+03 1.679399e+03 1.327168e+03 -1.988575e+03 1.574000e+02 2.235564e+03 1.986151e+03 -2.686189e+03 3.484342e+03 9.180710e+02 1.173037e+03 2.535908e+03 3.095907e+03
1.821983e+03 -1.307229e+03 3.655284e+02 2.177377e+03 1.650233e+03 9.196221e+02 -2.295959e+03 -1.758729e+02 2.401794e+03 2.328316e+03 -2.713537e+03 3.907475e+03 6.905717e+02 1.351534e+03 2.396902e+03 2.921715e+03
2.266980e+03 -1.840596e+03 -2.624596e+02 2.445702e+03 1.937684e+03 2.154927e+03 -2.348302e+03 1.639832e+02 2.082839e+03 2.575625e+03 -3.201754e+03 3.420951e+03 1.808147e+03 1.413008e+03 2.949935e+03 3.700353e+03
1.787468e+03 -1.385135e+03 -2.768173e+01 2.230659e+03 2.097376e+03 1.539541e+03 -2.308951e+03 9.628065e+01 2.178851e+03 2.257322e+03 -2.900100e+03 3.495817e+03 1.104034e+03 1.241462e+03 2.933535e+03 3.218401e+03
2.383463e+03 -1.946557e+03 -2.219407e+02 2.505430e+03 1.955925e+03 2.190017e+03 -2.454151e+03 1.797589e+02 2.039436e+03 2.738246e+03 -3.274106e+03 3.623293e+03 1.837084e+03 1.532423e+03 2.970026e+03 3.659180e+03
1.888354e+03 -1.336854e+03 7.300032e+01 2.019839e+03 1.879038e+03 1.608980e+03 -2.259914e+03 -2.045007e+01 2.201667e+03 2.205686e+03 -2.874825e+03 3.564699e+03 1.242180e+03 1.328930e+03 2.905576e+03 3.133982e+03
1.833180e+03 -1.270101e+03 3.000263e+02 1.947413e+03 1.839774e+03 1.428202e+03 -2.349691e+03 -1.151457e+02 2.380531e+03 2.253532e+03 -3.037390e+03 3.786123e+03 1.117011e+03 1.269893e+03 2.907329e+03 3.089075e+03
2.185054e+03 -1.623613e+03 2.052593e+01 2.133187e+03 2.160200e+03 1.948897e+03 -2.400121e+03 1.309834e+02 2.000320e+03 2.489670e+03 -3.235494e+03 3.571134e+03 1.481706e+03 1.363351e+03 2.972806e+03 3.550107e+03
1.966015e+03 -1.490089e+03 1.683513e+02 2.078672e+03 1.787928e+03 1.128157e+03 -2.297159e+03 -1.810791e+02 2.257504e+03 2.549291e+03 -2.946323e+03 3.675271e+03 1.108495e+03 1.370020e+03 2.252259e+03 3.188609e+03
1.912991e+03 -1.452872e+03 9.008530e+01 2.108996e+03 2.139119e+03 1.510542e+03 -2.424801e+03 -2.286614e+01 2.275419e+03 2.367804e+03 -3.081432e+03 3.606443e+03 1.099979e+03 1.340732e+03 2.718893e+03 3.408309e+03
2.368398e+03 -1.808911e+03 -1.688908e+02 2.430790e+03 2.044079e+03 2.215601e+03 -2.412186e+03 2.645102e+02 2.056414e+03 2.558805e+03 -3.206555e+03 3.553009e+03 1.931271e+03 1.419550e+03 3.233969e+03 3.617371e+03
1.887866e+03 -1.214123e+03 1.949697e+02 1.996684e+03 1.729344e+03 1.386898e+03 -2.175180e+03 -8.843859e+01 2.378913e+03 2.322942e+03 -3.016670e+03 3.462541e+03 1.056179e+03 1.220971e+03 2.563931e+03 3.072854e+03
1.668730e+03 -1.194849e+03 -3.244739e+01 1.913758e+03 2.175702e+03 1.855063e+03 -1.926066e+03 8.507240e+01 2.113142e+03 2.265260e+03 -3.025966e+03 3.358634e+03 1.249516e+03 1.090200e+03 2.822119e+03 3.316303e+03
2.129326e+03 -1.658020e+03 1.165946e+02 2.267361e+03 1.869117e+03 1.559424e+03 -2.538396e+03 -5.714179e+01 2.296835e+03 2.472035e+03 -3.000814e+03 4.005561e+03 1.329094e+03 1.428603e+03 3.080171e+03 3.119961e+03
1.935134e+03 -1.274810e+03 -3.822790e+01 2.131227e+03 2.028588e+03 2.054836e+03 -2.150237e+03 1.412445e+02 2.222696e+03 2.264206e+03 -3.050553e+03 3.452495e+03 1.566372e+03 1.236644e+03 3.090055e+03 3.399238e+03
1.808829e+03 -1.325584e+03 3.313336e+02 1.899312e+03 1.950472e+03 1.034624e+03 -2.388353e+03 -2.799409e+02 2.300527e+03 2.294581e+03 -2.950645e+03 3.738612e+03 8.832255e+02 1.265589e+03 2.393482e+03 3.091058e+03
1.725751e+03 -1.205176e+03 4.866881e+02 1.959602e+03 1.832353e+03 6.329238e+02 -2.310072e+03 -1.460996e+02 2.310907e+03 2.668867e+03 -3.000207e+03 3.813492e+03 6.952319e+02 1.184225e+03 1.632605e+03 3.341268e+03
2.295586e+03 -2.111891e+03 -4.053031e+02 2.880153e+03 1.722754e+03 1.863831e+03 -2.417289e+03 1.555845e+02 2.225054e+03 2.672089e+03 -3.184753e+03 3.375469e+03 2.070609e+03 1.688521e+03 2.926199e+03 3.674985e+03
1.633634e+03 -1.087730e+03 2.958873e+02 1.956726e+03 1.903198e+03 1.032584e+03 -2.368123e+03 -2.086347e+02 2.613733e+03 2.401239e+03 -2.785059e+03 3.774335e+03 9.572768e+02 1.199843e+03 2.604260e+03 3.037788e+03
1.806725e+03 -1.362522e+03 1.469093e+02 2.171005e+03 1.782404e+03 1.376295e+03 -2.186531e+03 2.050485e+01 2.250491e+03 2.456917e+03 -3.121123e+03 3.580421e+03 1.151582e+03 1.348021e+03 2.612198e+03 3.293458e+03
1.978140e+03 -1.869654e+03 1.698734e+02 2.099867e+03 1.820849e+03 9.599146e+02 -2.492898e+03 -2.304790e+02 2.135382e+03 2.828444e+03 -2.935693e+03 3.752474e+03 1.292658e+03 1.226193e+03 1.853794e+03 3.438147e+03
1.649891e+03 -1.283803e+03 -3.023755e+01 2.288817e+03 1.812233e+03 1.586450e+03 -2.097310e+03 1.755276e+02 2.315317e+03 2.118505e+03 -2.958927e+03 3.407678e+03 1.248465e+03 1.299608e+03 2.785243e+03 3.374910e+03
1.966908e+03 -1.354545e+03 2.251797e+02 2.102699e+03 1.833113e+03 1.195835e+03 -2.434547e+03 -7.790265e+01 2.305502e+03 2.534294e+03 -2.954345e+03 3.769354e+03 1.162911e+03 1.352181e+03 2.594004e+03 3.150554e+03
2.286305e+03 -2.231407e+03 -2.550237e+02 2.861164e+03 1.562269e+03 1.413536e+03 -2.547767e+03 1.554131e+02 2.122590e+03 2.627704e+03 -3.087954e+03 3.410128e+03 2.042641e+03 1.845914e+03 2.893136e+03 3.580597e+03
1.806676e+03 -1.326915e+03 5.169366e+02 1.997476e+03 1.818853e+03 4.919923e+02 -2.426156e+03 -1.990462e+02 2.365462e+03 2.638706e+03 -2.842703e+03 3.992441e+03 7.276612e+02 1.276272e+03 1.697130e+03 3.191666e+03
1.730015e+03 -1.344786e+03 1.662721e+02 2.023706e+03 1.803702e+03 1.230921e+03 -2.218124e+03 -1.411957e+02 2.347360e+03 2.344738e+03 -3.016068e+03 3.564200e+03 9.723322e+02 1.275574e+03 2.410125e+03 3.211521e+03
1.689806e+03 -1.077957e+03 1.032719e+02 2.417809e+03 1.543655e+03 1.385649e+03 -2.221697e+03 2.168112e+02 2.443919e+03 2.006424e+03 -2.794058e+03 3.223205e+03 1.198605e+03 1.303791e+03 2.837403e+03 3.157270e+03
1.894008e+03 -1.665784e+03 1.955523e+02 2.143749e+03 1.840027e+03 1.257829e+03 -2.504043e+03 -2.059901e+02 2.450563e+03 2.428483e+03 -3.103377e+03 3.861773e+03 1.124752e+03 1.423720e+03 2.645535e+03 3.345827e+03
1.514705e+03 -8.567583e+02 4.344525e+02 2.052775e+03 1.607825e+03 8.953338e+02 -2.139403e+03 -6.067104e+01 2.391347e+03 1.806594e+03 -2.289620e+03 3.692175e+03 6.357399e+02 1.245438e+03 2.762749e+03 2.620208e+03
1.987901e+03 -1.368614e+03 2.613134e+02 2.041876e+03 1.920944e+03 1.616339e+03 -2.412044e+03 -3.177319e+01 2.225482e+03 2.278819e+03 -3.041236e+03 3.798648e+03 1.278606e+03 1.291864e+03 3.088981e+03 3.148444e+03
1.719470e+03 -9.336042e+02 5.716632e+02 1.702101e+03 1.703553e+03 9.173623e+02 -2.080031e+03 2.192149e+02 2.024686e+03 2.251003e+03 -2.749937e+03 3.393960e+03 1.067765e+03 1.360430e+03 2.373233e+03 2.751450e+03
2.057527e+03 -1.547827e+03 9.247263e+00 2.612103e+03 1.512425e+03 1.355564e+03 -2.363665e+03 3.327323e+01 2.358463e+03 2.279391e+03 -2.718900e+03 3.579415e+03 1.409355e+03 1.579260e+03 2.930169e+03 3.214461e+03
2.063580e+03 -1.618057e+03 -2.768238e+01 2.144778e+03 1.978975e+03 1.605454e+03 -2.387363e+03 9.821596e+00 2.079958e+03 2.415849e+03 -2.896024e+03 3.604258e+03 1.373117e+03 1.304866e+03 2.845882e+03 3.185475e+03
1.778032e+03 -1.165361e+03 1.789800e+02 1.985686e+03 1.794767e+03 1.458557e+03 -2.177525e+03 -1.055622e+02 2.316276e+03 2.352412e+03 -2.955198e+03 3.540090e+03 1.043528e+03 1.178980e+03 2.642503e+03 3.152975e+03
2.082656e+03 -1.783315e+03 -3.350802e+02 2.511869e+03 1.799209e+03 1.852508e+03 -2.315061e+03 2.151434e+01 2.388165e+03 2.578904e+03 -3.102639e+03 3.381213e+03 1.725291e+03 1.464397e+03 2.812671e+03 3.617875e+03
2.650959e+03 -2.675986e+03 -3.565376e+02 2.614429e+03 2.231456e+03 2.119811e+03 -2.699180e+03 1.749046e+02 1.767652e+03 3.220633e+03 -3.767598e+03 3.452684e+03 2.402542e+03 1.651310e+03 2.687101e+03 3.897603e+03
2.196727e+03 -1.738341e+03 7.457801e+01 2.307088e+03 1.807413e+03 1.588999e+03 -2.278396e+03 5.453327e+01 1.959908e+03 2.854923e+03 -3.308788e+03 3.584400e+03 1.505666e+03 1.382530e+03 2.242495e+03 3.573919e+03
1.936489e+03 -1.843729e+03 -2.908730e+02 2.351922e+03 1.930364e+03 1.836475e+03 -2.024186e+03 2.670390e+02 1.986279e+03 2.456313e+03 -3.134071e+03 3.272450e+03 1.444129e+03 1.335039e+03 2.657793e+03 3.480187e+03
1.913478e+03 -1.154369e+03 1.690666e+02 2.154354e+03 2.222282e+03 1.599966e+03 -2.515298e+03 8.862656e+01 2.222758e+03 2.116805e+03 -2.759488e+03 3.732150e+03 1.251242e+03 1.151885e+03 3.242804e+03 3.217579e+03
2.393987e+03 -2.414652e+03 -4.924712e+02 2.990407e+03 1.788865e+03 1.823256e+03 -2.583495e+03 1.492841e+02 2.044101e+03 2.821514e+03 -3.243244e+03 3.471003e+03 2.212914e+03 1.814138e+03 2.884536e+03 3.907827e+03
1.963137e+03 -1.468798e+03 2.163523e+02 2.286146e+03 1.668123e+03 1.183428e+03 -2.301174e+03 -1.025440e+02 2.321557e+03 2.444495e+03 -2.917660e+03 3.738059e+03 9.747993e+02 1.433750e+03 2.519062e+03 3.019547e+03
1.603884e+03 -9.734684e+02 2.102202e+02 1.715237e+03 1.781773e+03 1.520015e+03 -2.048495e+03 -1.771074e+02 2.298019e+03 2.253071e+03 -2.887223e+03 3.473797e+03 9.608151e+02 1.135357e+03 2.596716e+03 3.144441e+03
1.703088e+03 -1.034099e+03 4.424159e+02 1.994050e+03 1.653052e+03 8.209732e+02 -2.442493e+03 -2.958054e+02 2.637349e+03 2.332988e+03 -2.741128e+03 3.862368e+03 8.346307e+02 1.312886e+03 2.507091e+03 2.968274e+03
1.729062e+03 -1.298233e+03 1.253886e+01 2.316386e+03 1.855725e+03 1.400670e+03 -2.363776e+03 6.825620e+00 2.339476e+03 2.291794e+03 -2.829769e+03 3.577878e+03 1.153917e+03 1.254515e+03 2.833931e+03 3.267424e+03
1.858446e+03 -1.249570e+03 1.988697e+02 2.050061e+03 2.010657e+03 1.378029e+03 -2.501207e+03 -1.058337e+02 2.336993e+03 2.269016e+03 -2.849347e+03 3.677853e+03 1.136427e+03 1.212350e+03 2.962427e+03 3.126829e+03
1.694312e+03 -7.224438e+02 7.359563e+02 1.551601e+03 2.136696e+03 1.267032e+03 -1.941752e+03 2.281555e+02 1.988373e+03 1.918479e+03 -3.165721e+03 3.287934e+03 1.430940e+03 1.115326e+03 2.687547e+03 2.894376e+03
1.822750e+03 -1.380430e+03 1.724062e+02 2.087764e+03 1.800013e+03 1.308362e+03 -2.457684e+03 -1.488409e+02 2.552213e+03 2.305304e+03 -2.899763e+03 3.755399e+03 1.148268e+03 1.267959e+03 2.822247e+03 3.161598e+03
1.920112e+03 -1.393111e+03 1.374191e+02 2.214513e+03 1.784635e+03 1.289429e+03 -2.409001e+03 -9.675479e+01 2.441303e+03 2.398841e+03 -2.870511e+03 3.788640e+03 1.116353e+03 1.384876e+03 2.748639e+03 3.171338e+03
2.027514e+03 -1.627045e+03 -2.197011e+02 2.370964e+03 2.064426e+03 1.836411e+03 -2.235569e+03 2.285600e+02 2.082922e+03 2.421129e+03 -3.074581e+03 3.448346e+03 1.571302e+03 1.402441e+03 2.960519e+03 3.453132e+03
1.943004e+03 -1.874096e+03 6.289861e+01 2.203590e+03 1.779497e+03 1.514036e+03 -2.340395e+03 -4.776727e+01 2.181731e+03 2.940844e+03 -3.306024e+03 3.656389e+03 1.340256e+03 1.294012e+03 2.190104e+03 3.439480e+03
1.815381e+03 -1.333896e+03 -1.536668e+02 2.197986e+03 2.097273e+03 1.744825e+03 -1.995415e+03 2.288477e+02 2.025550e+03 2.265015e+03 -2.982068e+03 3.428895e+03 1.315101e+03 1.237617e+03 2.994161e+03 3.368162e+03
2.243607e+03 -2.258471e+03 -3.316644e+02 2.817643e+03 1.583504e+03 1.671729e+03 -2.522420e+03 9.176320e+01 2.138819e+03 2.701442e+03 -3.099490e+03 3.439632e+03 2.133111e+03 1.710376e+03 2.787773e+03 3.798055e+03
2.202979e+03 -2.144210e+03 -4.006168e+02 2.968529e+03 1.704298e+03 1.755774e+03 -2.507530e+03 2.294540e+02 2.145215e+03 2.591277e+03 -2.886702e+03 3.424744e+03 1.873321e+03 1.676446e+03 2.833774e+03 3.789614e+03
1.666246e+03 -1.115010e+03 1.819710e+02 2.025507e+03 1.792270e+03 1.174409e+03 -2.143693e+03 -1.606849e+02 2.252860e+03 2.257765e+03 -2.781784e+03 3.528595e+03 7.783385e+02 1.185932e+03 2.484872e+03 3.019758e+03
1.811221e+03 -1.333711e+03 8.695390e+01 2.399007e+03 1.759795e+03 1.214766e+03 -2.378545e+03 -6.371753e+01 2.417571e+03 2.238540e+03 -2.586407e+03 3.823490e+03 9.713721e+02 1.380899e+03 2.882269e+03 3.084486e+03
1.747759e+03 -1.414069e+03 -1.039286e+02 2.034849e+03 2.198268e+03 1.701726e+03 -2.223358e+03 1.651479e+02 2.057905e+03 2.201057e+03 -3.044510e+03 3.430023e+03 1.306234e+03 1.231953e+03 3.032384e+03 3.336694e+03
2.128292e+03 -1.566577e+03 -1.153693e+02 2.150716e+03 1.926369e+03 2.084565e+03 -2.169557e+03 1.476285e+02 2.103653e+03 2.423061e+03 -3.256306e+03 3.509640e+03 1.624358e+03 1.436559e+03 2.972791e+03 3.435977e+03
1.805106e+03 -1.306773e+03 2.485809e+02 2.006547e+03 1.791695e+03 1.279854e+03 -2.353310e+03 -1.671250e+02 2.477710e+03 2.404422e+03 -3.025862e+03 3.742062e+03 1.095815e+03 1.304432e+03 2.663487e+03 3.224141e+03
1.661929e+03 -1.176312e+03 5.071402e+01 2.265287e+03 1.943673e+03 1.523420e+03 -2.049119e+03 2.467765e+02 2.337098e+03 2.128516e+03 -2.905424e+03 3.500885e+03 1.104858e+03 1.249189e+03 2.957730e+03 3.220494e+03
3.316793e+03 -3.610672e+03 -1.130228e+03 3.612439e+03 1.795500e+03 2.852228e+03 -2.870136e+03 6.280761e+02 1.546790e+03 3.550266e+03 -4.347972e+03 2.574133e+03 3.778307e+03 2.016432e+03 3.004460e+03 4.274871e+03
1.958941e+03 -1.580911e+03 -1.191345e+02 2.250088e+03 1.789729e+03 1.684852e+03 -2.118184e+03 -8.876689e+01 2.270585e+03 2.494538e+03 -3.001005e+03 3.462107e+03 1.355239e+03 1.281237e+03 2.486902e+03 3.448659e+03
2.182839e+03 -1.822046e+03 2.355690e+01 2.042732e+03 2.058759e+03 1.776845e+03 -2.341809e+03 6.190930e+01 2.022672e+03 2.869353e+03 -3.328555e+03 3.644020e+03 1.356830e+03 1.415445e+03 2.311261e+03 3.544538e+03
2.355477e+03 -1.939513e+03 -9.741042e+01 2.499180e+03 2.015627e+03 1.991124e+03 -2.667402e+03 7.217586e+01 2.069522e+03 2.838319e+03 -3.326935e+03 3.781329e+03 1.946652e+03 1.511061e+03 3.053985e+03 3.627391e+03
1.711944e+03 -1.038798e+03 2.859745e+02 1.710894e+03 1.904771e+03 1.422618e+03 -2.001723e+03 -1.980305e+02 2.162297e+03 2.289239e+03 -2.775490e+03 3.557134e+03 8.170780e+02 1.012934e+03 2.360733e+03 3.101426e+03
1.841281e+03 -1.264384e+03 -6.214229e+01 2.238325e+03 1.944297e+03 1.779055e+03 -2.227244e+03 1.920979e+02 2.061468e+03 2.191459e+03 -2.804196e+03 3.436232e+03 1.362305e+03 1.106885e+03 3.097195e+03 3.292981e+03
1.910545e+03 -1.649986e+03 -1.404010e+02 2.317576e+03 1.916368e+03 1.660530e+03 -2.138547e+03 1.515190e+02 2.094605e+03 2.425733e+03 -3.117604e+03 3.498562e+03 1.180867e+03 1.372011e+03 2.714505e+03 3.390770e+03
2.059738e+03 -1.578859e+03 2.291674e+02 2.221594e+03 1.891465e+03 1.252560e+03 -2.527976e+03 -5.958166e+01 2.239555e+03 2.736387e+03 -3.133001e+03 3.893732e+03 1.211479e+03 1.406269e+03 2.421472e+03 3.263515e+03
1.740059e+03 -1.187230e+03 1.336764e+02 1.914303e+03 2.283188e+03 1.897033e+03 -2.180809e+03 7.164926e+01 2.110878e+03 2.214972e+03 -2.987255e+03 3.578091e+03 1.106226e+03 1.025867e+03 3.095699e+03 3.523519e+03
1.846815e+03 -1.272269e+03 2.326968e+02 1.859410e+03 1.798682e+03 1.371708e+03 -1.994642e+03 -1.303090e+02 2.172441e+03 2.388995e+03 -3.064238e+03 3.444078e+03 9.467387e+02 1.242954e+03 2.300167e+03 3.155309e+03
1.921027e+03 -1.423970e+03 -2.876684e+01 2.170790e+03 2.269408e+03 1.893519e+03 -2.397073e+03 4.763536e+01 2.165929e+03 2.342516e+03 -3.055507e+03 3.668075e+03 1.246324e+03 1.199240e+03 3.005599e+03 3.606219e+03
1.812762e+03 -1.202718e+03 4.234788e+01 1.986692e+03 2.248142e+03 1.821988e+03 -2.192377e+03 2.437939e+02 2.045136e+03 2.152270e+03 -2.760193e+03 3.557559e+03 1.280469e+03 1.067924e+03 3.194147e+03 3.197443e+03
1.881558e+03 -1.528819e+03 2.609526e+02 2.132889e+03 1.822430e+03 1.077681e+03 -2.241911e+03 -1.615915e+02 2.218933e+03 2.475132e+03 -2.990334e+03 3.665905e+03 8.654833e+02 1.336175e+03 2.065102e+03 3.256772e+03
2.022901e+03 -1.574066e+03 7.127637e+01 2.193691e+03 1.905491e+03 1.486260e+03 -2.414560e+03 -4.426651e+01 2.340703e+03 2.454059e+03 -2.972938e+03 3.875611e+03 1.157856e+03 1.468996e+03 2.860492e+03 3.132777e+03
1.984581e+03 -1.520064e+03 8.984173e+01 2.077252e+03 2.020995e+03 1.698666e+03 -2.441949e+03 -4.663106e+01 2.288210e+03 2.631312e+03 -3.152289e+03 3.826416e+03 1.297383e+03 1.344413e+03 2.822503e+03 3.397934e+03
1.856772e+03 -1.198086e+03 3.711596e+02 2.107699e+03 1.698923e+03 9.358978e+02 -2.251591e+03 -1.913839e+02 2.329905e+03 2.413951e+03 -2.785216e+03 3.771181e+03 7.980619e+02 1.279002e+03 2.276663e+03 2.933666e+03
1.842156e+03 -1.100052e+03 4.392223e+02 1.977788e+03 1.681958e+03 9.148298e+02 -2.334549e+03 -2.093510e+02 2.456264e+03 2.339159e+03 -2.756627e+03 3.780755e+03 7.991597e+02 1.374344e+03 2.510611e+03 2.861634e+03
1.821176e+03 -1.447625e+03 -5.112624e+00 2.083172e+03 1.888161e+03 1.526193e+03 -2.124477e+03 -2.316729e+01 2.253572e+03 2.362785e+03 -3.021125e+03 3.437109e+03 1.137137e+03 1.264806e+03 2.602322e+03 3.254839e+03
1.940178e+03 -1.474347e+03 7.643338e+01 2.253823e+03 1.730902e+03 1.427349e+03 -2.134967e+03 -7.559217e+01 2.177406e+03 2.449948e+03 -2.975481e+03 3.518639e+03 1.110408e+03 1.339600e+03 2.455639e+03 3.243121e+03
1.773384e+03 -1.465443e+03 6.258565e+02 1.914455e+03 1.913514e+03 7.523100e+02 -2.626628e+03 -3.049091e+02 2.461441e+03 2.832466e+03 -3.138511e+03 4.211294e+03 9.004586e+02 1.081290e+03 1.756440e+03 3.483258e+03
1.883169e+03 -1.235337e+03 2.921006e+02 1.985928e+03 1.750447e+03 1.044531e+03 -2.141150e+03 -1.521288e+02 2.229486e+03 2.532079e+03 -3.081868e+03 3.563134e+03 9.590158e+02 1.357627e+03 2.006925e+03 3.166696e+03
1.796569e+03 -1.331546e+03 6.973558e+02 1.707241e+03 1.915997e+03 7.246625e+02 -2.446506e+03 -3.441551e+02 2.305357e+03 2.641786e+03 -3.055066e+03 3.979280e+03 8.870624e+02 1.094868e+03 1.637827e+03 3.416470e+03
1.956294e+03 -1.497475e+03 4.875269e+01 2.190244e+03 1.866247e+03 1.468918e+03 -2.172150e+03 -5.278162e+00 2.202368e+03 2.436062e+03 -3.029174e+03 3.594214e+03 1.118608e+03 1.391373e+03 2.534872e+03 3.273857e+03
2.196109e+03 -1.486025e+03 1.173464e+02 2.121857e+03 1.961891e+03 1.905403e+03 -2.341874e+03 2.050265e+01 2.133122e+03 2.596990e+03 -3.177894e+03 3.706076e+03 1.603660e+03 1.389971e+03 2.895049e+03 3.451588e+03
1.688443e+03 -1.147792e+03 2.149115e+02 1.817149e+03 1.717477e+03 1.531764e+03 -2.110243e+03 -1.413593e+02 2.389617e+03 2.302283e+03 -3.000738e+03 3.622965e+03 9.416655e+02 1.263487e+03 2.624983e+03 3.241953e+03
2.312665e+03 -2.269170e+03 -5.452769e+02 2.934587e+03 1.625134e+03 1.939947e+03 -2.357103e+03 1.026814e+02 2.093411e+03 2.751949e+03 -3.224718e+03 3.331631e+03 2.169590e+03 1.604705e+03 2.775565e+03 3.766661e+03
1.566170e+03 -1.123130e+03 1.864478e+02 1.783247e+03 1.813962e+03 1.434547e+03 -1.991677e+03 -1.297022e+02 2.219843e+03 2.159213e+03 -2.967428e+03 3.373875e+03 8.327835e+02 1.153763e+03 2.464140e+03 3.245741e+03
1.969706e+03 -1.558355e+03 1.870395e+02 1.897748e+03 1.911430e+03 1.585254e+03 -2.127944e+03 -7.156388e+01 2.187417e+03 2.589236e+03 -3.217431e+03 3.545885e+03 1.097305e+03 1.315946e+03 2.212462e+03 3.405241e+03
1.804341e+03 -1.371032e+03 4.278571e+02 1.998595e+03 1.714982e+03 8.154216e+02 -2.500926e+03 -2.503343e+02 2.535536e+03 2.293611e+03 -2.846530e+03 3.887467e+03 8.689028e+02 1.351890e+03 2.498485e+03 2.913931e+03
1.787002e+03 -1.146694e+03 1.475459e+02 2.097599e+03 2.074837e+03 1.463850e+03 -2.332590e+03 -1.943024e+01 2.418461e+03 2.261799e+03 -2.809304e+03 3.690720e+03 1.045461e+03 1.201376e+03 3.019855e+03 3.092868e+03
1.921582e+03 -1.295596e+03 1.945598e+02 2.149647e+03 1.892369e+03 1.183806e+03 -2.334418e+03 -1.289842e+02 2.363633e+03 2.307233e+03 -2.745204e+03 3.728852e+03 1.043475e+03 1.314720e+03 2.776836e+03 2.956901e+03
1.782427e+03 -1.416830e+03 4.293320e+02 1.879886e+03 1.980412e+03 8.359202e+02 -2.307938e+03 -1.824651e+02 2.209134e+03 2.634585e+03 -3.036221e+03 3.791519e+03 7.114946e+02 1.170635e+03 1.574457e+03 3.545561e+03
2.259851e+03 -2.115796e+03 -3.511117e+02 2.995051e+03 1.596970e+03 1.672164e+03 -2.506482e+03 1.783775e+02 2.348746e+03 2.692309e+03 -3.128430e+03 3.661647e+03 1.809927e+03 1.688592e+03 2.870055e+03 3.707489e+03
1.558988e+03 -1.150761e+03 -2.045148e+01 1.943475e+03 2.010873e+03 1.644277e+03 -2.020189e+03 7.471952e+01 2.171308e+03 2.117338e+03 -2.924220e+03 3.340393e+03 1.113589e+03 1.108086e+03 2.870875e+03 3.195323e+03
2.376958e+03 -2.193605e+03 -3.953898e+02 2.681927e+03 1.936448e+03 2.118454e+03 -2.460696e+03 1.549799e+02 1.970203e+03 3.019507e+03 -3.340661e+03 3.529457e+03 2.109180e+03 1.385280e+03 2.555367e+03 3.881387e+03
1.706962e+03 -1.242901e+03 8.109018e+01 1.881884e+03 1.928458e+03 1.617175e+03 -2.063141e+03 -1.696654e+01 2.115158e+03 2.247878e+03 -3.024835e+03 3.483929e+03 1.036753e+03 1.186681e+03 2.709104e+03 3.193552e+03
1.882256e+03 -1.333064e+03 1.746552e+02 1.971410e+03 1.989425e+03 1.427831e+03 -2.429272e+03 -1.718079e+02 2.382249e+03 2.397419e+03 -2.976857e+03 3.589384e+03 1.283656e+03 1.226640e+03 2.728468e+03 3.264647e+03
1.707942e+03 -1.194942e+03 4.241929e+02 2.026494e+03 1.886827e+03 7.779223e+02 -2.151304e+03 -2.166414e+02 2.295522e+03 2.411562e+03 -2.761391e+03 3.823387e+03 6.009749e+02 1.209950e+03 1.946542e+03 3.070809e+03
2.075127e+03 -1.866234e+03 -3.061420e+02 2.509591e+03 1.513659e+03 1.852803e+03 -2.215527e+03 3.453159e+02 2.147445e+03 2.431596e+03 -3.291943e+03 2.953620e+03 2.003648e+03 1.561962e+03 2.771643e+03 3.569368e+03
2.035861e+03 -1.382838e+03 2.932147e+02 2.101716e+03 2.085903e+03 1.455226e+03 -2.624078e+03 -3.930696e+01 2.237775e+03 2.309640e+03 -2.729399e+03 3.881477e+03 1.233971e+03 1.277473e+03 3.294692e+03 2.959471e+03
1.931373e+03 -1.513392e+03 1.260886e+02 2.186799e+03 1.722386e+03 1.431189e+03 -2.153572e+03 -4.632348e+00 2.326100e+03 2.573455e+03 -3.279967e+03 3.746769e+03 1.029691e+03 1.490777e+03 2.421118e+03 3.447658e+03
1.868084e+03 -7.391387e+02 3.743196e+02 2.032335e+03 1.545214e+03 1.231911e+03 -2.017721e+03 -1.888158e+01 2.422344e+03 1.930589e+03 -2.613876e+03 3.133828e+03 1.016714e+03 1.239327e+03 2.220374e+03 3.295292e+03
1.858051e+03 -8.107784e+02 5.581395e+02 1.967789e+03 1.534660e+03 8.613729e+02 -2.250408e+03 3.693342e+01 2.477956e+03 2.189839e+03 -2.583224e+03 3.415598e+03 8.406028e+02 1.392417e+03 2.064961e+03 3.282432e+03
2.533070e+03 -1.907789e+03 1.095832e+02 2.557809e+03 1.971174e+03 1.308115e+03 -2.633463e+03 6.519624e+01 2.124640e+03 2.680719e+03 -2.659123e+03 3.501768e+03 1.522573e+03 1.607591e+03 2.053084e+03 4.047169e+03
1.928498e+03 -9.021567e+02 5.960428e+02 1.898761e+03 1.579898e+03 1.079413e+03 -2.209657e+03 -5.626168e+01 2.415904e+03 2.200191e+03 -2.636712e+03 3.424388e+03 9.353870e+02 1.295717e+03 2.157076e+03 3.354762e+03
2.714799e+03 -2.110763e+03 -5.904046e+00 2.746328e+03 1.842298e+03 2.001685e+03 -2.646581e+03 1.535210e+02 2.066403e+03 2.937083e+03 -3.202895e+03 3.279134e+03 2.307080e+03 1.627177e+03 2.548174e+03 3.982785e+03
1.556682e+03 -7.632819e+02 8.078292e+02 2.094880e+03 1.397613e+03 1.319809e+03 -2.216937e+03 -3.274213e+02 2.872045e+03 2.242154e+03 -2.582279e+03 3.483524e+03 7.771752e+02 8.741892e+02 2.102879e+03 3.344179e+03
1.707365e+03 -9.313060e+02 4.594219e+02 2.162176e+03 1.615006e+03 1.824817e+03 -2.046934e+03 -8.089714e+01 2.567184e+03 2.250956e+03 -2.688593e+03 3.309327e+03 9.247053e+02 1.000981e+03 2.452844e+03 3.373687e+03
2.039922e+03 -7.274726e+02 7.512287e+02 1.842949e+03 1.842662e+03 4.059758e+02 -2.163955e+03 -1.926082e+02 2.151011e+03 2.256079e+03 -2.351519e+03 3.555333e+03 5.046177e+02 1.345182e+03 1.557136e+03 3.290830e+03
1.928750e+03 -8.940285e+02 5.983207e+02 2.021502e+03 1.492120e+03 9.915796e+02 -2.050105e+03 2.501747e+01 2.462662e+03 2.142982e+03 -2.474873e+03 3.414118e+03 8.346306e+02 1.325011e+03 2.089913e+03 3.332971e+03
2.035915e+03 -9.670097e+02 5.031599e+02 2.096172e+03 1.523464e+03 7.119816e+02 -2.099732e+03 -7.462893e+00 2.416989e+03 2.192246e+03 -2.422255e+03 3.361519e+03 8.006722e+02 1.393458e+03 1.820167e+03 3.387672e+03
1.989270e+03 -9.590412e+02 5.204750e+02 2.030382e+03 1.509473e+03 1.246730e+03 -2.273539e+03 -9.167012e-01 2.547378e+03 2.210513e+03 -2.557084e+03 3.394230e+03 1.057049e+03 1.331472e+03 2.287641e+03 3.380187e+03
2.086926e+03 -1.033837e+03 7.214324e+02 2.017546e+03 1.509285e+03 9.114231e+02 -2.372437e+03 -8.700685e+01 2.615672e+03 2.333238e+03 -2.495471e+03 3.813890e+03 9.710749e+02 1.515029e+03 2.483194e+03 3.364417e+03
1.957431e+03 -1.329232e+03 2.202042e+02 2.190503e+03 1.628611e+03 1.604381e+03 -2.303148e+03 -1.139386e+02 2.607268e+03 2.451004e+03 -2.723835e+03 3.389152e+03 1.338050e+03 1.168854e+03 2.171960e+03 3.614425e+03
1.722041e+03 -7.258333e+02 6.533574e+02 1.866601e+03 1.453370e+03 7.800946e+02 -2.175941e+03 -8.736784e+00 2.664251e+03 2.149459e+03 -2.407346e+03 3.555247e+03 6.905829e+02 1.370774e+03 2.253129e+03 3.183511e+03
1.862510e+03 -1.384149e+03 3.854931e+02 2.196034e+03 1.566793e+03 1.414663e+03 -2.528676e+03 -3.835030e+02 2.885634e+03 2.573885e+03 -2.673593e+03 3.759172e+03 1.196844e+03 1.149890e+03 2.121738e+03 3.729692e+03
2.085150e+03 -1.036191e+03 5.667821e+02 1.969883e+03 1.827068e+03 8.290553e+02 -2.165589e+03 -1.284684e+02 2.271221e+03 2.364707e+03 -2.494807e+03 3.582195e+03 7.086325e+02 1.354481e+03 1.789642e+03 3.532303e+03
2.187666e+03 -1.170460e+03 5.711773e+02 2.009521e+03 1.877088e+03 8.221055e+02 -2.574407e+03 -2.498612e+01 2.265007e+03 2.404308e+03 -2.409403e+03 3.756143e+03 9.789185e+02 1.554560e+03 2.030709e+03 3.590405e+03
1.918544e+03 -8.453767e+02 6.273008e+02 2.191098e+03 1.514575e+03 6.928830e+02 -2.370354e+03 -9.088557e+01 2.549016e+03 2.189859e+03 -2.183365e+03 3.559823e+03 7.282915e+02 1.455130e+03 2.238241e+03 3.151338e+03
2.204197e+03 -1.249395e+03 4.042266e+02 2.269543e+03 1.600701e+03 9.316317e+02 -2.334634e+03 1.166334e+02 2.340539e+03 2.329070e+03 -2.558118e+03 3.320696e+03 1.331964e+03 1.602615e+03 2.228875e+03 3.394327e+03
1.886746e+03 -7.007687e+02 9.521057e+02 1.710513e+03 1.640844e+03 5.223882e+02 -2.000180e+03 -1.027821e+02 2.494344e+03 2.258084e+03 -2.514767e+03 3.688548e+03 3.400867e+02 1.367342e+03 1.676884e+03 3.291481e+03
2.011514e+03 -7.544974e+02 5.252392e+02 1.829041e+03 1.713422e+03 8.574041e+02 -1.971443e+03 -1.269396e+02 2.202026e+03 2.087842e+03 -2.594634e+03 3.211132e+03 1.004833e+03 1.259273e+03 1.897579e+03 3.288025e+03
2.156212e+03 -1.278856e+03 1.253964e+02 2.258640e+03 1.726303e+03 1.660648e+03 -2.296541e+03 2.577281e+01 2.423306e+03 2.287288e+03 -2.702451e+03 3.277562e+03 1.350484e+03 1.272058e+03 2.074912e+03 3.698298e+03
1.729953e+03 -4.577265e+02 4.420319e+02 1.801922e+03 1.591540e+03 7.786039e+02 -2.034849e+03 -1.817852e+02 2.404725e+03 1.800076e+03 -2.370568e+03 3.295946e+03 8.325140e+02 1.124737e+03 2.141072e+03 3.178076e+03
1.903655e+03 -7.532282e+02 7.154445e+02 1.824342e+03 1.676626e+03 6.356335e+02 -2.108936e+03 -1.364882e+02 2.458482e+03 2.223584e+03 -2.372801e+03 3.574306e+03 6.404251e+02 1.288844e+03 1.792255e+03 3.295049e+03
1.894661e+03 -7.700306e+02 4.612342e+02 1.964401e+03 1.637426e+03 8.407508e+02 -1.996861e+03 -1.097954e+02 2.417687e+03 2.091236e+03 -2.350181e+03 3.394667e+03 8.041117e+02 1.216876e+03 1.928407e+03 3.316268e+03
2.250257e+03 -1.701167e+03 4.841881e+01 2.406854e+03 1.892401e+03 1.424861e+03 -2.510849e+03 -3.283940e+01 2.313469e+03 2.482231e+03 -2.718877e+03 3.520145e+03 1.469806e+03 1.433932e+03 2.082720e+03 3.873862e+03
2.149739e+03 -9.379231e+02 7.834567e+02 2.001408e+03 1.814780e+03 5.155683e+02 -2.685730e+03 -1.446750e+02 2.268902e+03 2.466426e+03 -2.177222e+03 3.949089e+03 7.631101e+02 1.552278e+03 2.184222e+03 3.201540e+03
1.656067e+03 -6.984614e+02 7.249973e+02 1.855858e+03 1.349271e+03 7.277997e+02 -2.083703e+03 -1.663781e+02 2.659182e+03 2.159139e+03 -2.304331e+03 3.602536e+03 6.175320e+02 1.321617e+03 2.252642e+03 3.106639e+03
1.931192e+03 -1.323823e+03 4.696730e+02 2.200552e+03 1.630112e+03 1.733265e+03 -2.344723e+03 -2.213011e+02 2.745136e+03 2.470666e+03 -2.791715e+03 3.517642e+03 1.245122e+03 1.056198e+03 2.227924e+03 3.640467e+03
1.823240e+03 -5.726943e+02 4.271398e+02 1.795560e+03 1.697429e+03 7.860971e+02 -1.986028e+03 -1.752946e+02 2.291069e+03 1.960563e+03 -2.342970e+03 3.160045e+03 8.228305e+02 1.175692e+03 1.851298e+03 3.257821e+03
2.513245e+03 -1.521432e+03 5.999002e+02 2.137363e+03 1.880743e+03 1.012988e+03 -2.639550e+03 8.262648e+01 2.129098e+03 2.594813e+03 -2.627194e+03 3.751192e+03 1.232402e+03 1.635418e+03 2.025108e+03 3.803421e+03
1.748069e+03 -7.745006e+02 7.358665e+02 2.021606e+03 1.397758e+03 7.625934e+02 -2.364555e+03 -7.444970e+01 2.690592e+03 2.228034e+03 -2.378427e+03 3.747436e+03 7.484110e+02 1.400714e+03 2.441090e+03 3.080854e+03
2.495950e+03 -2.243338e+03 -2.509311e+02 3.081419e+03 1.711153e+03 1.778212e+03 -2.567162e+03 1.917759e+02 2.114423e+03 2.597194e+03 -2.695101e+03 3.257872e+03 1.974129e+03 1.701569e+03 2.429561e+03 4.087336e+03
1.872664e+03 -9.310566e+02 4.756409e+02 2.114129e+03 1.501128e+03 9.299955e+02 -1.970986e+03 -1.412175e+02 2.512565e+03 2.058974e+03 -2.353532e+03 3.336449e+03 8.077031e+02 1.154265e+03 1.858330e+03 3.345763e+03
1.847706e+03 -7.217061e+02 6.667344e+02 1.884283e+03 1.654934e+03 6.469660e+02 -2.136381e+03 -4.035227e+01 2.379034e+03 2.123661e+03 -2.273748e+03 3.469352e+03 6.224538e+02 1.351882e+03 2.031207e+03 3.211571e+03
2.024632e+03 -9.230085e+02 5.648692e+02 1.939763e+03 1.720223e+03 5.261664e+02 -2.202077e+03 -1.238519e+02 2.410778e+03 2.357110e+03 -2.405854e+03 3.571041e+03 6.790126e+02 1.353408e+03 1.762319e+03 3.378471e+03
2.234694e+03 -1.273797e+03 2.746472e+02 2.301344e+03 1.644317e+03 1.432369e+03 -2.390448e+03 1.155651e+01 2.246645e+03 2.256542e+03 -2.560478e+03 3.291936e+03 1.361151e+03 1.318311e+03 2.047336e+03 3.635751e+03
1.678686e+03 -8.806176e+02 4.521374e+02 2.288102e+03 1.506822e+03 1.786306e+03 -2.009938e+03 5.885484e+01 2.645228e+03 2.150985e+03 -2.696476e+03 3.118132e+03 8.570894e+02 1.054020e+03 2.393060e+03 3.381395e+03
2.389077e+03 -1.903140e+03 7.433318e+01 2.451465e+03 1.835283e+03 1.222123e+03 -2.606757e+03 3.843179e+01 2.363662e+03 2.559748e+03 -2.815674e+03 3.555380e+03 1.635796e+03 1.714360e+03 2.353781e+03 3.750631e+03
2.319883e+03 -1.311336e+03 7.363912e+00 2.525032e+03 1.551570e+03 1.166907e+03 -2.076735e+03 2.071288e+01 2.223575e+03 2.190668e+03 -2.491597e+03 2.986597e+03 1.326175e+03 1.335002e+03 1.802620e+03 3.560401e+03
2.066514e+03 -1.282877e+03 2.847692e+02 2.313905e+03 1.605300e+03 1.810789e+03 -2.238104e+03 4.722489e+01 2.397653e+03 2.250477e+03 -2.824273e+03 3.247329e+03 1.370928e+03 1.242508e+03 2.314588e+03 3.698907e+03
1.848812e+03 -1.009158e+03 3.331401e+02 2.242901e+03 1.496730e+03 1.445486e+03 -2.089023e+03 -8.611273e+01 2.384124e+03 1.989919e+03 -2.416835e+03 3.118650e+03 1.093098e+03 1.146998e+03 2.330053e+03 3.262694e+03
1.830490e+03 -7.529586e+02 6.380135e+02 1.975407e+03 1.525767e+03 4.577257e+02 -2.135445e+03 -1.191788e+02 2.511746e+03 2.162375e+03 -2.080052e+03 3.563502e+03 5.463229e+02 1.286443e+03 1.883283e+03 3.116056e+03
1.999161e+03 -1.088928e+03 5.790595e+02 2.123777e+03 1.598623e+03 1.300079e+03 -2.367685e+03 -5.908672e+01 2.593136e+03 2.306330e+03 -2.574121e+03 3.671325e+03 9.501733e+02 1.298775e+03 2.347675e+03 3.332150e+03
2.017608e+03 -9.140191e+02 4.066292e+02 2.097276e+03 1.626640e+03 7.222087e+02 -2.228745e+03 -8.278458e+01 2.466983e+03 2.175085e+03 -2.240092e+03 3.474436e+03 8.547206e+02 1.373466e+03 2.022575e+03 3.266541e+03
1.684438e+03 -7.921520e+02 3.790605e+02 2.119727e+03 1.373217e+03 1.146468e+03 -1.919192e+03 -1.926927e+02 2.537589e+03 1.794378e+03 -2.300528e+03 3.150357e+03 7.198702e+02 1.026636e+03 2.076924e+03 3.078730e+03
2.326031e+03 -2.041747e+03 1.534632e+02 2.477792e+03 1.681656e+03 1.609838e+03 -2.823284e+03 -2.131853e+02 2.697122e+03 2.896693e+03 -2.981625e+03 3.958591e+03 1.905398e+03 1.449152e+03 2.765039e+03 3.910887e+03
1.918933e+03 -7.974573e+02 6.252383e+02 1.992874e+03 1.474653e+03 1.026536e+03 -2.115144e+03 -9.241535e+00 2.546870e+03 2.196272e+03 -2.537389e+03 3.405344e+03 8.522210e+02 1.370954e+03 2.215456e+03 3.278154e+03
2.132817e+03 -1.101100e+03 6.226690e+02 1.940305e+03 1.791099e+03 9.284473e+02 -2.381784e+03 -6.693279e+01 2.337076e+03 2.345334e+03 -2.406263e+03 3.668174e+03 8.855437e+02 1.508053e+03 1.995391e+03 3.624473e+03
2.660357e+03 -2.018614e+03 2.105845e+02 2.334615e+03 2.123595e+03 1.118054e+03 -2.799330e+03 1.701324e+02 1.967284e+03 2.842290e+03 -2.859306e+03 3.627315e+03 1.488349e+03 1.659536e+03 1.933109e+03 4.089801e+03
1.657696e+03 -6.783115e+02 7.094421e+02 1.980675e+03 1.400229e+03 7.411743e+02 -2.289808e+03 -8.515666e+01 2.629182e+03 2.011826e+03 -2.325621e+03 3.553632e+03 6.259300e+02 1.359722e+03 2.340506e+03 3.038413e+03
2.236850e+03 -1.235938e+03 3.069354e+02 2.511108e+03 1.575845e+03 1.146352e+03 -2.210120e+03 8.539795e+01 2.372260e+03 2.245552e+03 -2.415621e+03 3.280349e+03 1.194515e+03 1.522976e+03 2.152546e+03 3.545922e+03
2.333051e+03 -1.817191e+03 -1.926856e+02 2.646222e+03 1.785670e+03 1.529330e+03 -2.405533e+03 9.923657e+01 2.331817e+03 2.368657e+03 -2.905510e+03 3.254746e+03 1.799201e+03 1.521636e+03 2.306706e+03 3.967483e+03
1.737335e+03 -9.976426e+02 5.266784e+02 2.046969e+03 1.474867e+03 1.256844e+03 -2.272183e+03 -1.676003e+02 2.662494e+03 2.179093e+03 -2.579219e+03 3.406358e+03 9.316974e+02 1.096296e+03 2.228104e+03 3.212793e+03
1.843122e+03 -8.829220e+02 3.994668e+02 2.280776e+03 1.460608e+03 1.048234e+03 -2.210522e+03 4.961978e+00 2.545501e+03 2.111965e+03 -2.327217e+03 3.422392e+03 8.669729e+02 1.396902e+03 2.309908e+03 3.319393e+03
1.688172e+03 -9.184418e+02 5.777427e+02 2.405614e+03 1.392419e+03 1.511540e+03 -2.079045e+03 -1.223432e+02 2.760714e+03 2.197268e+03 -2.497198e+03 3.363386e+03 8.471022e+02 1.058277e+03 2.324750e+03 3.281443e+03
3.557935e+03 -3.756573e+03 -9.777071e+02 3.556322e+03 1.821150e+03 2.453608e+03 -2.979739e+03 8.682078e+02 1.525923e+03 3.812695e+03 -4.329643e+03 2.461658e+03 3.889377e+03 2.262394e+03 2.600577e+03 4.731832e+03
1.505352e+03 -6.570372e+02 6.866447e+02 2.137483e+03 1.270267e+03 9.785452e+02 -2.046666e+03 -1.744758e+02 2.774255e+03 1.886287e+03 -2.324832e+03 3.458829e+03 3.899893e+02 1.145372e+03 2.402266e+03 2.916842e+03
2.144591e+03 -1.009707e+03 5.525136e+02 2.013091e+03 1.638911e+03 9.776334e+02 -2.194693e+03 3.637595e+01 2.427023e+03 2.304447e+03 -2.488832e+03 3.515746e+03 8.444259e+02 1.515354e+03 2.081254e+03 3.461213e+03
1.882819e+03 -6.661073e+02 8.513629e+02 1.750741e+03 1.664075e+03 8.064470e+02 -2.348399e+03 -2.025868e+01 2.518445e+03 2.253510e+03 -2.404371e+03 3.825019e+03 6.937666e+02 1.440914e+03 2.337524e+03 3.234990e+03
2.006412e+03 -9.061442e+02 6.240071e+02 2.198406e+03 1.598428e+03 4.938335e+02 -2.105800e+03 -4.611157e+01 2.442287e+03 2.159795e+03 -2.294432e+03 3.439681e+03 5.748288e+02 1.341488e+03 1.671123e+03 3.231981e+03
1.688941e+03 -6.866695e+02 5.813648e+02 2.163428e+03 1.427794e+03 1.317533e+03 -1.953044e+03 -1.599491e+02 2.625431e+03 1.998748e+03 -2.388505e+03 3.379960e+03 6.415712e+02 1.074589e+03 2.446337e+03 3.000431e+03
2.208881e+03 -1.237598e+03 6.030379e+02 2.096567e+03 1.673933e+03 1.166770e+03 -2.504700e+03 -6.186818e+01 2.323199e+03 2.361768e+03 -2.618088e+03 3.682514e+03 1.096386e+03 1.479729e+03 2.036924e+03 3.583121e+03
1.824412e+03 -8.990743e+02 6.274513e+02 2.009257e+03 1.486152e+03 1.233379e+03 -2.090457e+03 5.372885e+01 2.451733e+03 2.086008e+03 -2.804853e+03 3.197782e+03 9.550584e+02 1.267976e+03 2.364542e+03 3.137601e+03
2.317775e+03 -1.568250e+03 3.155013e+02 2.208518e+03 1.867397e+03 1.149328e+03 -2.479050e+03 6.500630e-01 2.319586e+03 2.453137e+03 -2.658274e+03 3.504741e+03 1.428454e+03 1.562688e+03 2.215685e+03 3.619520e+03
1.857972e+03 -7.944996e+02 3.245722e+02 2.119791e+03 1.417573e+03 1.255544e+03 -2.001912e+03 -1.281516e+02 2.396015e+03 1.947517e+03 -2.289617e+03 3.145649e+03 9.799442e+02 1.091488e+03 2.126127e+03 3.215686e+03
1.563880e+03 -5.988055e+02 6.745554e+02 1.912793e+03 1.252867e+03 9.815327e+02 -2.075135e+03 -3.086750e+02 2.650879e+03 1.875570e+03 -2.102176e+03 3.659607e+03 4.491441e+02 9.738489e+02 2.233956e+03 2.862761e+03
2.013414e+03 -9.421532e+02 5.497518e+02 2.066161e+03 1.601469e+03 9.684640e+02 -2.134275e+03 4.239981e+01 2.334811e+03 2.163266e+03 -2.534418e+03 3.380498e+03 8.246875e+02 1.450678e+03 2.033311e+03 3.482964e+03
2.169875e+03 -9.801577e+02 5.283662e+02 2.193623e+03 1.580586e+03 7.597087e+02 -2.132582e+03 1.847989e+01 2.392439e+03 2.227459e+03 -2.371962e+03 3.390820e+03 7.667077e+02 1.446768e+03 1.820097e+03 3.529349e+03
1.997742e+03 -9.641366e+02 2.932104e+02 2.154733e+03 1.573727e+03 1.275380e+03 -2.069816e+03 3.956716e+01 2.425671e+03 2.097113e+03 -2.577384e+03 3.181891e+03 1.076601e+03 1.287711e+03 2.078842e+03 3.526472e+03
2.579448e+03 -2.539775e+03 -3.186107e+02 2.795054e+03 2.016511e+03 1.739685e+03 -2.739361e+03 9.749948e+01 2.224666e+03 2.930940e+03 -3.081232e+03 3.549794e+03 2.014495e+03 1.678292e+03 2.478410e+03 4.241853e+03
2.015580e+03 -9.060292e+02 4.269436e+02 1.925433e+03 1.836301e+03 6.705739e+02 -2.258386e+03 -1.264368e+02 2.257689e+03 2.299522e+03 -2.363089e+03 3.422799e+03 8.298578e+02 1.359004e+03 1.785614e+03 3.424635e+03
2.364843e+03 -1.979481e+03 -1.805044e+01 2.562484e+03 1.660228e+03 1.247011e+03 -2.603651e+03 9.304147e+01 2.354010e+03 2.534489e+03 -2.808365e+03 3.496843e+03 1.851510e+03 1.799127e+03 2.707680e+03 3.608578e+03
1.812913e+03 -8.254619e+02 6.661812e+02 2.158496e+03 1.400694e+03 9.931447e+02 -2.232705e+03 -4.763414e+01 2.671497e+03 2.220281e+03 -2.490944e+03 3.546103e+03 8.591361e+02 1.348993e+03 2.436497e+03 3.168189e+03
2.152757e+03 -1.059438e+03 3.837642e+02 2.097092e+03 1.795052e+03 6.816805e+02 -2.227685e+03 -1.213095e+02 2.184800e+03 2.355045e+03 -2.424307e+03 3.317731e+03 9.310506e+02 1.377569e+03 1.755621e+03 3.420064e+03
1.749643e+03 -6.768366e+02 4.873613e+02 1.698838e+03 1.651969e+03 8.945418e+02 -2.054277e+03 -9.391876e+01 2.480265e+03 2.111306e+03 -2.620517e+03 3.457598e+03 7.899501e+02 1.260315e+03 2.137233e+03 3.401487e+03
2.643484e+03 -1.816637e+03 4.069367e+02 2.319750e+03 1.944785e+03 1.102227e+03 -2.697987e+03 7.921665e+01 2.069068e+03 2.686929e+03 -2.824476e+03 3.698509e+03 1.396894e+03 1.656810e+03 1.910453e+03 4.048343e+03
2.017063e+03 -9.157367e+02 4.008410e+02 2.148903e+03 1.680705e+03 7.238648e+02 -2.086361e+03 -1.302045e+02 2.370954e+03 2.153378e+03 -2.333483e+03 3.361799e+03 7.970210e+02 1.288373e+03 1.834235e+03 3.402686e+03
1.781549e+03 -9.524464e+02 6.228181e+02 2.135264e+03 1.385287e+03 1.021188e+03 -2.311679e+03 -4.650135e+01 2.718094e+03 2.202073e+03 -2.487083e+03 3.601805e+03 7.545261e+02 1.321838e+03 2.352929e+03 3.184926e+03
2.175524e+03 -1.080759e+03 3.898171e+02 2.217407e+03 1.680835e+03 7.479816e+02 -2.055998e+03 -1.371421e+02 2.186467e+03 2.146900e+03 -2.301984e+03 3.253542e+03 8.548789e+02 1.311644e+03 1.694789e+03 3.362415e+03
2.175296e+03 -1.309604e+03 3.071947e+02 2.498042e+03 1.621088e+03 1.453887e+03 -2.442629e+03 6.356517e+01 2.411237e+03 2.322502e+03 -2.512317e+03 3.472148e+03 1.277563e+03 1.431277e+03 2.362617e+03 3.619285e+03
1.905345e+03 -8.583451e+02 4.512973e+02 1.854523e+03 1.600737e+03 6.660994e+02 -2.120533e+03 -1.189374e+02 2.451035e+03 2.280374e+03 -2.357838e+03 3.503074e+03 7.419020e+02 1.343590e+03 1.838236e+03 3.328988e+03
1.729730e+03 -5.193165e+02 5.915372e+02 2.054532e+03 1.313645e+03 1.004598e+03 -1.994376e+03 -2.637698e+02 2.475991e+03 1.734311e+03 -1.983600e+03 3.360657e+03 6.236399e+02 9.634784e+02 2.141204e+03 2.890584e+03
1.804997e+03 -6.833848e+02 8.310681e+02 1.875795e+03 1.670440e+03 3.392134e+02 -2.163884e+03 -1.832986e+02 2.569762e+03 2.236419e+03 -2.237349e+03 3.687692e+03 4.111632e+02 1.338722e+03 1.645169e+03 3.153789e+03
1.490423e+03 -5.636815e+02 8.685445e+02 2.014639e+03 1.796504e+03 1.353273e+03 -2.400360e+03 -2.103084e+02 2.768154e+03 2.429840e+03 -2.712443e+03 3.625302e+03 9.037269e+02 6.695691e+02 2.105331e+03 3.191136e+03
2.400082e+03 -2.034200e+03 -1.571156e+02 2.741704e+03 1.859995e+03 1.355410e+03 -2.523886e+03 1.386359e+02 2.245225e+03 2.533057e+03 -2.780919e+03 3.344815e+03 1.895660e+03 1.682334e+03 2.376557e+03 3.915794e+03
2.280389e+03 -1.716530e+03 1.597385e+02 2.618385e+03 1.779831e+03 8.751401e+02 -2.630153e+03 5.796711e+01 2.454940e+03 2.520130e+03 -2.527287e+03 3.685381e+03 1.246310e+03 1.681831e+03 2.193802e+03 3.688020e+03
1.957992e+03 -9.433430e+02 5.177431e+02 2.194141e+03 1.551398e+03 8.376697e+02 -2.277150e+03 -6.088722e+01 2.521050e+03 2.172868e+03 -2.339321e+03 3.482540e+03 8.922466e+02 1.480631e+03 2.054605e+03 3.428087e+03
1.732204e+03 -7.166402e+02 6.529787e+02 2.223410e+03 1.363326e+03 1.017242e+03 -2.064272e+03 -9.648076e+01 2.628124e+03 2.099259e+03 -2.366705e+03 3.406806e+03 7.227932e+02 1.284435e+03 2.350197e+03 3.130581e+03
1.899421e+03 -8.696889e+02 5.366596e+02 1.870528e+03 1.583849e+03 1.003239e+03 -2.078475e+03 -5.306494e+00 2.520503e+03 2.180249e+03 -2.619069e+03 3.426001e+03 9.594378e+02 1.283595e+03 2.112847e+03 3.449026e+03
1.874537e+03 -8.885491e+02 6.546159e+02 2.026369e+03 1.561191e+03 6.318542e+02 -2.355366e+03 -8.788318e+01 2.657723e+03 2.252092e+03 -2.242125e+03 3.786080e+03 7.131755e+02 1.502790e+03 2.150356e+03 3.319712e+03
1.854499e+03 -9.683104e+02 6.191452e+02 1.914159e+03 1.608813e+03 7.419599e+02 -2.386397e+03 -1.028167e+02 2.606721e+03 2.391111e+03 -2.459198e+03 3.833000e+03 8.220568e+02 1.431183e+03 2.214904e+03 3.319480e+03
2.055457e+03 -1.007276e+03 7.143905e+02 1.904705e+03 1.607161e+03 1.161374e+03 -2.258016e+03 -3.530494e+01 2.551193e+03 2.318092e+03 -2.756971e+03 3.745762e+03 9.333597e+02 1.429895e+03 2.328830e+03 3.415390e+03
2.153845e+03 -1.160339e+03 4.516696e+02 2.070702e+03 1.664094e+03 1.177455e+03 -2.441887e+03 -5.865723e+01 2.394244e+03 2.355126e+03 -2.523491e+03 3.586855e+03 1.060717e+03 1.440077e+03 2.062487e+03 3.498407e+03
1.888216e+03 -9.713156e+02 6.677910e+02 2.081367e+03 1.485839e+03 9.605652e+02 -2.342104e+03 -1.769759e+01 2.573340e+03 2.245933e+03 -2.474301e+03 3.562535e+03 7.823896e+02 1.400663e+03 2.310453e+03 3.221695e+03
1.991802e+03 -9.329918e+02 4.024205e+02 2.095059e+03 1.613377e+03 1.025413e+03 -2.199303e+03 7.893082e+01 2.439644e+03 2.209404e+03 -2.494806e+03 3.436436e+03 1.067005e+03 1.436569e+03 2.381419e+03 3.451424e+03
2.355518e+03 -1.472098e+03 2.435203e+02 2.162110e+03 1.944006e+03 1.239381e+03 -2.566251e+03 6.988058e+01 2.205514e+03 2.473530e+03 -2.708586e+03 3.590998e+03 1.343868e+03 1.534546e+03 2.076642e+03 3.928621e+03
2.049175e+03 -1.020759e+03 4.082965e+02 2.294665e+03 1.459936e+03 1.366093e+03 -2.068127e+03 1.159335e+02 2.581661e+03 2.177232e+03 -2.635674e+03 3.314794e+03 1.085961e+03 1.371874e+03 2.329857e+03 3.446935e+03
1.891999e+03 -8.686858e+02 7.854534e+02 1.766354e+03 1.575063e+03 8.246187e+02 -2.236410e+03 -1.017832e+02 2.577453e+03 2.258004e+03 -2.638758e+03 3.773119e+03 7.529753e+02 1.409372e+03 2.192323e+03 3.279961e+03
2.064473e+03 -9.408661e+02 4.972150e+02 1.910332e+03 1.666672e+03 9.803665e+02 -2.328169e+03 -3.434316e+01 2.297989e+03 2.216189e+03 -2.451837e+03 3.489347e+03 1.015884e+03 1.473172e+03 2.080557e+03 3.462594e+03
2.318869e+03 -1.322572e+03 6.250347e+02 2.033932e+03 1.709010e+03 1.352629e+03 -2.506385e+03 6.155486e+01 2.267371e+03 2.412723e+03 -2.730152e+03 3.696709e+03 1.222283e+03 1.521957e+03 2.286255e+03 3.541832e+03
1.827594e+03 -8.981650e+02 7.252806e+02 1.876941e+03 1.514018e+03 8.741908e+02 -2.298824e+03 -7.958295e+01 2.590374e+03 2.296919e+03 -2.562901e+03 3.705438e+03 8.065171e+02 1.408497e+03 2.301851e+03 3.284344e+03
1.900802e+03 -8.112701e+02 7.120076e+02 1.731266e+03 1.679249e+03 6.856287e+02 -2.123554e+03 -1.771323e+02 2.530312e+03 2.266052e+03 -2.596589e+03 3.676264e+03 7.088589e+02 1.319435e+03 1.919355e+03 3.409087e+03
1.882648e+03 -8.005870e+02 5.355577e+02 2.242376e+03 1.422546e+03 1.327553e+03 -2.032591e+03 -4.487242e+00 2.507914e+03 2.107173e+03 -2.526921e+03 3.156181e+03 9.457959e+02 1.245001e+03 2.276481e+03 3.208690e+03
1.850477e+03 -8.858174e+02 5.959333e+02 2.039324e+03 1.520841e+03 1.000859e+03 -2.274936e+03 -2.480616e+01 2.512550e+03 2.128434e+03 -2.433804e+03 3.549184e+03 8.222964e+02 1.409814e+03 2.297207e+03 3.301911e+03
2.026233e+03 -1.183227e+03 2.493595e+02 2.563607e+03 1.545889e+03 9.846203e+02 -2.141931e+03 -1.045953e+02 2.441398e+03 2.121403e+03 -2.168475e+03 3.386124e+03 1.000452e+03 1.275819e+03 2.037748e+03 3.375777e+03
1.932792e+03 -8.362210e+02 7.174336e+02 1.932592e+03 1.790994e+03 4.777674e+02 -2.334355e+03 -1.932927e+02 2.480890e+03 2.304696e+03 -2.186536e+03 3.802140e+03 5.215353e+02 1.406070e+03 1.797984e+03 3.259000e+03
3.735831e+03 -4.003293e+03 -1.289590e+03 3.901234e+03 1.987129e+03 2.593693e+03 -3.107979e+03 9.752277e+02 1.371443e+03 3.865661e+03 -4.290635e+03 2.262816e+03 4.328131e+03 2.336675e+03 2.528101e+03 5.115450e+03
1.661595e+03 -7.970381e+02 6.937467e+02 2.020482e+03 1.401900e+03 7.424436e+02 -2.263624e+03 -1.663749e+02 2.666499e+03 2.085954e+03 -2.377560e+03 3.531904e+03 5.876058e+02 1.329291e+03 2.146390e+03 3.091557e+03
1.978985e+03 -8.513374e+02 3.977382e+02 1.838345e+03 1.670507e+03 8.284097e+02 -2.042778e+03 -1.702659e+02 2.225620e+03 2.134451e+03 -2.673919e+03 3.291111e+03 8.223968e+02 1.316113e+03 1.739173e+03 3.482301e+03
1.561157e+03 -7.791542e+02 8.430886e+02 1.800656e+03 1.403781e+03 6.539294e+02 -2.343728e+03 -1.768811e+02 2.775007e+03 2.131247e+03 -2.401579e+03 3.824324e+03 5.128513e+02 1.313878e+03 2.318722e+03 3.038625e+03
2.004803e+03 -1.024790e+03 8.280083e+02 1.801700e+03 1.618854e+03 7.775435e+02 -2.366746e+03 -1.754072e+01 2.507132e+03 2.423551e+03 -2.659832e+03 3.849068e+03 8.084485e+02 1.477138e+03 2.275011e+03 3.279558e+03
1.846413e+03 -6.394142e+02 8.369868e+02 1.402944e+03 1.741540e+03 5.436903e+02 -1.994909e+03 -9.473336e+01 2.211941e+03 2.160334e+03 -2.365040e+03 3.393672e+03 7.163678e+02 1.288731e+03 1.951037e+03 2.964362e+03
2.049376e+03 -9.468172e+02 5.890318e+02 1.790283e+03 1.771327e+03 7.809584e+02 -2.205700e+03 -8.424628e+01 2.246839e+03 2.346529e+03 -2.548675e+03 3.594281e+03 7.353526e+02 1.401962e+03 1.848704e+03 3.436552e+03
2.137963e+03 -1.018964e+03 7.588683e+02 1.776277e+03 1.828548e+03 7.194405e+02 -2.342737e+03 -8.698164e+01 2.266389e+03 2.388557e+03 -2.552271e+03 3.706118e+03 8.958695e+02 1.533848e+03 1.857617e+03 3.435608e+03
2.044032e+03 -7.267795e+02 1.188544e+03 1.546618e+03 1.784168e+03 8.339783e+02 -2.024489e+03 -2.049274e+01 2.202136e+03 2.058533e+03 -2.827388e+03 3.166229e+03 9.433117e+02 1.219211e+03 2.050152e+03 2.704955e+03
2.080601e+03 -1.058929e+03 4.531569e+02 1.995235e+03 1.524408e+03 1.109368e+03 -2.105182e+03 -2.128894e+01 2.392854e+03 2.183982e+03 -2.566381e+03 3.313822e+03 1.022413e+03 1.310767e+03 2.076243e+03 3.398115e+03
1.882559e+03 -7.326144e+02 5.078410e+02 2.054695e+03 1.472500e+03 1.031526e+03 -2.021187e+03 -5.567129e+01 2.295582e+03 1.894302e+03 -2.454282e+03 3.330513e+03 9.011402e+02 1.130969e+03 2.101164e+03 3.080559e+03
2.261468e+03 -1.731991e+03 1.010360e+02 2.295093e+03 1.579661e+03 1.132048e+03 -2.362246e+03 -3.950158e+01 2.527611e+03 2.513957e+03 -2.602411e+03 3.631177e+03 1.542932e+03 1.480529e+03 2.312623e+03 3.636497e+03
2.173005e+03 -1.152746e+03 6.332109e+02 1.910110e+03 1.511869e+03 8.975980e+02 -2.068898e+03 1.504538e+01 2.285545e+03 2.155334e+03 -2.710296e+03 3.145129e+03 1.248032e+03 1.347761e+03 1.989246e+03 2.972564e+03
2.053659e+03 -1.106073e+03 3.938702e+02 1.934920e+03 1.649478e+03 1.121732e+03 -2.106213e+03 -1.163323e+02 2.348785e+03 2.201386e+03 -2.569214e+03 3.549106e+03 8.971490e+02 1.333090e+03 1.983823e+03 3.538655e+03
2.249741e+03 -1.377815e+03 2.301032e+02 2.346371e+03 1.638910e+03 9.601163e+02 -2.289336e+03 -2.975839e+01 2.276784e+03 2.209880e+03 -2.537639e+03 3.276595e+03 1.465400e+03 1.439106e+03 2.051129e+03 3.470879e+03
2.004938e+03 -1.121138e+03 3.272573e+02 2.134217e+03 1.674277e+03 1.557690e+03 -2.319935e+03 -9.916083e+01 2.585945e+03 2.396136e+03 -2.790178e+03 3.432488e+03 1.407778e+03 1.220997e+03 2.358683e+03 3.727285e+03
1.983183e+03 -8.034065e+02 4.519415e+02 2.083959e+03 1.611636e+03 7.494516e+02 -2.251082e+03 -3.944129e+01 2.420548e+03 2.155787e+03 -2.196098e+03 3.435748e+03 8.811394e+02 1.363531e+03 2.038331e+03 3.333206e+03
2.154260e+03 -1.060391e+03 5.622404e+02 2.229396e+03 1.667157e+03 7.140954e+02 -2.069759e+03 -9.124189e+01 2.258610e+03 2.174452e+03 -2.353566e+03 3.284507e+03 8.017670e+02 1.327280e+03 1.660610e+03 3.352419e+03
2.269998e+03 -1.048279e+03 6.397263e+02 1.971852e+03 1.782205e+03 9.325269e+02 -2.412577e+03 9.001759e+00 2.177297e+03 2.357172e+03 -2.585993e+03 3.542439e+03 1.141696e+03 1.578228e+03 2.013942e+03 3.575338e+03
2.026995e+03 -1.000584e+03 5.046900e+02 1.955436e+03 1.674239e+03 1.201811e+03 -2.269602e+03 -5.231360e+00 2.314244e+03 2.169674e+03 -2.604312e+03 3.398220e+03 1.076739e+03 1.391817e+03 2.181893e+03 3.485972e+03
2.032918e+03 -1.211829e+03 2.071453e+02 2.546459e+03 1.547795e+03 8.898183e+02 -2.446302e+03 7.215084e+01 2.415367e+03 2.169397e+03 -2.263610e+03 3.531909e+03 1.205935e+03 1.567924e+03 2.412557e+03 3.441029e+03
2.359355e+03 -1.795375e+03 1.869466e+00 2.525173e+03 1.741743e+03 1.337507e+03 -2.473932e+03 1.235524e+02 2.342406e+03 2.561959e+03 -2.844246e+03 3.333811e+03 1.710888e+03 1.536138e+03 2.119573e+03 3.896803e+03
2.150409e+03 -1.202824e+03 5.115624e+02 1.793217e+03 1.867245e+03 1.016111e+03 -2.524612e+03 -8.224057e+01 2.337289e+03 2.440216e+03 -2.732270e+03 3.848915e+03 1.115809e+03 1.473101e+03 2.116731e+03 3.684762e+03
1.978447e+03 -8.256186e+02 2.979860e+02 1.967465e+03 1.586773e+03 1.096939e+03 -1.966411e+03 -1.563057e+02 2.307531e+03 1.939001e+03 -2.514791e+03 3.095828e+03 9.431323e+02 1.189697e+03 1.995003e+03 3.359511e+03
2.027025e+03 -1.428615e+03 1.776799e+02 2.202975e+03 1.654486e+03 1.618734e+03 -2.333236e+03 -1.079195e+02 2.575258e+03 2.386111e+03 -2.870581e+03 3.384324e+03 1.388940e+03 1.207313e+03 2.192821e+03 3.583624e+03
1.886673e+03 -1.040689e+03 4.395479e+02 2.001162e+03 1.415372e+03 1.167135e+03 -2.029488e+03 -6.972609e+01 2.521269e+03 2.088231e+03 -2.628673e+03 3.384878e+03 9.980504e+02 1.253948e+03 2.175541e+03 3.423502e+03
1.740698e+03 -8.161349e+02 6.125819e+02 2.014366e+03 1.409859e+03 8.826421e+02 -2.277526e+03 3.069652e+01 2.563135e+03 2.172401e+03 -2.339637e+03 3.525018e+03 7.435290e+02 1.357042e+03 2.372068e+03 3.017317e+03
1.924530e+03 -9.545159e+02 3.790109e+02 2.176193e+03 1.542462e+03 1.081091e+03 -2.108711e+03 -1.050453e+02 2.449168e+03 2.095647e+03 -2.350081e+03 3.321747e+03 9.560014e+02 1.228659e+03 2.018167e+03 3.386884e+03
1.638135e+03 -6.028986e+02 7.764050e+02 2.042177e+03 1.300638e+03 8.469642e+02 -2.083087e+03 -6.634243e+01 2.648872e+03 1.964813e+03 -2.359182e+03 3.348220e+03 4.822281e+02 1.287876e+03 2.321642e+03 2.917574e+03
2.388175e+03 -2.072315e+03 -6.675789e+01 2.523769e+03 1.740057e+03 1.555035e+03 -2.554726e+03 7.582529e+01 2.347315e+03 2.567826e+03 -2.891809e+03 3.493927e+03 1.988047e+03 1.686163e+03 2.766196e+03 3.719216e+03
2.126872e+03 -9.052087e+02 7.126997e+02 1.792541e+03 1.774253e+03 8.748977e+02 -2.378846e+03 -4.978540e+01 2.271046e+03 2.287762e+03 -2.400191e+03 3.704030e+03 9.010984e+02 1.458547e+03 2.084807e+03 3.510164e+03
1.992692e+03 -1.022651e+03 3.179651e+02 2.062292e+03 1.524155e+03 9.109225e+02 -2.107133e+03 -2.760692e+01 2.427078e+03 2.138675e+03 -2.445060e+03 3.256908e+03 1.019637e+03 1.359347e+03 1.887546e+03 3.474420e+03
1.994555e+03 -1.495780e+03 4.897705e+02 2.351783e+03 1.673846e+03 1.639685e+03 -2.510209e+03 -2.187730e+02 2.582026e+03 2.469182e+03 -2.776134e+03 3.553363e+03 1.248326e+03 1.051031e+03 2.307647e+03 3.455564e+03
1.903553e+03 -7.661921e+02 5.085293e+02 1.922496e+03 1.662553e+03 5.991261e+02 -2.041147e+03 -7.474939e+01 2.419514e+03 2.186270e+03 -2.410959e+03 3.266163e+03 7.083295e+02 1.302640e+03 1.645080e+03 3.307938e+03
1.638372e+03 -5.667776e+02 5.914992e+02 2.167718e+03 1.496191e+03 4.491506e+02 -2.126737e+03 -1.979388e+02 2.496470e+03 1.786172e+03 -1.879670e+03 3.596034e+03 4.580896e+02 1.191215e+03 2.066774e+03 2.959410e+03
2.169039e+03 -1.038111e+03 4.001775e+02 2.092936e+03 1.693336e+03 9.913490e+02 -2.323011e+03 -1.671909e+01 2.225892e+03 2.275421e+03 -2.181247e+03 3.449366e+03 1.023778e+03 1.414065e+03 2.067691e+03 3.389339e+03
1.864607e+03 -6.691997e+02 4.548572e+02 1.808839e+03 1.648481e+03 8.591237e+02 -1.962925e+03 -1.230648e+02 2.313993e+03 2.023129e+03 -2.412328e+03 3.216095e+03 7.736610e+02 1.263975e+03 1.917380e+03 3.331290e+03
1.809316e+03 -9.391850e+02 5.026160e+02 2.066467e+03 1.528093e+03 1.342266e+03 -2.154298e+03 -7.958496e+01 2.490400e+03 2.135613e+03 -2.698774e+03 3.214478e+03 1.041659e+03 1.164798e+03 2.240251e+03 3.266214e+03
3.422249e+03 -3.117649e+03 -3.696407e+02 3.108902e+03 1.962005e+03 2.407655e+03 -2.660060e+03 7.011675e+02 1.496692e+03 3.373635e+03 -4.246147e+03 2.420960e+03 3.419678e+03 2.017519e+03 2.457750e+03 4.265833e+03
2.155518e+03 -9.930315e+02 5.199320e+02 2.013259e+03 1.816175e+03 7.042880e+02 -2.175921e+03 -6.565155e+01 2.305104e+03 2.352343e+03 -2.568558e+03 3.470240e+03 7.507134e+02 1.422598e+03 1.807351e+03 3.576377e+03
1.976759e+03 -7.598259e+02 5.074865e+02 2.129748e+03 1.666114e+03 6.384129e+02 -2.027433e+03 -1.627229e+02 2.354560e+03 2.075806e+03 -2.122079e+03 3.297677e+03 6.531253e+02 1.194014e+03 1.743274e+03 3.150206e+03
1.950817e+03 -9.388361e+02 4.815081e+02 2.379800e+03 1.318771e+03 1.330864e+03 -2.050477e+03 -3.530055e+01 2.544058e+03 2.109784e+03 -2.475368e+03 3.225286e+03 9.495045e+02 1.283997e+03 2.290823e+03 3.264357e+03
2.064596e+03 -8.149399e+02 5.469944e+02 2.174300e+03 1.614107e+03 4.678205e+02 -2.247342e+03 -1.975513e+01 2.425002e+03 2.200628e+03 -2.229571e+03 3.457090e+03 6.244479e+02 1.416982e+03 1.830558e+03 3.240452e+03
1.623457e+03 -5.624147e+02 8.696474e+02 1.947490e+03 1.302457e+03 5.491668e+02 -2.207203e+03 -5.699370e+01 2.699955e+03 2.010568e+03 -2.294425e+03 3.616453e+03 4.438916e+02 1.413328e+03 2.352715e+03 2.910405e+03
3.087139e+03 -2.748398e+03 -6.160933e+02 3.185999e+03 1.844103e+03 2.290446e+03 -2.711486e+03 4.797378e+02 1.764011e+03 3.037019e+03 -3.598402e+03 2.731037e+03 3.025749e+03 1.873614e+03 2.535665e+03 4.526885e+03
3.490759e+03 -3.007999e+03 -3.885921e+02 3.339762e+03 2.051761e+03 2.547848e+03 -2.928323e+03 6.388973e+02 1.516748e+03 3.383864e+03 -3.950250e+03 2.688753e+03 3.241077e+03 2.112270e+03 2.702926e+03 4.537764e+03
1.797733e+03 -6.852108e+02 5.238526e+02 1.816834e+03 1.548664e+03 8.134534e+02 -1.970524e+03 -1.415608e+02 2.406116e+03 1.967108e+03 -2.547006e+03 3.331948e+03 7.651189e+02 1.179409e+03 1.929454e+03 3.258445e+03
2.208160e+03 -8.167068e+02 9.826686e+02 1.769027e+03 1.917219e+03 3.985082e+02 -2.520357e+03 -1.263048e+02 2.286312e+03 2.475654e+03 -2.333832e+03 3.999292e+03 5.765519e+02 1.486265e+03 1.966147e+03 3.224986e+03
1.949161e+03 -1.138349e+03 7.317201e+02 1.983486e+03 1.548701e+03 1.157883e+03 -2.369680e+03 -6.266983e+01 2.598137e+03 2.374657e+03 -2.834998e+03 3.726575e+03 9.770120e+02 1.419067e+03 2.494964e+03 3.310798e+03
1.682041e+03 -6.730385e+02 5.500375e+02 2.124507e+03 1.460088e+03 1.058913e+03 -2.130436e+03 -8.106236e+01 2.617926e+03 1.996213e+03 -2.306446e+03 3.389187e+03 6.902048e+02 1.216136e+03 2.319929e+03 3.129236e+03
2.075788e+03 -8.720814e+02 4.656334e+02 2.081967e+03 1.599505e+03 8.372910e+02 -2.041623e+03 -7.256060e+01 2.386026e+03 2.092313e+03 -2.405392e+03 3.304325e+03 8.211347e+02 1.337759e+03 1.870955e+03 3.381348e+03
1.858563e+03 -9.338994e+02 6.133879e+02 2.132426e+03 1.464932e+03 1.005367e+03 -2.351337e+03 -1.599110e+02 2.668389e+03 2.169335e+03 -2.451806e+03 3.636214e+03 8.207580e+02 1.333489e+03 2.343030e+03 3.191083e+03
2.054869e+03 -1.473356e+03 1.637270e+02 2.439726e+03 1.588567e+03 1.247306e+03 -2.499967e+03 -3.771340e+01 2.663265e+03 2.329390e+03 -2.446332e+03 3.686875e+03 1.157677e+03 1.468653e+03 2.403495e+03 3.667296e+03
1.778199e+03 -9.399995e+02 8.333609e+02 1.727936e+03 1.429341e+03 9.645200e+02 -2.266704e+03 -1.907875e+02 2.557550e+03 2.242843e+03 -2.630728e+03 3.614784e+03 9.271859e+02 1.211314e+03 2.393313e+03 2.993183e+03
1.709028e+03 -5.752320e+02 5.542174e+02 2.086598e+03 1.447644e+03 6.790631e+02 -2.088798e+03 -1.350046e+02 2.572503e+03 1.917322e+03 -1.982356e+03 3.444743e+03 5.462884e+02 1.372067e+03 2.122475e+03 3.125853e+03
2.036265e+03 -1.050853e+03 4.587447e+02 2.168248e+03 1.639111e+03 9.758843e+02 -2.384086e+03 -4.356692e+01 2.495548e+03 2.276304e+03 -2.246847e+03 3.700702e+03 7.809229e+02 1.471700e+03 2.156631e+03 3.395095e+03
1.754937e+03 -9.188397e+02 7.943470e+02 1.932351e+03 1.365801e+03 5.792747e+02 -2.254973e+03 -2.206987e+02 2.682574e+03 2.290083e+03 -2.346588e+03 3.737681e+03 6.315953e+02 1.322499e+03 2.024977e+03 3.065277e+03
1.897635e+03 -8.779033e+02 6.259977e+02 2.072951e+03 1.385404e+03 9.659199e+02 -2.098709e+03 -2.055200e+01 2.614384e+03 2.105217e+03 -2.463071e+03 3.461407e+03 7.781788e+02 1.352819e+03 2.171800e+03 3.296502e+03
1.830568e+03 -8.072717e+02 5.875497e+02 2.037220e+03 1.481156e+03 1.053765e+03 -2.125907e+03 -8.750947e+01 2.560326e+03 2.146599e+03 -2.485396e+03 3.426629e+03 8.529672e+02 1.254806e+03 2.212671e+03 3.222728e+03
1.539799e+03 -6.884302e+02 8.226065e+02 1.920211e+03 1.398380e+03 1.086539e+03 -2.167892e+03 -1.775855e+02 2.781751e+03 2.077660e+03 -2.588752e+03 3.476997e+03 6.839897e+02 1.151311e+03 2.393794e+03 3.084497e+03
2.149628e+03 -1.226978e+03 1.641476e+02 2.479057e+03 1.571088e+03 1.231181e+03 -2.286132e+03 1.347624e+02 2.358011e+03 2.195143e+03 -2.527813e+03 3.216537e+03 1.368556e+03 1.526020e+03 2.335811e+03 3.606519e+03
1.963175e+03 -8.825980e+02 6.295789e+02 2.060644e+03 1.511899e+03 5.664850e+02 -2.151472e+03 -9.662868e+01 2.605412e+03 2.226777e+03 -2.328249e+03 3.551438e+03 6.560461e+02 1.386907e+03 1.830512e+03 3.321370e+03
1.972619e+03 -9.942513e+02 7.671575e+02 1.842389e+03 1.663072e+03 9.055762e+02 -2.419989e+03 -6.648009e+01 2.479326e+03 2.379127e+03 -2.523095e+03 3.728013e+03 8.823745e+02 1.405934e+03 2.169884e+03 3.234244e+03
1.780455e+03 -7.030466e+02 3.008067e+02 1.873785e+03 1.427620e+03 1.078067e+03 -1.967449e+03 -6.755387e+01 2.457112e+03 1.987793e+03 -2.412451e+03 3.219045e+03 9.326099e+02 1.215769e+03 2.182332e+03 3.255070e+03
1.714454e+03 -6.689963e+02 6.621643e+02 2.060076e+03 1.265345e+03 7.794678e+02 -2.063355e+03 -1.398077e+02 2.638965e+03 1.981281e+03 -2.409726e+03 3.369718e+03 6.783144e+02 1.301682e+03 2.181994e+03 3.019250e+03
1.989233e+03 -8.947870e+02 5.457382e+02 1.874574e+03 1.793541e+03 6.977918e+02 -2.185292e+03 -1.665521e+02 2.376963e+03 2.298926e+03 -2.370757e+03 3.563309e+03 7.126116e+02 1.342575e+03 1.759238e+03 3.436110e+03
1.695869e+03 -7.621209e+02 5.032642e+02 2.189278e+03 1.460207e+03 1.344215e+03 -1.989392e+03 -7.002812e+01 2.622581e+03 2.045138e+03 -2.473754e+03 3.204129e+03 8.514807e+02 1.156399e+03 2.347811e+03 3.200306e+03
1.848051e+03 -9.392676e+02 6.802201e+02 1.978753e+03 1.466010e+03 1.263307e+03 -2.182019e+03 -1.707528e+02 2.562457e+03 2.195353e+03 -2.730872e+03 3.520515e+03 9.943790e+02 1.191988e+03 2.346038e+03 3.255657e+03
1.934338e+03 -9.222024e+02 7.008053e+02 1.940153e+03 1.513828e+03 7.153296e+02 -2.222783e+03 5.711477e+00 2.515589e+03 2.226625e+03 -2.295986e+03 3.620655e+03 6.719085e+02 1.399910e+03 2.130976e+03 3.206434e+03
2.258625e+03 -1.214516e+03 5.921380e+02 2.036331e+03 1.795129e+03 9.507881e+02 -2.467621e+03 -5.431537e+01 2.126470e+03 2.455213e+03 -2.473617e+03 3.606916e+03 1.045261e+03 1.373375e+03 1.912130e+03 3.523577e+03
1.722663e+03 -9.899556e+02 5.342534e+02 2.169681e+03 1.377632e+03 1.515581e+03 -2.051345e+03 -1.947148e+02 2.687462e+03 1.982411e+03 -2.527721e+03 3.297287e+03 8.449821e+02 1.040853e+03 2.352849e+03 3.250274e+03
1.980461e+03 -7.656767e+02 8.594846e+02 1.809666e+03 1.865000e+03 3.672856e+02 -2.393374e+03 -1.194004e+02 2.397478e+03 2.337622e+03 -2.258799e+03 3.838106e+03 4.737751e+02 1.455388e+03 1.823880e+03 3.224677e+03
1.680693e+03 -8.743670e+02 6.535869e+02 2.170341e+03 1.385771e+03 1.330684e+03 -2.101462e+03 -1.667518e+02 2.818344e+03 2.161839e+03 -2.394419e+03 3.456160e+03 7.348170e+02 1.060396e+03 2.324357e+03 3.162671e+03
1.802770e+03 -1.176509e+03 3.769928e+02 2.177966e+03 1.608630e+03 1.477100e+03 -2.305543e+03 -2.266860e+02 2.775841e+03 2.399181e+03 -2.671609e+03 3.616995e+03 1.114056e+03 1.059145e+03 2.150270e+03 3.640996e+03
2.123723e+03 -1.785055e+03 1.659830e+02 2.627974e+03 1.546508e+03 1.436968e+03 -2.542315e+03 -1.303429e+01 2.736128e+03 2.696702e+03 -2.808858e+03 3.701503e+03 1.470956e+03 1.420020e+03 2.341864e+03 3.797810e+03
2.266700e+03 -1.319998e+03 3.241192e+02 2.353456e+03 1.783126e+03 9.301931e+02 -2.301902e+03 -1.465067e+01 2.207099e+03 2.321519e+03 -2.304397e+03 3.322051e+03 1.141037e+03 1.414539e+03 1.828757e+03 3.570128e+03
1.994850e+03 -8.772685e+02 6.999891e+02 1.917918e+03 1.571830e+03 7.625182e+02 -2.129419e+03 -7.092701e+01 2.522021e+03 2.271960e+03 -2.470680e+03 3.686728e+03 6.544938e+02 1.424163e+03 1.948652e+03 3.388742e+03
2.182775e+03 -8.898116e+02 9.736974e+02 1.747062e+03 1.923497e+03 5.181255e+02 -2.489933e+03 -1.205927e+02 2.245994e+03 2.501641e+03 -2.405720e+03 3.908537e+03 6.518702e+02 1.495756e+03 1.903883e+03 3.347011e+03
1.967272e+03 -9.926432e+02 3.569966e+02 2.083477e+03 1.551550e+03 1.377448e+03 -2.121792e+03 -3.859650e+00 2.489208e+03 2.138881e+03 -2.806754e+03 3.288796e+03 1.150103e+03 1.306976e+03 2.146285e+03 3.520056e+03
1.962708e+03 -9.837189e+02 5.722244e+02 2.201234e+03 1.447009e+03 8.325885e+02 -2.365231e+03 -7.634280e+01 2.639432e+03 2.255154e+03 -2.309608e+03 3.703646e+03 8.021228e+02 1.477400e+03 2.215874e+03 3.350199e+03
2.264017e+03 -1.103822e+03 6.397021e+02 2.037601e+03 1.715619e+03 9.934630e+02 -2.300151e+03 -2.119806e+01 2.215467e+03 2.367693e+03 -2.482344e+03 3.573271e+03 9.512558e+02 1.493389e+03 1.962123e+03 3.504061e+03
2.105705e+03 -8.775620e+02 9.188902e+02 1.708277e+03 1.850624e+03 6.138132e+02 -2.362767e+03 -1.606083e+02 2.202546e+03 2.403695e+03 -2.516456e+03 3.746024e+03 7.079107e+02 1.421536e+03 1.799535e+03 3.413434e+03
1.928214e+03 -9.515479e+02 5.489652e+02 2.336743e+03 1.359351e+03 1.018319e+03 -2.253905e+03 -7.407285e+00 2.620240e+03 2.176788e+03 -2.324635e+03 3.513994e+03 8.088080e+02 1.442687e+03 2.345559e+03 3.248909e+03
2.045546e+03 -8.499035e+02 6.866871e+02 1.818584e+03 1.624021e+03 6.437777e+02 -2.268005e+03 -7.155888e+01 2.325712e+03 2.220110e+03 -2.214157e+03 3.651360e+03 7.842593e+02 1.520235e+03 1.980574e+03 3.270560e+03
1.497174e+03 -6.957477e+02 5.452520e+02 2.271868e+03 1.463925e+03 1.661853e+03 -1.985933e+03 -7.899299e+01 2.816480e+03 2.067646e+03 -2.560653e+03 3.165046e+03 5.806132e+02 9.319908e+02 2.315328e+03 3.308062e+03
2.340890e+03 -1.249413e+03 3.883741e+02 2.327216e+03 1.593270e+03 1.318896e+03 -2.375197e+03 1.708173e+02 2.196507e+03 2.301041e+03 -2.648111e+03 3.284476e+03 1.379999e+03 1.606374e+03 2.311687e+03 3.593183e+03
2.183897e+03 -1.827733e+03 -9.501636e+01 2.518250e+03 1.765796e+03 1.419238e+03 -2.354197e+03 3.646126e+01 2.433194e+03 2.416283e+03 -2.803406e+03 3.352478e+03 1.600810e+03 1.417623e+03 2.126814e+03 3.915267e+03
2.177122e+03 -1.027803e+03 7.645307e+02 1.814641e+03 1.962437e+03 6.035770e+02 -2.403497e+03 -1.188568e+02 2.169742e+03 2.546995e+03 -2.494601e+03 3.756320e+03 6.566940e+02 1.460288e+03 1.793147e+03 3.474620e+03
2.366945e+03 -1.553669e+03 2.771763e+02 2.324711e+03 1.806151e+03 1.183066e+03 -2.426503e+03 1.545143e+02 2.205226e+03 2.541151e+03 -2.752532e+03 3.403573e+03 1.439325e+03 1.599941e+03 1.996969e+03 3.785154e+03
2.459891e+03 -1.673579e+03 3.935261e+02 2.243019e+03 1.735269e+03 1.395730e+03 -2.674924e+03 -9.065498e+01 2.314152e+03 2.630709e+03 -2.773269e+03 3.816643e+03 1.436410e+03 1.523473e+03 2.189531e+03 3.770761e+03
1.930780e+03 -8.034330e+02 3.693788e+02 1.935477e+03 1.627145e+03 1.057599e+03 -2.053053e+03 -5.261390e+01 2.386755e+03 2.011947e+03 -2.622923e+03 3.271693e+03 9.811446e+02 1.285319e+03 2.145840e+03 3.469573e+03
2.032774e+03 -1.053008e+03 3.820253e+02 2.210673e+03 1.697999e+03 8.048644e+02 -2.330744e+03 9.082746e+01 2.376186e+03 2.262412e+03 -2.398979e+03 3.416445e+03 1.106242e+03 1.445642e+03 1.954011e+03 3.513560e+03
2.055457e+03 -1.007276e+03 7.143905e+02 1.904705e+03 1.607161e+03 1.161374e+03 -2.258016e+03 -3.530494e+01 2.551193e+03 2.318092e+03 -2.756971e+03 3.745762e+03 9.333597e+02 1.429895e+03 2.328830e+03 3.415390e+03
