2.190601e+03 1.253904e+03 3.866198e+03 -3.480922e+01 2.306395e+03 -1.212734e+03 9.097453e+02 -3.183303e+03
2.230167e+03 7.443935e+02 3.445957e+03 -1.653510e+01 2.042176e+03 -9.480463e+02 1.111732e+03 -3.050205e+03
2.036241e+03 8.523871e+02 3.519332e+03 1.257872e+02 2.079921e+03 -9.160018e+02 1.136305e+03 -2.722871e+03
2.030128e+03 1.182389e+03 3.705180e+03 -1.513007e+02 2.149502e+03 -9.018174e+02 1.040676e+03 -2.897748e+03
2.164921e+03 6.412005e+02 3.507117e+03 -1.783714e+02 1.944730e+03 -9.687247e+02 1.090537e+03 -3.011692e+03
1.817763e+03 7.866992e+02 3.279578e+03 -5.672536e+02 1.293314e+03 -1.053729e+03 1.179661e+03 -3.012736e+03
2.555233e+03 9.614689e+02 4.034371e+03 1.692888e+02 2.336969e+03 -1.367206e+03 9.995059e+02 -3.324897e+03
2.339390e+03 9.317412e+02 3.469136e+03 -2.586969e+02 2.134649e+03 -1.045373e+03 8.880476e+02 -2.966704e+03
2.700657e+03 8.411949e+02 4.097571e+03 2.302808e+02 2.220605e+03 -1.452692e+03 9.643951e+02 -3.233237e+03
2.528379e+03 7.160836e+02 3.852812e+03 3.114364e+02 2.203066e+03 -1.198164e+03 1.077977e+03 -3.095679e+03
9.890967e+02 7.681445e+02 3.765925e+03 -2.674958e+02 1.229698e+03 -2.631061e+03 1.332453e+03 -3.144231e+03
1.314221e+03 3.854071e+02 3.973080e+03 4.333257e+02 1.355033e+03 -2.521757e+03 1.642492e+03 -3.412193e+03
1.564548e+03 1.516007e+03 4.380216e+03 4.293584e+02 1.466581e+03 -3.428708e+03 2.324319e+03 -3.967326e+03
1.897270e+03 1.073761e+03 4.388662e+03 7.054848e+02 1.628414e+03 -3.536076e+03 2.107489e+03 -4.139188e+03
1.096412e+03 3.739183e+02 3.861976e+03 -3.168675e+01 1.443490e+03 -2.174661e+03 1.319412e+03 -3.420128e+03
1.190661e+03 1.225650e+03 3.865542e+03 1.617466e+02 1.533110e+03 -2.332862e+03 1.289755e+03 -3.184782e+03
1.211449e+03 4.621863e+02 4.007916e+03 -5.115482e+01 1.424833e+03 -2.427779e+03 1.135860e+03 -3.225201e+03
1.174146e+03 7.285116e+02 3.857485e+03 -3.633569e+02 1.096531e+03 -1.969843e+03 1.205898e+03 -2.923569e+03
1.386625e+03 6.980109e+02 3.814325e+03 2.147893e+02 1.504669e+03 -2.162753e+03 1.314893e+03 -3.370818e+03
1.199959e+03 9.922124e+02 3.968223e+03 -1.345088e+01 1.542201e+03 -2.196916e+03 1.013236e+03 -2.931558e+03
1.149899e+03 3.951241e+02 3.774525e+03 1.694686e+01 9.538773e+02 -2.557381e+03 1.780124e+03 -3.327695e+03
1.651108e+03 8.684600e+02 4.303479e+03 5.204421e+02 1.351114e+03 -2.930223e+03 2.114550e+03 -3.925153e+03
1.133791e+03 7.403522e+02 4.092603e+03 -1.825414e+02 1.500298e+03 -1.876649e+03 1.170393e+03 -3.197755e+03
1.553762e+03 9.644816e+02 4.131068e+03 7.362876e+02 1.628793e+03 -4.047279e+03 2.659922e+03 -4.549379e+03
1.416158e+03 1.925928e+02 3.723778e+03 -5.188118e+01 7.142356e+02 -1.969876e+03 1.599462e+03 -3.148502e+03
1.466403e+03 1.537168e+03 4.233835e+03 5.573459e+02 1.419878e+03 -4.323689e+03 2.419616e+03 -4.282617e+03
1.451474e+03 8.331699e+02 4.284647e+03 7.867831e+02 1.745639e+03 -3.827446e+03 2.337439e+03 -4.379260e+03
1.278383e+03 4.429252e+02 4.001570e+03 -8.866609e+01 1.316493e+03 -2.184716e+03 1.197893e+03 -3.166850e+03
1.265649e+03 1.085579e+03 4.005033e+03 -5.532881e+02 1.359211e+03 -2.051047e+03 8.506892e+02 -2.942672e+03
1.645908e+03 9.142004e+02 3.985299e+03 2.901136e+02 1.093257e+03 -3.005147e+03 1.808915e+03 -3.483198e+03
1.621678e+03 -1.499756e+02 3.677875e+03 1.653384e+02 4.539816e+02 -2.435631e+03 2.038060e+03 -3.586670e+03
1.267294e+03 9.803208e+01 3.812824e+03 3.437358e+02 1.060979e+03 -2.363544e+03 1.685638e+03 -3.338428e+03
8.617258e+02 5.239936e+02 3.829892e+03 -1.627546e+02 1.142413e+03 -2.244993e+03 1.604165e+03 -3.209956e+03
1.353751e+03 1.061280e+03 4.164862e+03 2.879001e+02 1.391235e+03 -3.771903e+03 1.577047e+03 -3.984228e+03
1.292119e+03 4.737951e+02 4.085742e+03 5.542540e+01 1.346631e+03 -1.981864e+03 1.315569e+03 -3.255607e+03
1.512636e+03 3.727446e+02 4.121134e+03 -7.276274e+01 1.201377e+03 -2.006229e+03 1.370956e+03 -3.377008e+03
1.526609e+03 4.235698e+02 4.016629e+03 -2.650766e+01 9.525527e+02 -1.815573e+03 1.507285e+03 -2.943041e+03
1.255658e+03 7.059131e+02 4.019229e+03 -4.647661e+01 1.152094e+03 -2.363846e+03 1.533093e+03 -2.900247e+03
1.381072e+03 5.934429e+02 3.911246e+03 2.129457e+02 9.169755e+02 -2.314479e+03 1.676063e+03 -3.257735e+03
1.490975e+03 3.481347e+02 3.375858e+03 -5.748075e+01 9.851186e+02 -1.648567e+03 1.426515e+03 -3.022549e+03
1.343846e+03 3.870082e+01 3.973098e+03 6.771890e+01 7.376925e+02 -2.367599e+03 1.810582e+03 -3.279921e+03
1.157853e+03 5.058677e+02 3.858740e+03 -1.527699e+01 1.438410e+03 -2.056552e+03 1.271048e+03 -3.329308e+03
1.411604e+03 3.287542e+02 4.038050e+03 -6.812084e+01 8.286999e+02 -1.733269e+03 1.643247e+03 -3.012092e+03
1.280981e+03 -1.114300e+02 3.707991e+03 -2.036195e+01 5.165294e+02 -2.055718e+03 2.066953e+03 -3.059661e+03
1.577798e+03 -2.692073e+02 3.953074e+03 4.367686e+02 7.933702e+02 -2.255956e+03 2.159265e+03 -3.447518e+03
1.190576e+03 8.476855e+02 3.946422e+03 -5.770852e+02 1.338764e+03 -2.288338e+03 1.031739e+03 -3.188915e+03
1.275734e+03 1.096996e+03 3.881357e+03 2.869591e+02 1.355806e+03 -3.423921e+03 1.815162e+03 -3.954137e+03
1.493037e+03 -2.372977e+02 4.010501e+03 -6.997538e+01 7.364473e+02 -1.929540e+03 1.706341e+03 -3.275852e+03
1.548047e+03 6.458946e+02 4.250376e+03 -2.754497e+01 1.140900e+03 -2.024534e+03 1.403814e+03 -2.903278e+03
1.356616e+03 5.734634e+02 3.927784e+03 -3.357101e+01 1.404345e+03 -2.656620e+03 1.146830e+03 -3.386354e+03
1.296739e+03 1.191376e+03 4.301595e+03 3.753261e+01 1.502810e+03 -3.738012e+03 1.392319e+03 -4.188130e+03
1.363087e+03 2.098463e+02 3.916018e+03 -1.614958e+02 5.725508e+02 -1.987850e+03 1.857716e+03 -2.842401e+03
1.550512e+03 9.492212e+01 3.759335e+03 -1.151056e+02 7.641726e+02 -2.601788e+03 2.009506e+03 -3.877850e+03
1.348303e+03 8.282894e+02 4.205217e+03 -2.034630e+02 1.441741e+03 -2.890221e+03 1.171479e+03 -3.447034e+03
1.609401e+03 6.462684e+02 4.330903e+03 7.988512e+02 1.693149e+03 -3.418669e+03 2.231448e+03 -4.060387e+03
1.461251e+03 -9.703142e+01 3.731308e+03 2.491346e+02 7.063653e+02 -2.626283e+03 2.030209e+03 -3.574827e+03
1.499577e+03 1.409830e+03 4.423902e+03 1.490882e+02 1.534943e+03 -3.189912e+03 1.727130e+03 -3.755488e+03
1.813109e+03 1.608086e+02 3.502776e+03 -7.695514e+01 1.043624e+03 -1.408706e+03 1.344977e+03 -3.230000e+03
1.295256e+03 4.856094e+02 4.087656e+03 1.681427e+01 1.152007e+03 -2.038355e+03 1.459030e+03 -3.223326e+03
1.459813e+03 3.396236e+02 3.845723e+03 -8.962846e+01 5.053438e+02 -1.928559e+03 1.794111e+03 -2.866091e+03
1.375155e+03 2.512320e+02 3.979502e+03 -4.543907e+02 5.836139e+02 -1.560064e+03 1.641236e+03 -2.669422e+03
1.484525e+03 7.808472e+02 3.917538e+03 -9.257959e+01 1.290698e+03 -2.572114e+03 1.341931e+03 -3.707098e+03
1.160643e+03 1.699556e+02 3.869636e+03 1.115407e+02 1.318083e+03 -2.268192e+03 1.443371e+03 -3.145676e+03
1.427781e+03 3.213090e+02 3.891536e+03 1.071512e+00 5.432239e+02 -2.109063e+03 1.866547e+03 -2.971014e+03
1.186420e+03 5.391637e+02 3.806901e+03 -5.804980e+01 1.119624e+03 -2.063796e+03 1.339814e+03 -2.965384e+03
1.409335e+03 8.001717e+00 3.889187e+03 6.333763e+01 1.065493e+03 -2.205893e+03 1.840165e+03 -3.368413e+03
1.509350e+03 4.767701e+02 3.890601e+03 -4.193561e+02 1.411963e+03 -2.196658e+03 9.860288e+02 -3.377436e+03
1.181511e+03 9.147671e+02 4.165052e+03 -1.183139e+01 1.360563e+03 -3.519906e+03 1.379566e+03 -3.865469e+03
1.237081e+03 6.240752e+02 3.908412e+03 -2.590262e+02 1.214486e+03 -2.023817e+03 1.244683e+03 -3.031467e+03
1.289616e+03 1.746617e+02 3.855596e+03 2.040868e+02 7.233167e+02 -2.222704e+03 1.934750e+03 -3.101294e+03
1.358032e+03 6.394605e+02 3.659240e+03 1.751348e+02 6.997449e+02 -3.049320e+03 1.807230e+03 -3.363221e+03
1.364558e+03 6.902759e+02 4.249611e+03 2.905087e+02 1.304694e+03 -2.130372e+03 1.474379e+03 -3.231010e+03
1.169088e+03 4.692660e+02 3.872936e+03 -2.534233e+02 7.543047e+02 -1.915657e+03 1.679130e+03 -2.906126e+03
1.574557e+03 8.644539e+01 3.637738e+03 -9.376880e+01 5.567081e+02 -2.019796e+03 1.950955e+03 -3.118294e+03
1.550833e+03 7.773180e+01 4.006108e+03 2.581972e+01 1.180807e+02 -3.034949e+03 2.169342e+03 -3.675444e+03
1.313476e+03 3.645047e+02 3.526514e+03 -1.197752e+02 5.941813e+02 -2.369079e+03 1.929066e+03 -3.185146e+03
1.491987e+03 2.188649e+02 4.085908e+03 -1.921144e+01 6.642029e+02 -2.072439e+03 1.622144e+03 -2.934711e+03
1.388774e+03 4.666681e+02 3.924857e+03 -6.509706e+00 6.165584e+02 -2.287635e+03 1.766214e+03 -3.004702e+03
1.149059e+03 6.619887e+02 3.863090e+03 -2.838306e+02 1.273859e+03 -1.947078e+03 1.306881e+03 -3.278478e+03
1.535401e+03 -2.227499e+02 3.645126e+03 3.124004e+02 8.778726e+02 -2.779265e+03 1.767041e+03 -3.874527e+03
1.413152e+03 -2.138862e+02 3.521661e+03 2.405801e+02 5.366898e+02 -2.462481e+03 2.062514e+03 -3.419136e+03
1.493037e+03 -2.372977e+02 4.010501e+03 -6.997538e+01 7.364473e+02 -1.929540e+03 1.706341e+03 -3.275852e+03
1.313476e+03 3.645047e+02 3.526514e+03 -1.197752e+02 5.941813e+02 -2.369079e+03 1.929066e+03 -3.185146e+03
1.102113e+03 8.862119e+02 4.027506e+03 2.223638e+02 1.058841e+03 -2.852410e+03 1.698605e+03 -3.417276e+03
1.381129e+03 -2.972406e+01 3.898097e+03 -3.773088e+02 3.094387e+02 -2.025746e+03 1.809797e+03 -3.233062e+03
1.251617e+03 5.968182e+02 4.069455e+03 -5.425673e+01 1.465238e+03 -2.107931e+03 1.116356e+03 -3.265847e+03
1.248094e+03 4.768715e+02 4.013879e+03 -1.394916e+02 1.198958e+03 -2.029063e+03 1.300382e+03 -3.105142e+03
1.265528e+03 1.390034e+02 3.731978e+03 -4.696909e+01 6.980604e+02 -2.166068e+03 1.690950e+03 -3.085687e+03
1.492677e+03 1.216835e+02 3.871921e+03 1.715243e+02 1.102188e+03 -1.923390e+03 1.775751e+03 -3.323214e+03
1.385435e+03 -8.968710e+01 4.087839e+03 8.615815e+01 1.187163e+03 -2.315942e+03 1.535517e+03 -3.293037e+03
1.387875e+03 2.644951e+02 4.067313e+03 6.521627e+00 8.300385e+02 -1.488349e+03 1.743446e+03 -3.116761e+03
1.551935e+03 -7.166909e+01 3.583073e+03 6.487553e+01 7.558456e+02 -1.533471e+03 1.669368e+03 -2.887918e+03
1.102739e+03 3.855054e+02 3.745128e+03 -9.414787e+01 8.919976e+02 -2.353474e+03 1.652566e+03 -3.177299e+03
1.445950e+03 6.147722e+01 3.765108e+03 4.642826e+02 1.030781e+03 -2.619091e+03 1.717062e+03 -3.342738e+03
1.325788e+03 1.001755e+03 3.912046e+03 -1.870302e+02 1.375144e+03 -2.784675e+03 1.129187e+03 -3.284105e+03
1.396243e+03 2.166041e+02 3.844326e+03 9.473051e+01 1.337057e+03 -1.872027e+03 1.591690e+03 -3.271731e+03
1.374549e+03 4.626232e+02 3.876430e+03 2.396593e+02 1.328409e+03 -1.877209e+03 1.245433e+03 -3.257203e+03
1.516607e+03 1.757979e+03 4.485553e+03 2.244332e+02 1.169753e+03 -3.461714e+03 2.581912e+03 -4.673510e+03
1.001198e+03 5.749155e+02 4.075255e+03 1.365476e+01 1.615300e+03 -2.351953e+03 1.217158e+03 -3.112786e+03
1.398834e+03 3.419328e+02 3.936946e+03 -1.424596e+02 4.717999e+02 -1.846616e+03 1.869896e+03 -2.830023e+03
1.211871e+03 3.053274e+02 4.020888e+03 2.295210e+02 1.339171e+03 -1.797030e+03 1.528796e+03 -3.260885e+03
1.267156e+03 6.792863e+02 4.086154e+03 -4.136393e+01 1.361772e+03 -2.391152e+03 1.147476e+03 -3.217116e+03
1.357391e+03 7.511879e+02 3.989824e+03 -7.774442e+01 1.062680e+03 -2.201089e+03 1.469932e+03 -2.907946e+03
1.409247e+03 5.049514e+02 3.877315e+03 -4.979342e+02 1.574174e+03 -1.997487e+03 8.484400e+02 -3.317584e+03
1.315707e+03 5.274623e+02 4.108739e+03 -3.047100e+01 1.518471e+03 -2.285440e+03 1.162152e+03 -3.206218e+03
1.108245e+03 1.063265e+03 4.017796e+03 -2.207075e+01 1.131183e+03 -2.814050e+03 1.773916e+03 -3.308214e+03
1.832475e+03 3.962772e+02 4.205561e+03 5.924207e+00 1.203400e+03 -2.033027e+03 1.100406e+03 -3.415636e+03
1.608194e+03 6.297730e+02 3.923749e+03 -4.244203e+02 1.000340e+03 -2.111486e+03 1.131539e+03 -3.260713e+03
1.360212e+03 3.161265e+02 3.878266e+03 -7.446976e+01 5.742250e+02 -1.821638e+03 1.754125e+03 -2.841591e+03
1.992190e+03 5.943420e+02 4.241761e+03 2.211938e+02 5.739285e+02 -3.055473e+03 2.450659e+03 -3.944979e+03
1.124226e+03 7.294001e+02 3.710310e+03 2.184893e+02 1.526998e+03 -1.821798e+03 1.610223e+03 -3.335771e+03
1.463444e+03 4.741380e+02 3.942682e+03 1.315106e+02 9.058942e+02 -2.008114e+03 1.692883e+03 -2.874658e+03
1.346540e+03 7.396972e+02 3.864491e+03 1.884630e+02 1.358192e+03 -3.131043e+03 1.395057e+03 -3.620576e+03
1.219386e+03 7.705050e+02 4.146230e+03 -4.447945e+01 1.235459e+03 -2.307613e+03 1.263414e+03 -3.137357e+03
1.313369e+03 5.933677e+02 3.800257e+03 1.647272e+02 1.101964e+03 -3.319219e+03 1.525339e+03 -3.628799e+03
1.249826e+03 6.082180e+02 3.876851e+03 -7.410606e+01 1.218434e+03 -2.260121e+03 1.212872e+03 -3.021169e+03
1.332508e+03 4.767195e+02 3.892147e+03 -2.772134e+02 8.950365e+02 -1.942972e+03 1.231016e+03 -2.932507e+03
1.229663e+03 3.295385e+02 4.025584e+03 -2.275009e+02 9.038780e+02 -2.603329e+03 1.489816e+03 -3.336764e+03
1.484692e+03 -7.584971e+01 3.797864e+03 1.818064e+02 7.029140e+02 -2.258145e+03 1.941490e+03 -3.113873e+03
1.394183e+03 1.504832e+01 4.097127e+03 -6.606616e+01 9.485813e+02 -1.988170e+03 1.461558e+03 -3.070733e+03
1.212393e+03 9.581171e+02 4.014061e+03 -1.198140e+02 1.317784e+03 -3.115197e+03 1.285610e+03 -3.521498e+03
1.220157e+03 5.703121e+02 3.911417e+03 -2.230034e+02 8.250874e+02 -1.973519e+03 1.681203e+03 -3.124454e+03
1.100479e+03 5.119700e+02 4.048223e+03 1.546567e+02 1.723936e+03 -2.301501e+03 1.234980e+03 -3.486315e+03
1.504801e+03 6.299636e+02 3.977340e+03 2.493749e+01 9.373077e+02 -2.448455e+03 1.407070e+03 -3.204891e+03
1.163473e+03 7.806828e+02 3.881958e+03 -3.715627e+02 1.468044e+03 -2.452645e+03 9.922082e+02 -3.362607e+03
1.440125e+03 -1.471355e+02 3.871657e+03 -1.931031e+02 6.913609e+02 -1.600312e+03 1.602223e+03 -2.722817e+03
1.560314e+03 6.201399e+01 3.465976e+03 -1.117783e+02 6.586817e+02 -1.608713e+03 1.705696e+03 -3.161890e+03
1.585995e+03 1.142024e+03 4.296030e+03 4.277465e+02 1.554474e+03 -3.333000e+03 2.055202e+03 -3.879607e+03
1.330796e+03 4.439880e+02 4.174855e+03 -3.995983e+02 6.607938e+02 -1.810948e+03 1.651728e+03 -3.067300e+03
1.179943e+03 5.145556e+02 3.778567e+03 -1.592535e+02 9.140141e+02 -2.132481e+03 1.586101e+03 -3.044488e+03
1.757623e+03 -1.409099e+02 3.828853e+03 3.336158e+02 6.586682e+02 -2.495393e+03 2.301916e+03 -3.749136e+03
1.090627e+03 7.793104e+02 3.941619e+03 3.290805e+01 1.411375e+03 -2.141876e+03 1.378963e+03 -3.229386e+03
1.397796e+03 3.633125e+02 3.849596e+03 -3.152954e+02 5.112106e+02 -2.193826e+03 1.647416e+03 -2.885979e+03
1.677702e+03 1.179904e+03 4.403691e+03 5.399878e+02 1.296836e+03 -3.380700e+03 2.584228e+03 -3.827722e+03
1.492756e+03 -2.167282e+01 3.681168e+03 4.530266e+01 5.723692e+02 -1.694265e+03 1.822212e+03 -2.962476e+03
1.439926e+03 3.291384e+02 3.864257e+03 3.042005e+00 7.322584e+02 -2.013689e+03 1.709082e+03 -3.224408e+03
1.175971e+03 1.622530e+03 4.048360e+03 -2.617482e+02 1.185317e+03 -1.940080e+03 1.566458e+03 -3.448932e+03
1.625361e+03 9.995504e+01 4.167194e+03 1.909621e+01 6.428622e+02 -1.966627e+03 1.645187e+03 -3.058994e+03
1.347462e+03 9.514163e+02 3.856020e+03 -5.633869e+00 1.390512e+03 -1.617986e+03 1.229613e+03 -2.541795e+03
1.369244e+03 6.227274e+02 3.932435e+03 -2.284697e+02 1.067102e+03 -2.211651e+03 1.233313e+03 -3.049102e+03
8.462324e+02 6.209329e+02 3.602307e+03 8.797012e+01 1.031887e+03 -1.859150e+03 2.307175e+03 -3.325121e+03
1.346645e+03 1.374666e+03 4.135311e+03 -3.047879e+00 1.096233e+03 -2.773738e+03 1.831048e+03 -3.241217e+03
1.403107e+03 4.465265e+02 3.862595e+03 1.563831e+02 1.056111e+03 -2.645459e+03 1.358119e+03 -3.090692e+03
1.278609e+03 4.661787e+02 3.745930e+03 -1.436641e+02 9.966558e+02 -2.160538e+03 1.480413e+03 -3.177122e+03
1.529326e+03 9.814551e+02 4.251570e+03 2.012297e+02 1.610366e+03 -2.808962e+03 1.679246e+03 -3.779770e+03
1.230171e+03 3.240366e+02 4.018645e+03 2.961004e+02 1.750791e+02 -4.007511e+03 2.523521e+03 -4.402760e+03
1.347346e+03 3.306361e+02 3.430715e+03 1.989511e+02 7.242092e+02 -2.923062e+03 1.944991e+03 -3.698314e+03
1.034451e+03 5.931681e+02 4.068787e+03 4.357808e+02 1.335514e+03 -2.802031e+03 1.821914e+03 -3.535602e+03
1.486877e+03 9.532345e+02 4.010014e+03 -5.058996e+02 1.270624e+03 -2.011996e+03 7.701404e+02 -3.044350e+03
1.915830e+03 9.466939e+02 4.408231e+03 8.191389e+02 1.570880e+03 -3.737446e+03 2.436241e+03 -4.220330e+03
1.307461e+03 5.751480e+02 3.839625e+03 1.053940e+02 7.942366e+02 -2.295350e+03 1.778335e+03 -2.992968e+03
1.249454e+03 2.332666e+02 3.817763e+03 -1.527373e+02 1.253470e+03 -1.848618e+03 1.496729e+03 -3.174477e+03
1.547990e+03 5.082280e+02 3.977512e+03 -3.941378e+02 6.432268e+02 -1.598085e+03 1.557405e+03 -2.782046e+03
1.485658e+03 9.021012e+02 4.110163e+03 -1.082475e+02 1.352826e+03 -2.210389e+03 1.344162e+03 -3.148345e+03
1.551456e+03 6.356295e+02 4.026402e+03 -3.134196e+02 9.306362e+02 -2.057459e+03 1.187181e+03 -3.067123e+03
5.062122e+02 3.620135e+02 3.429094e+03 -5.268861e+02 9.229817e+02 -1.749408e+03 1.316261e+03 -2.606707e+03
1.551847e+03 6.055507e+02 4.243645e+03 -7.933203e+01 8.943571e+02 -1.974235e+03 1.579037e+03 -3.220142e+03
1.468137e+03 5.443145e+02 4.022680e+03 -5.110081e+01 9.011723e+02 -2.297210e+03 1.549627e+03 -2.992884e+03
1.183135e+03 8.416307e+02 4.245341e+03 1.249048e+02 1.536037e+03 -2.915423e+03 1.384203e+03 -3.273573e+03
1.489075e+03 1.495560e+02 3.581940e+03 1.640082e+02 6.928445e+02 -2.748020e+03 2.044652e+03 -3.867918e+03
1.093892e+03 5.517037e+02 3.971668e+03 1.179250e+02 1.580779e+03 -2.388377e+03 1.173471e+03 -3.247884e+03
1.859348e+03 9.165137e+02 4.400486e+03 6.208070e+02 1.320474e+03 -3.520451e+03 2.506127e+03 -4.169589e+03
1.730129e+03 1.483976e+03 4.465247e+03 4.494448e+02 1.298977e+03 -3.540241e+03 2.267877e+03 -4.297930e+03
1.341748e+03 3.810912e+02 3.677579e+03 -1.247477e+01 1.063170e+03 -1.955944e+03 1.422186e+03 -2.953343e+03
1.559455e+03 1.033180e+03 4.193093e+03 1.527819e+02 1.334198e+03 -2.451330e+03 1.411697e+03 -3.026910e+03
1.282322e+03 6.110454e+02 4.270846e+03 1.122996e+02 1.618464e+03 -2.390681e+03 1.270695e+03 -3.313072e+03
1.076563e+03 5.825667e+02 3.839641e+03 8.879434e+01 1.357734e+03 -2.714284e+03 1.319387e+03 -3.318106e+03
1.436084e+03 3.946493e+02 4.024648e+03 -2.389056e+02 6.518292e+02 -1.993414e+03 1.665449e+03 -3.175734e+03
1.054455e+03 9.459026e+02 4.010239e+03 -8.479672e+01 1.601337e+03 -2.050537e+03 1.175956e+03 -3.092321e+03
7.100028e+02 1.722013e+03 4.565650e+03 5.045591e+02 1.732218e+02 -5.426209e+03 3.825387e+03 -5.797152e+03
1.349948e+03 4.813139e+02 3.953823e+03 3.293797e+02 1.192968e+03 -2.449611e+03 1.760394e+03 -3.550204e+03
1.393547e+03 -2.763674e+02 3.817033e+03 4.848723e+02 9.813848e+02 -2.765201e+03 1.919361e+03 -3.544366e+03
1.401582e+03 6.306975e+02 3.756347e+03 5.489133e+01 8.081588e+02 -3.250031e+03 1.670612e+03 -3.861518e+03
1.481741e+03 1.908918e+01 3.537239e+03 -1.524781e+01 1.141132e+03 -1.879998e+03 1.428989e+03 -3.249052e+03
1.299082e+03 1.014467e+03 3.763735e+03 -3.682111e+02 1.413977e+03 -2.196931e+03 8.490238e+02 -3.228114e+03
1.132977e+03 3.826053e+02 4.052101e+03 3.174512e+02 1.258809e+03 -2.575112e+03 1.655277e+03 -3.182487e+03
1.439220e+03 1.434729e+02 3.588998e+03 -3.131277e+01 4.732789e+02 -2.269407e+03 1.616284e+03 -3.154952e+03
1.444666e+03 4.822405e+02 3.904540e+03 -3.800586e+02 1.569450e+03 -2.066166e+03 8.374452e+02 -3.292022e+03
1.241213e+03 1.875020e+02 3.665608e+03 -1.056183e+01 9.400466e+02 -2.104851e+03 1.771379e+03 -3.149621e+03
1.584969e+03 4.301094e+02 4.076371e+03 -1.643016e+02 1.453890e+03 -2.203693e+03 1.055185e+03 -3.314858e+03
1.283260e+03 8.520449e+02 3.913342e+03 -3.868447e+02 1.618366e+03 -2.233732e+03 7.120729e+02 -3.187555e+03
1.386087e+03 8.320606e+01 3.767944e+03 9.542668e+01 6.177719e+02 -2.161037e+03 1.916410e+03 -3.095628e+03
1.434430e+03 5.232179e+02 3.990095e+03 1.951108e+02 1.055026e+03 -2.437949e+03 1.374479e+03 -3.049863e+03
1.459306e+03 1.940061e+02 3.883980e+03 -8.335019e+01 8.351374e+02 -2.535793e+03 1.530100e+03 -3.417349e+03
1.368135e+03 3.667565e+02 3.596539e+03 -5.432501e+01 7.163171e+02 -1.947496e+03 1.660628e+03 -2.862877e+03
1.352272e+03 4.863811e+02 3.880194e+03 -3.199091e+02 6.355944e+02 -1.791206e+03 1.655442e+03 -2.723205e+03
1.195656e+03 3.378950e+02 4.017089e+03 2.790990e+02 1.313240e+03 -2.376065e+03 1.600808e+03 -3.176680e+03
1.324227e+03 6.063879e+02 3.687732e+03 7.567640e+01 8.531209e+02 -2.483033e+03 1.668162e+03 -3.234549e+03
1.527603e+03 -1.900229e+02 3.593654e+03 -2.704006e+02 3.108142e+02 -1.624641e+03 1.868669e+03 -3.100054e+03
1.203669e+03 2.471298e+01 3.589995e+03 4.934643e+01 6.993716e+02 -1.997558e+03 2.012511e+03 -2.988994e+03
1.484803e+03 -2.575684e+02 3.713250e+03 -4.726340e+01 6.011086e+02 -1.518552e+03 2.041248e+03 -3.068961e+03
1.242089e+03 1.909418e+02 3.865476e+03 1.786947e+02 9.738169e+02 -2.437037e+03 1.595570e+03 -2.899420e+03
1.228583e+03 3.974976e+02 3.809454e+03 -1.907337e+02 9.449252e+02 -2.739306e+03 1.537649e+03 -3.242667e+03
1.285636e+03 3.764339e+02 4.035338e+03 -1.217445e+02 1.142100e+03 -1.795646e+03 1.598786e+03 -3.194063e+03
1.609470e+03 1.010241e+03 4.147637e+03 7.299388e+02 1.595630e+03 -3.486532e+03 2.165566e+03 -4.123428e+03
1.155272e+03 1.660943e+02 3.859656e+03 6.052152e+01 1.261295e+03 -1.614669e+03 1.492133e+03 -3.004095e+03
1.278095e+03 -1.754592e+02 3.874679e+03 2.419408e+02 9.311251e+02 -2.223210e+03 1.916218e+03 -3.370550e+03
1.444601e+03 4.098978e+02 4.212748e+03 -1.701827e+02 5.010025e+02 -1.611223e+03 1.698303e+03 -2.644802e+03
1.351381e+03 8.877411e+02 4.150664e+03 -3.144583e+02 1.386062e+03 -2.163977e+03 1.040067e+03 -2.986143e+03
1.300650e+03 5.766348e+02 4.088282e+03 -2.559583e+02 7.336440e+02 -2.166406e+03 1.464058e+03 -2.679423e+03
1.610287e+03 1.806684e+01 3.512836e+03 4.940255e+01 7.552981e+02 -1.878688e+03 1.720419e+03 -3.388169e+03
1.509461e+03 1.255509e+03 4.355054e+03 4.412595e+02 1.159092e+03 -3.341033e+03 2.189894e+03 -3.898827e+03
1.053709e+03 5.793463e+02 4.049105e+03 2.769785e+00 1.582981e+03 -2.007854e+03 1.104158e+03 -3.133565e+03
1.469366e+03 4.443617e+02 3.760759e+03 5.827478e+02 1.226658e+03 -3.530389e+03 1.980430e+03 -4.072038e+03
1.146167e+03 2.219773e+02 3.848240e+03 -8.970912e+00 1.327824e+03 -2.104252e+03 1.296766e+03 -3.000017e+03
1.481327e+03 2.495804e+02 4.017044e+03 -2.512119e+02 7.245302e+02 -2.028602e+03 1.435236e+03 -3.065754e+03
1.400331e+03 9.886949e+01 3.497647e+03 -1.760018e+01 6.264733e+02 -1.698842e+03 1.557853e+03 -2.925656e+03
1.069998e+03 1.223622e+03 4.288979e+03 2.264285e+02 1.108752e+03 -3.047544e+03 2.616470e+03 -4.043392e+03
1.557000e+03 1.074532e+03 4.074150e+03 -3.799598e+02 1.123977e+03 -2.393841e+03 1.182456e+03 -3.092951e+03
1.286934e+03 2.368592e+02 3.817349e+03 1.008028e+02 8.289886e+02 -2.095012e+03 1.802056e+03 -3.183949e+03
1.473886e+03 1.393338e+03 3.808746e+03 -4.428626e+02 1.381845e+03 -1.555332e+03 1.967333e+03 -4.074257e+03
1.644364e+03 1.252519e+03 3.833587e+03 -2.814175e+02 1.207003e+03 -1.503560e+03 2.111296e+03 -3.774269e+03
2.008736e+03 1.240066e+03 4.063923e+03 4.090157e+02 1.480502e+03 -3.029533e+03 2.375615e+03 -4.656909e+03
1.619716e+03 1.195886e+03 3.818017e+03 -4.099833e+02 1.137170e+03 -1.697461e+03 2.008754e+03 -3.872735e+03
1.534671e+03 1.569036e+03 4.132858e+03 -1.323855e+02 8.819645e+02 -3.414482e+03 2.884697e+03 -5.259020e+03
1.680637e+03 1.248877e+03 3.647805e+03 -8.367852e+02 1.408118e+03 -7.745942e+02 1.341570e+03 -3.974422e+03
1.538749e+03 1.343804e+03 3.882705e+03 -4.705364e+02 1.801405e+03 -1.621917e+03 1.631604e+03 -4.618505e+03
1.517159e+03 1.007790e+03 3.543135e+03 1.249052e+02 1.710771e+03 -1.449914e+03 1.597130e+03 -3.364285e+03
1.512346e+03 1.273203e+03 3.969452e+03 -4.186695e+02 1.358858e+03 -1.626688e+03 2.038027e+03 -3.865129e+03
1.446389e+03 1.162027e+03 3.952483e+03 9.535369e+01 1.554180e+03 -1.630274e+03 1.886026e+03 -3.623022e+03
1.796268e+03 1.182781e+03 3.979072e+03 -3.440448e+02 1.411298e+03 -1.761628e+03 2.137542e+03 -4.228572e+03
1.830817e+03 1.044462e+03 4.218663e+03 -2.725190e+02 1.388834e+03 -1.819713e+03 2.208978e+03 -3.925229e+03
1.706205e+03 1.259354e+03 3.903979e+03 -4.161189e+02 1.287180e+03 -1.902161e+03 1.921702e+03 -4.665742e+03
1.832855e+03 1.280375e+03 4.052449e+03 -4.095839e+02 1.414355e+03 -1.390037e+03 1.970887e+03 -3.948246e+03
1.982383e+03 9.607892e+02 3.885858e+03 -5.030795e+02 1.054343e+03 -1.675746e+03 1.905584e+03 -4.444009e+03
1.736199e+03 1.014813e+03 3.810802e+03 2.162852e+02 1.659841e+03 -1.765666e+03 1.783083e+03 -3.810201e+03
1.804940e+03 1.028824e+03 3.804007e+03 7.780839e+01 1.431862e+03 -2.340262e+03 2.091479e+03 -3.838609e+03
1.782344e+03 1.363991e+03 4.055450e+03 -3.551367e+02 1.347202e+03 -1.603026e+03 1.943409e+03 -3.429579e+03
1.385714e+03 1.067836e+03 4.041556e+03 1.357137e+01 1.312068e+03 -2.465190e+03 2.429942e+03 -3.948173e+03
1.425365e+03 1.029416e+03 3.686733e+03 -1.229655e+02 1.604339e+03 -1.306644e+03 1.844919e+03 -3.488518e+03
1.464615e+03 8.581379e+02 3.872146e+03 1.492080e+01 1.502820e+03 -1.444451e+03 1.693245e+03 -3.722400e+03
1.828831e+03 1.280371e+03 3.988238e+03 -6.745150e+01 1.550812e+03 -1.879145e+03 1.965064e+03 -4.562603e+03
1.496676e+03 1.158100e+03 3.723036e+03 -3.568196e+02 1.387210e+03 -1.399757e+03 1.670434e+03 -3.829142e+03
1.708663e+03 9.597037e+02 3.798782e+03 -1.246706e+02 1.590223e+03 -1.470779e+03 1.903909e+03 -3.495738e+03
1.646718e+03 1.070419e+03 3.842425e+03 7.376756e-01 1.767551e+03 -1.484988e+03 1.712354e+03 -3.919880e+03
1.742059e+03 1.258108e+03 4.072931e+03 2.425723e+02 1.407580e+03 -2.666124e+03 2.166022e+03 -4.480392e+03
2.209028e+03 1.149012e+03 3.744685e+03 -1.159014e+02 1.548722e+03 -1.936074e+03 1.836967e+03 -3.739356e+03
1.722749e+03 1.271574e+03 3.985696e+03 -5.498968e+02 1.322183e+03 -1.297627e+03 1.975033e+03 -3.703304e+03
1.800939e+03 1.093330e+03 3.921373e+03 -5.101237e+02 1.352121e+03 -1.539567e+03 1.798279e+03 -4.588177e+03
1.506912e+03 1.127549e+03 3.682990e+03 -7.893299e+01 1.518456e+03 -1.553834e+03 1.714731e+03 -3.808257e+03
1.641560e+03 1.059035e+03 3.816952e+03 1.886751e+02 1.374135e+03 -2.657699e+03 2.377607e+03 -4.092322e+03
1.766367e+03 1.228254e+03 4.244961e+03 -4.497991e+02 1.237943e+03 -1.339979e+03 2.095051e+03 -3.709714e+03
1.960544e+03 1.643962e+03 4.410920e+03 3.669592e+02 1.618559e+03 -3.593290e+03 2.688467e+03 -5.002792e+03
1.693918e+03 1.073698e+03 3.967585e+03 -6.627300e+01 1.584318e+03 -1.429768e+03 1.921522e+03 -3.676065e+03
1.651930e+03 1.236894e+03 3.846775e+03 -2.210147e+02 1.402106e+03 -1.622940e+03 1.743414e+03 -3.610781e+03
1.796994e+03 1.082336e+03 3.903553e+03 1.041491e+02 1.644222e+03 -1.572205e+03 1.796948e+03 -3.595743e+03
1.659980e+03 1.493712e+03 3.708248e+03 -1.715547e+02 1.389453e+03 -2.043750e+03 1.991191e+03 -4.378508e+03
1.384423e+03 1.598493e+03 4.074189e+03 -5.576351e+02 1.707131e+03 -1.414811e+03 1.691814e+03 -4.610298e+03
1.755537e+03 1.054595e+03 4.542883e+03 4.785327e+02 1.417850e+03 -2.923893e+03 2.739868e+03 -4.356274e+03
1.499539e+03 1.432551e+03 3.950241e+03 1.415897e+02 1.669265e+03 -2.059609e+03 2.097734e+03 -4.252607e+03
1.537569e+03 1.373027e+03 3.944462e+03 -4.071156e+02 1.325809e+03 -2.091491e+03 2.142356e+03 -4.644064e+03
1.690723e+03 1.527077e+03 3.738478e+03 -4.340129e+02 1.508024e+03 -1.855283e+03 1.900157e+03 -4.304472e+03
1.770203e+03 1.154082e+03 3.986112e+03 -1.707150e+02 1.559405e+03 -1.298551e+03 1.812090e+03 -3.389828e+03
1.734035e+03 1.255407e+03 3.968085e+03 -4.458111e+02 1.214782e+03 -1.611611e+03 1.969598e+03 -4.106561e+03
1.970111e+03 1.015722e+03 4.125990e+03 1.160210e+02 1.655816e+03 -1.620692e+03 1.830378e+03 -3.880636e+03
1.706053e+03 1.305315e+03 3.733453e+03 -3.698324e+02 1.671126e+03 -1.132559e+03 1.645100e+03 -3.723622e+03
1.858286e+03 1.014782e+03 4.780652e+03 -6.961200e+01 1.172646e+03 -2.974169e+03 2.823995e+03 -5.007715e+03
1.731685e+03 1.227600e+03 3.887457e+03 -3.106017e+02 1.513065e+03 -1.441510e+03 2.002758e+03 -4.008221e+03
1.896921e+03 1.058683e+03 3.632623e+03 6.017645e+01 1.554437e+03 -2.096590e+03 1.985144e+03 -4.004931e+03
1.773765e+03 1.020579e+03 4.062997e+03 4.876988e+02 1.301162e+03 -3.142483e+03 2.533412e+03 -4.530903e+03
1.731492e+03 1.366968e+03 4.004180e+03 -5.597196e+02 1.258473e+03 -1.302415e+03 1.975820e+03 -3.526051e+03
1.555411e+03 1.561370e+03 3.997979e+03 -1.178449e+02 1.499271e+03 -2.153800e+03 2.211627e+03 -4.050876e+03
1.887255e+03 1.208275e+03 4.571070e+03 4.773941e+02 1.689668e+03 -2.876317e+03 2.661054e+03 -4.772931e+03
1.729831e+03 1.202015e+03 4.068703e+03 -4.567799e+02 1.365265e+03 -1.441905e+03 2.006276e+03 -4.045470e+03
1.798354e+03 1.527032e+03 4.026468e+03 -4.014502e+02 1.379268e+03 -1.659531e+03 1.926706e+03 -3.974802e+03
1.584881e+03 1.559294e+03 3.948662e+03 -7.008243e+02 1.643385e+03 -1.336669e+03 1.640810e+03 -4.167037e+03
9.723104e+02 2.193963e+03 4.892673e+03 6.055686e+02 2.897984e+02 -5.656824e+03 4.634147e+03 -6.974296e+03
1.744793e+03 1.407993e+03 3.901604e+03 -4.742146e+02 1.651880e+03 -9.260532e+02 1.597753e+03 -3.694025e+03
1.784215e+03 1.154042e+03 3.886681e+03 -1.747071e+01 1.636311e+03 -1.734126e+03 1.911580e+03 -3.939173e+03
1.783805e+03 1.020551e+03 3.834450e+03 -3.801113e+02 1.340136e+03 -1.696035e+03 1.951453e+03 -3.916343e+03
1.575993e+03 1.255774e+03 3.908562e+03 2.691814e+01 1.808998e+03 -1.396169e+03 1.827191e+03 -3.453409e+03
1.459536e+03 1.513791e+03 3.771916e+03 -6.735736e+02 1.620645e+03 -1.198691e+03 1.525121e+03 -3.936174e+03
1.694032e+03 1.162238e+03 3.719201e+03 -1.948677e+02 1.199568e+03 -2.034614e+03 2.184134e+03 -3.868175e+03
1.256963e+03 1.482578e+03 4.044831e+03 -5.779826e+02 1.073766e+03 -1.526498e+03 2.243279e+03 -3.919477e+03
1.665571e+03 9.178364e+02 4.197000e+03 3.002958e+02 1.300260e+03 -2.666771e+03 2.352029e+03 -4.091031e+03
1.750317e+03 1.310914e+03 3.597389e+03 -4.637713e+02 1.492505e+03 -1.493231e+03 1.695209e+03 -4.068852e+03
1.887397e+03 1.012576e+03 3.574455e+03 -5.027741e+02 1.678599e+03 -8.740777e+02 1.449859e+03 -3.545267e+03
1.345794e+03 1.244804e+03 3.826026e+03 -6.117127e+01 1.372995e+03 -1.858702e+03 1.970563e+03 -3.854196e+03
1.580422e+03 1.189245e+03 3.949722e+03 1.107639e+02 1.715680e+03 -1.673276e+03 1.936856e+03 -3.734875e+03
1.659398e+03 1.369477e+03 3.870813e+03 -9.887361e+01 1.521477e+03 -1.688629e+03 1.892760e+03 -4.116616e+03
2.244531e+03 1.164122e+03 4.688317e+03 8.104706e+02 1.729183e+03 -3.656622e+03 2.923473e+03 -5.436681e+03
1.856471e+03 1.032924e+03 3.827539e+03 2.192977e+02 1.614754e+03 -1.783567e+03 1.764419e+03 -3.778178e+03
1.828642e+03 1.158310e+03 4.689277e+03 3.625105e+02 1.270499e+03 -2.998551e+03 2.792454e+03 -4.361556e+03
1.595541e+03 1.468108e+03 4.151490e+03 -5.873288e+02 1.319447e+03 -1.406568e+03 2.103157e+03 -3.904740e+03
1.823456e+03 1.117202e+03 3.981338e+03 3.421159e+02 1.773525e+03 -1.833014e+03 1.842946e+03 -3.911590e+03
1.647644e+03 1.067038e+03 4.022048e+03 -2.087332e+02 1.337955e+03 -1.444889e+03 1.835590e+03 -4.009998e+03
1.692223e+03 1.121113e+03 3.802342e+03 3.362311e+02 1.268379e+03 -2.814525e+03 2.396076e+03 -4.264527e+03
1.690362e+03 1.210124e+03 3.989492e+03 6.803954e+01 1.756612e+03 -1.539628e+03 1.708123e+03 -3.849150e+03
1.734975e+03 1.337557e+03 4.161573e+03 -4.306025e+02 1.309006e+03 -1.370593e+03 2.077537e+03 -3.815002e+03
1.624668e+03 1.182462e+03 3.864946e+03 2.248157e+02 1.775401e+03 -1.712192e+03 1.802618e+03 -3.761091e+03
1.813936e+03 1.503114e+03 3.951695e+03 -3.358442e+02 1.352341e+03 -2.267481e+03 2.099834e+03 -4.368758e+03
1.840685e+03 1.118741e+03 3.883762e+03 -9.649529e+00 1.554189e+03 -1.434283e+03 1.815421e+03 -3.801695e+03
1.572910e+03 1.363626e+03 3.467502e+03 -6.512446e+02 1.686546e+03 -1.074430e+03 1.379332e+03 -3.576832e+03
1.787463e+03 1.133768e+03 3.888770e+03 -2.660189e+01 1.766919e+03 -1.183574e+03 1.798263e+03 -3.364160e+03
1.089516e+03 8.717919e+02 3.440923e+03 -9.966952e+02 8.410111e+02 -8.672498e+02 1.299247e+03 -3.718669e+03
1.940049e+03 1.340415e+03 4.779634e+03 5.096364e+02 1.519427e+03 -3.136503e+03 2.810369e+03 -4.680905e+03
1.938958e+03 1.313584e+03 4.513424e+03 2.529529e+02 1.596502e+03 -2.555848e+03 2.484962e+03 -4.119980e+03
1.743031e+03 1.187435e+03 4.017406e+03 -1.576159e+02 1.485495e+03 -1.834190e+03 2.191200e+03 -3.689822e+03
1.607103e+03 1.508393e+03 3.969444e+03 -6.333757e+02 1.410250e+03 -1.331978e+03 1.841716e+03 -3.816020e+03
1.531968e+03 1.060102e+03 4.033364e+03 -1.449988e+02 1.399569e+03 -1.692613e+03 2.150140e+03 -3.945579e+03
2.045577e+03 1.062925e+03 4.179323e+03 -1.052180e+02 1.553239e+03 -1.606531e+03 2.064118e+03 -3.610361e+03
1.995896e+03 8.901903e+02 4.152157e+03 -9.201079e+01 1.328689e+03 -1.655664e+03 2.104218e+03 -3.863838e+03
1.769093e+03 1.021787e+03 3.966301e+03 -3.250475e+02 1.352647e+03 -1.522490e+03 2.038672e+03 -4.050281e+03
2.007149e+03 1.009517e+03 3.794922e+03 -9.514834e+01 1.424659e+03 -1.912905e+03 2.025959e+03 -4.026053e+03
1.795380e+03 1.295116e+03 4.036543e+03 -4.794532e+02 1.197370e+03 -1.575589e+03 2.105263e+03 -3.721717e+03
1.613225e+03 1.317549e+03 4.141607e+03 -1.910745e+02 1.292538e+03 -2.025011e+03 2.067550e+03 -4.192737e+03
1.722566e+03 1.015058e+03 3.965181e+03 2.854630e+02 1.456090e+03 -2.660480e+03 2.235737e+03 -4.269034e+03
1.474096e+03 1.464627e+03 4.159825e+03 -3.676221e+02 1.441237e+03 -1.684473e+03 2.169208e+03 -4.210379e+03
1.712030e+03 9.734422e+02 4.018111e+03 -2.981547e+02 1.247576e+03 -1.405685e+03 2.073479e+03 -3.724660e+03
1.692686e+03 1.185456e+03 3.667795e+03 -1.598460e+02 1.325784e+03 -1.946182e+03 2.053284e+03 -3.952894e+03
1.708108e+03 1.128305e+03 3.812666e+03 -2.375869e+02 1.130629e+03 -2.158669e+03 2.176206e+03 -4.192014e+03
1.772023e+03 1.107077e+03 4.053656e+03 -4.141353e+02 1.141937e+03 -1.597620e+03 2.130379e+03 -3.809132e+03
1.662808e+03 8.592108e+02 3.925654e+03 -4.150328e+01 1.509721e+03 -1.455257e+03 1.943030e+03 -3.663232e+03
1.513519e+03 1.573550e+03 3.911702e+03 -6.580319e+02 1.533245e+03 -1.424640e+03 2.004843e+03 -4.039719e+03
1.761804e+03 1.255085e+03 3.914016e+03 -4.052501e+02 1.231317e+03 -1.618358e+03 1.989799e+03 -3.782682e+03
1.943632e+03 1.397671e+03 4.117031e+03 -1.137703e+01 1.809066e+03 -1.828742e+03 1.858485e+03 -3.927305e+03
2.012403e+03 1.051616e+03 3.862183e+03 1.609619e+01 1.693619e+03 -1.527816e+03 1.732827e+03 -3.464161e+03
9.496266e+02 2.308037e+03 5.128163e+03 9.798356e+02 5.294072e+02 -6.326325e+03 4.830118e+03 -7.333770e+03
1.735286e+03 1.202193e+03 4.033555e+03 -5.078794e+02 1.234520e+03 -1.301335e+03 2.052887e+03 -3.424002e+03
1.427465e+03 1.085081e+03 3.734236e+03 1.205879e+02 1.497385e+03 -1.594806e+03 1.862313e+03 -3.811939e+03
1.818939e+03 1.104889e+03 4.224072e+03 -4.667706e+02 1.176704e+03 -1.171510e+03 2.047573e+03 -3.450984e+03
1.754584e+03 8.601231e+02 4.045456e+03 -9.529758e+01 1.266962e+03 -1.635142e+03 2.196126e+03 -3.802334e+03
1.369140e+03 5.877297e+02 3.708494e+03 1.422009e+02 1.427570e+03 -1.497866e+03 1.732286e+03 -3.351954e+03
1.666481e+03 9.881741e+02 3.813299e+03 1.966716e+02 1.574692e+03 -1.738638e+03 1.846147e+03 -3.812344e+03
1.502305e+03 7.618042e+02 3.595916e+03 9.972809e+01 1.436123e+03 -2.065814e+03 2.098206e+03 -3.700825e+03
6.560359e+02 7.836696e+02 3.478303e+03 -4.183588e+02 1.035565e+03 -1.436466e+03 1.714373e+03 -2.804415e+03
1.736758e+03 1.174774e+03 3.972052e+03 -9.912816e+01 1.464115e+03 -1.631897e+03 2.049553e+03 -3.989076e+03
1.118719e+03 1.433483e+03 3.640958e+03 -3.865146e+02 1.368833e+03 -1.523720e+03 1.753809e+03 -3.729586e+03
1.779536e+03 8.282245e+02 4.618191e+03 3.518858e+02 1.301135e+03 -2.537247e+03 2.509512e+03 -4.226095e+03
9.257437e+02 8.101637e+02 3.741786e+03 2.279394e-02 1.134885e+03 -1.924412e+03 2.178532e+03 -3.332945e+03
1.799863e+03 9.896356e+02 3.900707e+03 5.117544e+01 1.468992e+03 -1.676919e+03 1.844200e+03 -3.899847e+03
1.494239e+03 1.069661e+03 4.187403e+03 2.898234e+02 1.463916e+03 -2.226655e+03 2.256530e+03 -3.780673e+03
1.699917e+03 1.117729e+03 4.225910e+03 -2.888901e+02 1.499033e+03 -1.855956e+03 2.136132e+03 -4.767036e+03
1.862396e+03 1.155993e+03 3.954256e+03 -1.800953e+02 1.531739e+03 -1.678169e+03 1.905240e+03 -3.689172e+03
1.578728e+03 1.204993e+03 3.944641e+03 1.954263e+02 1.846473e+03 -1.706674e+03 1.873426e+03 -3.717021e+03
1.392538e+03 1.061561e+03 3.626979e+03 -4.097864e+01 1.363093e+03 -2.210269e+03 2.229595e+03 -3.845789e+03
1.677893e+03 1.151512e+03 3.835184e+03 -2.273338e+02 1.214932e+03 -1.955765e+03 2.064587e+03 -3.994302e+03
1.911254e+03 1.316236e+03 4.247719e+03 -6.997593e+01 1.340058e+03 -2.348590e+03 2.185202e+03 -3.922303e+03
1.782452e+03 1.112341e+03 4.482939e+03 4.865983e+02 1.501237e+03 -2.797773e+03 2.754506e+03 -4.530043e+03
1.780928e+03 8.721045e+02 3.921125e+03 8.811363e+01 1.185575e+03 -2.247999e+03 2.124542e+03 -4.162471e+03
1.568077e+03 1.251976e+03 3.784111e+03 -1.271964e+02 1.556016e+03 -1.510809e+03 1.740799e+03 -3.904448e+03
1.726505e+03 1.048949e+03 4.051738e+03 -1.089435e+02 1.283880e+03 -1.924093e+03 2.236084e+03 -4.530806e+03
1.697219e+03 1.230445e+03 4.025646e+03 -3.002933e+02 1.382727e+03 -1.587275e+03 2.092480e+03 -4.003508e+03
1.718503e+03 1.402049e+03 4.127248e+03 -4.936584e+02 1.238319e+03 -1.398565e+03 2.003819e+03 -3.807247e+03
1.705322e+03 1.214619e+03 3.925594e+03 -1.986556e+02 1.513915e+03 -1.706340e+03 1.899433e+03 -3.828006e+03
1.594235e+03 1.511106e+03 3.927412e+03 -6.517646e+02 1.396816e+03 -1.049443e+03 1.834995e+03 -3.579874e+03
1.834674e+03 8.990438e+02 4.716725e+03 4.185751e+02 1.236822e+03 -3.303517e+03 2.794270e+03 -4.604296e+03
1.782047e+03 9.499914e+02 3.676678e+03 -4.801209e+01 1.448873e+03 -2.016811e+03 1.991464e+03 -3.900631e+03
1.669392e+03 1.128625e+03 3.960224e+03 5.949565e+01 1.594991e+03 -1.813334e+03 2.167157e+03 -3.821195e+03
1.861959e+03 1.170530e+03 3.996005e+03 -3.738880e+02 1.444387e+03 -1.815745e+03 1.863463e+03 -4.468793e+03
1.563095e+03 1.137744e+03 3.952526e+03 1.615544e+02 1.793403e+03 -1.449684e+03 1.850906e+03 -3.703954e+03
1.807967e+03 1.305806e+03 3.883212e+03 -3.239486e+02 1.544308e+03 -1.048420e+03 1.391850e+03 -3.111819e+03
2.017845e+03 1.142266e+03 3.752971e+03 1.200802e+01 1.576848e+03 -2.022620e+03 1.837067e+03 -3.949306e+03
1.621519e+03 1.223576e+03 3.749194e+03 7.723624e+00 1.636043e+03 -1.582707e+03 1.712151e+03 -3.965804e+03
1.549761e+03 1.422621e+03 4.002807e+03 -4.516075e+02 1.323554e+03 -1.458587e+03 2.044685e+03 -4.106567e+03
4.409416e+02 1.638433e+03 4.356973e+03 5.359101e+02 5.935151e+02 -5.015833e+03 3.794412e+03 -5.882899e+03
1.649165e+03 1.066146e+03 3.882360e+03 2.461188e+02 1.733273e+03 -1.798664e+03 1.857482e+03 -3.906548e+03
1.619812e+03 1.234619e+03 3.916478e+03 1.605293e+01 1.856360e+03 -1.445072e+03 1.587128e+03 -3.588477e+03
1.594689e+03 1.552004e+03 3.935001e+03 -5.157482e+02 1.512343e+03 -1.529229e+03 1.955220e+03 -4.051711e+03
1.641850e+03 1.318799e+03 3.869214e+03 -9.036032e+01 1.578809e+03 -1.460504e+03 1.771042e+03 -3.390554e+03
1.657087e+03 1.402173e+03 4.146417e+03 -6.115956e+02 1.264296e+03 -1.077718e+03 1.929738e+03 -3.367256e+03
1.264112e+03 2.064101e+03 4.463438e+03 3.109825e+02 9.511301e+02 -4.691389e+03 3.477379e+03 -6.200069e+03
1.118326e+03 2.178834e+03 4.355723e+03 8.158384e+01 6.120658e+02 -5.047579e+03 3.741779e+03 -6.245734e+03
1.436710e+03 1.034781e+03 3.904618e+03 -4.118547e+01 1.538547e+03 -1.261413e+03 1.757410e+03 -3.738006e+03
1.924931e+03 7.501844e+02 3.711783e+03 1.222564e+02 1.607112e+03 -1.778717e+03 1.829730e+03 -3.469083e+03
1.592714e+03 1.120121e+03 4.062844e+03 -4.539701e+02 9.857275e+02 -1.631263e+03 2.310004e+03 -3.899792e+03
1.692429e+03 1.449367e+03 3.928459e+03 -5.484122e+02 1.456420e+03 -1.357647e+03 1.765792e+03 -3.836824e+03
1.506590e+03 1.223475e+03 3.782484e+03 -6.608474e+01 1.587085e+03 -1.561187e+03 1.859028e+03 -3.617038e+03
1.770548e+03 1.336968e+03 3.956042e+03 -4.653490e+02 1.261860e+03 -1.407937e+03 1.975875e+03 -3.790103e+03
2.033819e+03 1.261959e+03 4.420632e+03 -4.703511e+01 1.457325e+03 -2.347850e+03 2.235672e+03 -4.420392e+03
1.641515e+03 9.584640e+02 4.015188e+03 -3.880200e+02 1.117947e+03 -1.243345e+03 2.186498e+03 -3.779277e+03
1.868994e+03 1.356870e+03 3.861968e+03 -2.701110e+02 1.647111e+03 -1.360241e+03 1.688166e+03 -3.554550e+03
2.147911e+03 1.229777e+03 3.949838e+03 -5.038179e+01 1.670092e+03 -1.756490e+03 1.819594e+03 -3.930472e+03
1.733983e+03 1.173440e+03 4.092982e+03 -4.650718e+02 1.132916e+03 -1.148877e+03 2.036128e+03 -3.298319e+03
1.744304e+03 1.312937e+03 3.978324e+03 -4.336226e+02 1.388625e+03 -1.389347e+03 2.058008e+03 -3.669787e+03
1.656930e+03 1.190155e+03 3.846413e+03 -3.845909e+02 1.374835e+03 -1.500237e+03 1.996768e+03 -3.903568e+03
1.537033e+03 1.402602e+03 4.076476e+03 -6.455677e+02 1.372505e+03 -1.014192e+03 1.924771e+03 -3.861213e+03
1.635794e+03 1.363765e+03 4.150126e+03 -3.249546e+01 1.444123e+03 -2.479292e+03 2.313377e+03 -4.349474e+03
1.716047e+03 1.174196e+03 4.023785e+03 -4.445714e+01 1.619220e+03 -1.419113e+03 1.958906e+03 -3.483962e+03
1.777563e+03 8.223058e+02 3.945292e+03 -1.675637e+02 1.269299e+03 -1.713563e+03 2.203498e+03 -3.684082e+03
1.763571e+03 1.245371e+03 3.828447e+03 -2.909768e+02 1.488622e+03 -1.478864e+03 1.814575e+03 -4.170866e+03
1.492310e+03 1.321559e+03 3.827103e+03 -5.372672e+02 1.278223e+03 -1.158425e+03 2.096297e+03 -3.405848e+03
1.901699e+03 9.915627e+02 3.852983e+03 2.106343e+02 1.743102e+03 -1.639763e+03 1.755124e+03 -3.809989e+03
1.494736e+03 1.588789e+03 3.991823e+03 -6.913774e+02 1.482489e+03 -1.415047e+03 1.848523e+03 -4.158804e+03
1.641572e+03 1.122385e+03 3.950395e+03 -4.042266e+02 1.384958e+03 -1.289166e+03 2.041214e+03 -3.954246e+03
1.969221e+03 1.189378e+03 4.092231e+03 -1.300159e+02 1.549469e+03 -1.552277e+03 1.932051e+03 -3.790337e+03
1.981302e+03 9.079264e+02 3.687865e+03 1.288504e+02 1.474408e+03 -2.102830e+03 1.982798e+03 -3.902852e+03
1.792969e+03 1.347909e+03 3.927100e+03 -4.042943e+02 1.667363e+03 -1.274679e+03 1.769966e+03 -4.220879e+03
1.830881e+03 9.901265e+02 3.737602e+03 1.931123e+01 1.666912e+03 -1.593929e+03 1.778018e+03 -3.392590e+03
1.612953e+03 1.473870e+03 4.075436e+03 -5.703055e+02 1.738303e+03 -1.046191e+03 1.625984e+03 -4.063514e+03
1.914145e+03 1.027367e+03 3.872406e+03 -4.274885e+02 1.262328e+03 -1.535547e+03 1.806313e+03 -4.548185e+03
1.831089e+03 1.296563e+03 4.401433e+03 -1.881361e+02 1.215127e+03 -2.478364e+03 2.548273e+03 -4.643327e+03
1.792275e+03 1.184399e+03 4.080972e+03 1.764690e+02 1.679646e+03 -2.159824e+03 2.022522e+03 -3.990797e+03
1.685089e+03 1.106351e+03 3.895924e+03 -1.493209e+02 1.574790e+03 -1.527732e+03 1.896056e+03 -3.733677e+03
1.883682e+03 9.411372e+02 3.596610e+03 -9.477189e-01 1.597327e+03 -1.867243e+03 1.925614e+03 -3.683743e+03
1.561466e+03 1.326457e+03 3.921426e+03 -2.215537e+02 1.494560e+03 -1.579603e+03 2.083456e+03 -4.173726e+03
1.957414e+03 1.202523e+03 4.076707e+03 -2.496728e+02 1.425064e+03 -1.679801e+03 2.087066e+03 -3.625659e+03
1.715803e+03 1.114567e+03 3.663873e+03 1.454807e+01 1.543939e+03 -1.995678e+03 1.941631e+03 -3.816417e+03
1.684330e+03 9.155907e+02 3.504863e+03 -1.163253e+01 1.495607e+03 -1.795009e+03 1.947785e+03 -3.642381e+03
1.800291e+03 1.546279e+03 4.078169e+03 -4.488989e+02 1.480270e+03 -1.553235e+03 1.967915e+03 -3.785581e+03
1.735491e+03 1.173607e+03 3.657520e+03 -5.065860e+01 1.515922e+03 -1.743701e+03 1.874681e+03 -3.637104e+03
1.556390e+03 1.672929e+03 3.842098e+03 -6.462980e+02 1.856613e+03 -9.721814e+02 1.252490e+03 -4.426932e+03
1.529701e+03 1.526403e+03 3.848119e+03 -3.549277e+02 1.206450e+03 -2.419270e+03 2.370906e+03 -4.356202e+03
1.788927e+03 1.150007e+03 4.505525e+03 4.679652e+02 1.642287e+03 -2.639314e+03 2.567882e+03 -4.613963e+03
1.911955e+03 9.345838e+02 3.708269e+03 3.022242e+02 1.737684e+03 -1.970789e+03 1.897862e+03 -3.914711e+03
1.421577e+03 1.188487e+03 4.074883e+03 2.461477e+02 1.396493e+03 -2.683646e+03 2.581180e+03 -4.347746e+03
1.779969e+03 1.177758e+03 3.902571e+03 -1.136086e+02 1.085279e+03 -2.509497e+03 2.298088e+03 -4.280137e+03
1.506536e+03 1.121020e+03 3.890301e+03 -1.389918e+02 1.412215e+03 -1.702503e+03 1.920503e+03 -4.073910e+03
1.589923e+03 1.077002e+03 4.014273e+03 4.196607e+01 1.320558e+03 -1.986733e+03 2.108245e+03 -3.802642e+03
1.769093e+03 1.021787e+03 3.966301e+03 -3.250475e+02 1.352647e+03 -1.522490e+03 2.038672e+03 -4.050281e+03
