2.002784e+03 1.063329e+03 -3.288239e+03 -1.510645e+03 6.326585e+02 -3.509229e+03 1.910280e+03 -7.838933e+02
1.973014e+03 1.052861e+03 -3.091072e+03 -1.700925e+03 8.749305e+02 -3.765469e+03 1.930799e+03 -6.671373e+02
2.235357e+03 8.629705e+02 -2.740490e+03 -1.632643e+03 6.914352e+02 -3.601378e+03 2.004078e+03 -6.757381e+02
2.268392e+03 1.024995e+03 -3.081038e+03 -1.642993e+03 7.131068e+02 -3.892680e+03 2.051782e+03 -3.142969e+02
1.913415e+03 1.141462e+03 -3.155399e+03 -1.890007e+03 8.233266e+02 -4.020425e+03 1.819110e+03 -6.440728e+02
2.083146e+03 1.050721e+03 -3.214152e+03 -2.145013e+03 1.190243e+03 -4.642491e+03 2.131025e+03 -9.899215e+00
2.092040e+03 1.052953e+03 -3.112484e+03 -2.038183e+03 7.621228e+02 -3.440570e+03 1.695355e+03 -7.502954e+02
1.916096e+03 1.302837e+03 -3.217507e+03 -1.939923e+03 8.152976e+02 -3.744780e+03 1.874974e+03 -9.267205e+02
2.047074e+03 1.002305e+03 -3.200229e+03 -2.084004e+03 6.341063e+02 -3.410182e+03 1.688639e+03 -9.284810e+02
2.277479e+03 8.611750e+02 -2.777185e+03 -1.952621e+03 7.746522e+02 -3.489798e+03 1.738108e+03 -6.075116e+02
2.366250e+03 1.929508e+02 -3.143742e+03 -1.716088e+03 5.105160e+02 -5.185571e+03 1.678468e+03 1.064508e+03
2.326817e+03 3.693195e+02 -3.025144e+03 -1.887051e+03 6.431962e+02 -4.786922e+03 1.438648e+03 5.637632e+02
2.729124e+03 2.997993e+01 -3.142741e+03 -1.802381e+03 8.229020e+02 -5.061943e+03 1.975303e+03 1.063634e+03
2.885585e+03 1.132799e+01 -3.235502e+03 -2.088989e+03 1.013662e+03 -5.181716e+03 1.903280e+03 1.090450e+03
2.308774e+03 4.345120e+02 -2.984593e+03 -1.279254e+03 3.942511e+02 -4.712162e+03 1.828619e+03 8.419171e+02
2.541388e+03 4.256198e+02 -2.920233e+03 -1.298319e+03 1.312760e+02 -4.319283e+03 1.693170e+03 4.977332e+02
2.673909e+03 1.907269e+02 -2.930639e+03 -1.444801e+03 3.956210e+02 -4.906560e+03 1.815517e+03 7.671717e+02
2.754163e+03 5.190951e+02 -3.020579e+03 -1.458529e+03 3.998521e+02 -4.736325e+03 1.866652e+03 6.698049e+02
2.201357e+03 4.846656e+02 -2.994810e+03 -1.458517e+03 5.093186e+02 -4.354079e+03 1.496840e+03 4.757288e+02
2.701334e+03 8.819179e+01 -2.681348e+03 -1.223073e+03 1.695036e+02 -4.578930e+03 1.828881e+03 7.511753e+02
2.214511e+03 2.981839e+02 -3.132942e+03 -1.949096e+03 7.482200e+02 -5.059037e+03 1.640877e+03 8.394896e+02
2.750892e+03 5.300122e+01 -2.913289e+03 -1.897094e+03 9.197502e+02 -4.710879e+03 1.740322e+03 8.801818e+02
2.735028e+03 4.880765e+02 -2.865099e+03 -1.176349e+03 3.660544e+02 -4.487692e+03 1.771964e+03 7.096351e+02
2.335511e+03 -2.325608e+02 -3.346144e+03 -2.282259e+03 1.069339e+03 -5.260575e+03 1.819501e+03 1.329935e+03
2.464688e+03 6.425231e+02 -3.179649e+03 -1.788704e+03 6.627559e+02 -4.780716e+03 1.628894e+03 7.002126e+02
2.552474e+03 -6.578458e+02 -3.258887e+03 -2.106280e+03 5.558857e+02 -5.335621e+03 1.813373e+03 1.497360e+03
2.398325e+03 -1.379537e+02 -3.188505e+03 -2.094578e+03 9.952620e+02 -5.117123e+03 1.865723e+03 1.164954e+03
2.595822e+03 2.984245e+02 -3.022134e+03 -1.359340e+03 4.198100e+02 -4.894514e+03 1.753096e+03 8.287029e+02
2.830575e+03 3.246431e+02 -3.115713e+03 -1.202219e+03 2.462775e+02 -4.741130e+03 1.719800e+03 7.931282e+02
2.777128e+03 2.185306e+02 -3.170346e+03 -1.963834e+03 8.571133e+02 -5.100084e+03 1.889062e+03 7.886857e+02
2.633698e+03 2.403875e+02 -3.335571e+03 -2.075311e+03 1.012607e+03 -5.619747e+03 1.896702e+03 1.111250e+03
2.328362e+03 5.147416e+02 -2.973467e+03 -1.875208e+03 5.719472e+02 -4.818543e+03 1.575831e+03 5.507035e+02
2.386737e+03 4.203571e+02 -2.674587e+03 -1.687090e+03 5.400341e+02 -4.756596e+03 1.984230e+03 1.057983e+03
2.542176e+03 -2.854769e+02 -3.432055e+03 -1.757395e+03 5.286994e+02 -5.376146e+03 1.588664e+03 1.242664e+03
2.870583e+03 3.974511e+02 -2.905115e+03 -1.265005e+03 2.672749e+02 -4.487181e+03 1.750365e+03 6.504905e+02
2.989101e+03 4.483486e+02 -3.082566e+03 -1.253999e+03 5.084559e+02 -4.815518e+03 1.779151e+03 8.771658e+02
2.810879e+03 5.209492e+02 -2.981436e+03 -1.580221e+03 5.049739e+02 -4.647347e+03 1.770336e+03 4.979583e+02
2.623050e+03 3.331439e+02 -3.091018e+03 -1.610754e+03 3.480411e+02 -4.822592e+03 1.870341e+03 8.012080e+02
2.613926e+03 3.475114e+02 -2.890477e+03 -1.828918e+03 7.251702e+02 -4.850414e+03 1.694129e+03 6.219487e+02
2.307355e+03 7.545726e+02 -3.094297e+03 -1.505752e+03 4.738470e+02 -4.462448e+03 1.851287e+03 2.642519e+02
2.474838e+03 4.313966e+02 -3.126810e+03 -1.862084e+03 6.206829e+02 -5.162709e+03 1.831933e+03 8.816702e+02
2.250038e+03 6.427896e+02 -3.002237e+03 -1.349138e+03 3.720131e+02 -4.450130e+03 1.496033e+03 5.828901e+02
2.686719e+03 6.842402e+02 -3.241037e+03 -1.673478e+03 6.557628e+02 -4.786269e+03 1.710778e+03 3.962634e+02
2.271016e+03 5.477976e+02 -3.207056e+03 -1.871289e+03 7.845778e+02 -5.103035e+03 1.894386e+03 9.470721e+02
2.608494e+03 3.622898e+02 -3.213025e+03 -2.239126e+03 1.059095e+03 -5.320640e+03 1.727559e+03 6.701841e+02
2.646923e+03 3.603426e+02 -3.347290e+03 -1.196456e+03 2.094965e+02 -5.088443e+03 1.747056e+03 8.365141e+02
2.395438e+03 7.561616e+00 -3.183317e+03 -1.839119e+03 7.928574e+02 -5.320010e+03 1.712771e+03 9.693154e+02
2.671199e+03 5.984748e+02 -3.290352e+03 -1.749152e+03 8.103093e+02 -5.236073e+03 2.011677e+03 7.670690e+02
2.930045e+03 4.444283e+02 -3.229794e+03 -1.499842e+03 3.930225e+02 -4.765739e+03 1.779452e+03 6.007918e+02
2.568120e+03 3.026492e+02 -3.305512e+03 -1.654007e+03 5.049968e+02 -4.990174e+03 1.562723e+03 6.067127e+02
2.449037e+03 -1.983566e+02 -3.511340e+03 -1.682164e+03 7.751148e+02 -5.375973e+03 1.503136e+03 1.463233e+03
2.566479e+03 5.296031e+02 -3.275582e+03 -1.691555e+03 4.626722e+02 -4.988410e+03 1.872756e+03 8.678244e+02
2.551990e+03 5.886113e+02 -3.489634e+03 -1.971310e+03 9.514271e+02 -5.575800e+03 1.618222e+03 9.349313e+02
2.693295e+03 -9.076078e+01 -3.246339e+03 -1.434767e+03 2.604104e+02 -4.964911e+03 1.653782e+03 9.747691e+02
2.636453e+03 -1.929467e+01 -3.219644e+03 -2.024289e+03 8.519958e+02 -4.903146e+03 1.872109e+03 1.173922e+03
2.399293e+03 4.049750e+02 -3.284000e+03 -2.070356e+03 9.854687e+02 -5.284236e+03 1.726611e+03 1.149511e+03
2.915909e+03 -4.734836e+01 -3.195130e+03 -1.541231e+03 5.970514e+02 -4.866796e+03 1.913785e+03 1.184468e+03
2.400689e+03 1.024866e+03 -3.229201e+03 -1.572510e+03 7.327242e+02 -4.385333e+03 1.866260e+03 2.431517e+02
2.722265e+03 3.476148e+02 -2.996861e+03 -1.326687e+03 3.989427e+02 -4.590024e+03 1.674623e+03 4.950701e+02
2.767144e+03 5.898309e+02 -3.161296e+03 -1.781008e+03 6.830928e+02 -5.055795e+03 1.850998e+03 8.606692e+02
2.789952e+03 8.273392e+02 -3.283798e+03 -1.496359e+03 4.307206e+02 -4.791601e+03 2.041886e+03 6.826189e+02
2.473645e+03 4.757238e+02 -3.410832e+03 -1.605652e+03 8.316606e+02 -5.243791e+03 1.509105e+03 8.371145e+02
2.155050e+03 4.052694e+02 -3.049037e+03 -1.683786e+03 4.301324e+02 -4.828701e+03 1.750621e+03 7.959666e+02
2.683562e+03 4.485945e+02 -3.150985e+03 -1.879141e+03 5.914718e+02 -5.066883e+03 1.855758e+03 8.264163e+02
2.590531e+03 4.984219e+02 -2.883408e+03 -1.472429e+03 2.018299e+02 -4.523837e+03 1.813027e+03 5.172367e+02
2.419652e+03 5.628431e+02 -2.963994e+03 -1.779973e+03 6.969958e+02 -4.666982e+03 1.903193e+03 7.132871e+02
2.694006e+03 3.130229e+02 -3.306612e+03 -1.393354e+03 6.124602e+02 -5.132272e+03 2.003966e+03 1.147424e+03
2.400392e+03 1.787595e+01 -3.599807e+03 -1.668626e+03 5.612250e+02 -5.607800e+03 1.610220e+03 1.222304e+03
2.637071e+03 4.587360e+02 -2.980411e+03 -1.402681e+03 2.986368e+02 -4.709701e+03 1.762143e+03 6.366219e+02
2.517066e+03 4.431229e+02 -2.965051e+03 -2.009707e+03 7.313939e+02 -5.148053e+03 1.854212e+03 7.507256e+02
2.465532e+03 9.384090e+01 -3.177333e+03 -2.045310e+03 6.671525e+02 -5.448148e+03 1.641647e+03 9.896386e+02
3.002811e+03 2.042833e+02 -2.921581e+03 -1.386767e+03 3.207457e+02 -4.616713e+03 1.702114e+03 7.413737e+02
2.478142e+03 7.630119e+02 -3.052903e+03 -1.512159e+03 3.757100e+02 -4.719779e+03 1.783836e+03 7.769493e+02
2.397501e+03 6.257354e+02 -3.295250e+03 -1.877305e+03 9.120732e+02 -5.077507e+03 1.909168e+03 9.037776e+02
2.892329e+03 -3.585389e+01 -3.564036e+03 -2.140695e+03 8.655897e+02 -6.381212e+03 2.058674e+03 1.968226e+03
2.158118e+03 5.133840e+02 -3.058794e+03 -1.987310e+03 7.091261e+02 -5.026382e+03 1.784356e+03 8.746410e+02
3.043271e+03 3.525432e+02 -3.153287e+03 -1.715633e+03 4.691576e+02 -5.008494e+03 1.831461e+03 9.196335e+02
2.700758e+03 3.638357e+02 -3.183343e+03 -1.790275e+03 4.476812e+02 -5.021888e+03 1.774646e+03 8.044535e+02
2.520488e+03 5.029344e+02 -2.887032e+03 -1.371488e+03 6.741684e+02 -4.494261e+03 1.710164e+03 5.688091e+02
2.293723e+03 4.017222e+02 -3.305645e+03 -1.997282e+03 9.471054e+02 -5.436483e+03 1.658007e+03 9.034222e+02
2.265294e+03 3.505328e+02 -3.195599e+03 -2.266900e+03 1.010994e+03 -5.536250e+03 1.755220e+03 8.785861e+02
2.671199e+03 5.984748e+02 -3.290352e+03 -1.749152e+03 8.103093e+02 -5.236073e+03 2.011677e+03 7.670690e+02
2.158118e+03 5.133840e+02 -3.058794e+03 -1.987310e+03 7.091261e+02 -5.026382e+03 1.784356e+03 8.746410e+02
2.619756e+03 1.539150e+02 -2.974775e+03 -1.652523e+03 2.978391e+02 -4.981475e+03 1.729121e+03 9.121256e+02
2.642233e+03 6.619850e+02 -3.335600e+03 -1.766041e+03 7.473847e+02 -5.331548e+03 2.020791e+03 1.207300e+03
2.708863e+03 2.688488e+02 -2.984019e+03 -1.316437e+03 4.359362e+02 -4.786595e+03 1.754433e+03 8.892540e+02
2.703805e+03 3.815052e+02 -2.976750e+03 -1.505686e+03 4.609906e+02 -4.869524e+03 1.944882e+03 6.930106e+02
2.353569e+03 5.790424e+02 -3.187686e+03 -1.779524e+03 5.028023e+02 -4.868368e+03 1.780222e+03 7.151779e+02
2.281190e+03 5.634106e+02 -3.062679e+03 -1.657426e+03 7.136989e+02 -4.409871e+03 1.572649e+03 3.610504e+02
2.544224e+03 3.521488e+02 -3.019024e+03 -1.602338e+03 6.239262e+02 -4.779083e+03 1.830786e+03 8.104644e+02
2.636411e+03 5.145475e+02 -3.052646e+03 -1.448630e+03 8.263627e+02 -4.970091e+03 1.930265e+03 7.491876e+02
2.362335e+03 5.585621e+02 -3.102387e+03 -1.843969e+03 7.279602e+02 -4.753250e+03 2.050037e+03 4.268773e+02
2.267138e+03 4.355980e+02 -2.894850e+03 -1.813647e+03 6.323818e+02 -5.005199e+03 1.737264e+03 9.157217e+02
2.351170e+03 3.336777e+02 -2.959686e+03 -1.990401e+03 5.035170e+02 -4.868883e+03 1.626205e+03 6.112918e+02
2.533949e+03 1.510641e+02 -3.292677e+03 -1.582410e+03 5.337244e+02 -5.086919e+03 1.679563e+03 8.975975e+02
2.335989e+03 5.828749e+02 -3.005439e+03 -1.249697e+03 4.815591e+02 -4.380426e+03 1.877445e+03 7.031459e+02
2.552798e+03 5.110664e+02 -2.982210e+03 -1.382953e+03 4.044712e+02 -4.379293e+03 1.506252e+03 5.233422e+02
2.743882e+03 1.323009e+02 -3.494314e+03 -1.839845e+03 7.755203e+02 -5.149704e+03 1.819534e+03 1.489447e+03
2.541828e+03 -2.932786e+01 -2.829383e+03 -1.275359e+03 1.217278e+02 -4.662884e+03 2.089483e+03 9.592183e+02
2.776270e+03 5.302483e+02 -3.130391e+03 -1.822334e+03 6.759589e+02 -5.081106e+03 1.938271e+03 7.338709e+02
2.336904e+03 5.636240e+02 -2.974614e+03 -1.419466e+03 4.239368e+02 -4.617562e+03 1.528465e+03 6.100413e+02
2.598834e+03 1.611417e+02 -3.055922e+03 -1.351902e+03 2.718110e+02 -4.754735e+03 1.587963e+03 6.754668e+02
2.665123e+03 3.717656e+02 -3.087070e+03 -1.493593e+03 2.673703e+02 -4.823576e+03 1.719903e+03 6.893273e+02
2.571033e+03 4.600831e+02 -3.225280e+03 -1.177789e+03 4.735707e+02 -4.855821e+03 1.911242e+03 9.443442e+02
2.678976e+03 2.580918e+02 -3.043281e+03 -1.338770e+03 3.650121e+02 -4.733006e+03 1.723123e+03 5.885862e+02
2.623626e+03 4.796635e+01 -2.970433e+03 -1.740448e+03 5.017227e+02 -4.849225e+03 1.775106e+03 1.130338e+03
3.071243e+03 3.680871e+02 -3.291414e+03 -1.424182e+03 7.672906e+02 -4.953290e+03 1.567827e+03 7.899916e+02
2.824171e+03 4.452109e+02 -3.420299e+03 -1.415644e+03 5.477906e+02 -5.088118e+03 1.720655e+03 8.006451e+02
2.618717e+03 5.437591e+02 -3.151803e+03 -1.793334e+03 5.272686e+02 -4.801234e+03 1.863038e+03 6.526761e+02
3.080185e+03 -9.177437e+01 -3.477706e+03 -2.173217e+03 1.097843e+03 -5.761169e+03 2.086079e+03 1.148818e+03
2.397239e+03 7.682338e+02 -2.770326e+03 -1.403164e+03 6.727373e+02 -4.188358e+03 1.765974e+03 3.339043e+02
2.679767e+03 5.041686e+02 -3.074792e+03 -1.885158e+03 4.923165e+02 -4.585101e+03 1.736669e+03 3.898332e+02
2.330688e+03 1.230490e+02 -3.280854e+03 -1.932911e+03 7.718182e+02 -5.288976e+03 1.495381e+03 1.032841e+03
2.790723e+03 1.907655e+02 -2.948267e+03 -1.263773e+03 1.535781e+02 -4.802336e+03 1.728407e+03 7.626089e+02
2.369964e+03 4.671065e+01 -3.292841e+03 -1.947131e+03 7.333143e+02 -5.508917e+03 1.694555e+03 1.199795e+03
2.601121e+03 1.766785e+02 -2.980064e+03 -1.378000e+03 3.298180e+02 -4.718188e+03 1.611096e+03 5.950054e+02
2.686314e+03 4.766180e+02 -3.272808e+03 -1.642008e+03 5.774085e+02 -4.973157e+03 1.650572e+03 5.361112e+02
2.549250e+03 1.717935e+02 -3.418648e+03 -1.508979e+03 3.295324e+02 -5.514348e+03 1.705266e+03 1.171987e+03
2.592738e+03 3.963349e+02 -3.119584e+03 -1.783811e+03 4.850478e+02 -4.800767e+03 1.909075e+03 7.858702e+02
2.915369e+03 4.040864e+02 -3.108255e+03 -1.369742e+03 4.154628e+02 -5.144526e+03 2.016331e+03 1.030637e+03
2.519922e+03 2.876713e+01 -3.386001e+03 -1.686519e+03 5.950888e+02 -5.387632e+03 1.632797e+03 1.158372e+03
2.483158e+03 7.149544e+02 -3.220108e+03 -1.527393e+03 5.796757e+02 -4.828539e+03 1.611277e+03 7.202012e+02
2.282260e+03 3.645805e+02 -2.978716e+03 -1.286709e+03 3.414823e+02 -4.338864e+03 1.651165e+03 7.015336e+02
2.894937e+03 3.382505e+02 -3.477080e+03 -1.760776e+03 4.932871e+02 -5.187032e+03 1.557550e+03 8.109740e+02
2.497408e+03 3.355027e+02 -3.124914e+03 -1.506266e+03 5.720802e+02 -4.849107e+03 1.744601e+03 9.940839e+02
2.881110e+03 5.256304e+02 -3.093369e+03 -1.457702e+03 3.134202e+02 -4.945472e+03 2.046766e+03 6.785136e+02
2.219822e+03 8.061598e+02 -3.062687e+03 -2.090223e+03 1.195611e+03 -5.090504e+03 1.920717e+03 6.161638e+02
2.797405e+03 6.469949e+01 -3.147892e+03 -1.945755e+03 8.282130e+02 -5.058991e+03 1.934127e+03 1.284102e+03
2.896193e+03 6.648894e+02 -3.135827e+03 -1.258551e+03 3.794393e+02 -4.713829e+03 1.974903e+03 8.462768e+02
2.535356e+03 3.926504e+02 -2.851444e+03 -1.671738e+03 5.059223e+02 -4.907062e+03 1.847239e+03 7.489998e+02
2.548591e+03 3.553495e+01 -3.138214e+03 -1.921950e+03 9.727351e+02 -4.978339e+03 1.901424e+03 8.740398e+02
2.645990e+03 3.022953e+02 -2.672616e+03 -1.335061e+03 4.140701e+02 -4.562924e+03 1.830234e+03 8.248946e+02
2.688369e+03 4.773747e+02 -3.182962e+03 -1.708376e+03 4.804303e+02 -5.136023e+03 1.916365e+03 1.016706e+03
2.895418e+03 1.612359e+01 -3.146221e+03 -2.053817e+03 7.163679e+02 -5.094768e+03 1.966790e+03 1.170204e+03
2.529190e+03 5.419398e+02 -3.098497e+03 -1.969144e+03 8.664774e+02 -5.000618e+03 1.928069e+03 5.230084e+02
2.527017e+03 5.963683e+02 -3.106912e+03 -1.677792e+03 6.227141e+02 -4.792700e+03 1.717212e+03 6.560844e+02
2.675636e+03 7.389803e+02 -3.017260e+03 -1.385635e+03 6.257260e+02 -4.671971e+03 1.737842e+03 8.283397e+02
3.109952e+03 3.533794e+02 -3.187097e+03 -1.762135e+03 6.049335e+02 -5.147252e+03 1.973577e+03 6.867399e+02
2.678797e+03 6.380793e+02 -2.777173e+03 -1.435897e+03 2.895011e+02 -4.097823e+03 1.919350e+03 6.707728e+01
2.692088e+03 3.513457e+02 -3.377018e+03 -1.540612e+03 4.725055e+02 -5.166521e+03 1.677112e+03 6.280876e+02
2.119861e+03 9.249190e+02 -2.624955e+03 -1.879882e+03 1.013429e+03 -4.495049e+03 2.068388e+03 4.898332e+02
2.738092e+03 1.794153e+02 -3.074266e+03 -1.682554e+03 5.075550e+02 -4.751003e+03 1.937501e+03 8.993237e+02
2.659451e+03 4.709919e+01 -3.041750e+03 -1.649331e+03 3.146779e+02 -4.939244e+03 1.545113e+03 7.940520e+02
2.452317e+03 5.656741e+02 -3.068514e+03 -1.622938e+03 5.088039e+02 -4.711844e+03 1.676202e+03 5.211297e+02
2.673084e+03 1.278040e+02 -3.183838e+03 -1.501770e+03 8.027148e+02 -4.721438e+03 1.738216e+03 1.061829e+03
2.416337e+03 -4.601441e+02 -3.490755e+03 -2.210591e+03 7.101549e+02 -6.212652e+03 1.633475e+03 2.001702e+03
2.036687e+03 3.581270e+02 -3.167952e+03 -2.330084e+03 9.955774e+02 -5.412163e+03 1.698726e+03 8.989455e+02
2.400398e+03 -3.237449e+01 -2.937109e+03 -1.453690e+03 2.436330e+02 -4.726735e+03 1.741628e+03 1.127665e+03
2.995845e+03 3.736140e+02 -3.174883e+03 -1.185513e+03 3.907043e+02 -4.934010e+03 1.749985e+03 9.552557e+02
2.834058e+03 -4.341059e+01 -3.164618e+03 -2.195700e+03 9.012700e+02 -5.323391e+03 1.950466e+03 1.176725e+03
2.575471e+03 4.312569e+02 -3.101212e+03 -1.845779e+03 5.715255e+02 -4.877172e+03 1.755314e+03 6.083859e+02
2.279455e+03 6.699503e+02 -2.921224e+03 -1.483800e+03 6.017458e+02 -4.431588e+03 1.671879e+03 4.903028e+02
2.787312e+03 8.241045e+02 -3.287953e+03 -1.525790e+03 6.182704e+02 -4.798880e+03 1.869162e+03 6.905376e+02
2.800876e+03 2.675931e+02 -2.972179e+03 -1.304302e+03 4.075139e+02 -4.630538e+03 1.749605e+03 6.173916e+02
2.857540e+03 4.107859e+02 -3.345347e+03 -1.345191e+03 4.374588e+02 -4.940863e+03 1.664255e+03 7.887366e+02
2.181352e+03 6.411701e+02 -2.790379e+03 -1.825797e+03 4.580898e+02 -5.150896e+03 2.020447e+03 8.005598e+02
2.990161e+03 5.198594e+02 -3.296625e+03 -1.479419e+03 5.961627e+02 -4.805515e+03 1.672903e+03 7.250598e+02
2.832142e+03 3.588317e+02 -3.223483e+03 -1.652160e+03 3.890759e+02 -4.906495e+03 1.822156e+03 8.086795e+02
2.559567e+03 -2.002307e+02 -2.984305e+03 -1.555386e+03 1.923305e+02 -4.955767e+03 1.833757e+03 1.094514e+03
2.261749e+03 3.683311e+02 -3.127039e+03 -2.147746e+03 1.194878e+03 -5.346186e+03 1.637852e+03 7.544506e+02
2.444797e+03 4.358223e+01 -2.827328e+03 -1.218888e+03 9.804509e+01 -4.586294e+03 1.888385e+03 1.035840e+03
2.799822e+03 5.648678e+00 -3.061930e+03 -2.216751e+03 9.811664e+02 -5.202012e+03 2.015739e+03 1.099655e+03
2.737376e+03 -1.170057e+02 -3.174517e+03 -1.950804e+03 7.789531e+02 -4.908299e+03 1.849614e+03 1.263212e+03
2.418452e+03 5.949338e+02 -2.897118e+03 -1.558889e+03 2.995039e+02 -4.488656e+03 1.665101e+03 4.018634e+02
2.906293e+03 2.084943e+02 -3.053155e+03 -1.464079e+03 2.401063e+02 -4.505633e+03 1.897741e+03 5.207928e+02
2.666023e+03 -2.734087e+01 -2.975446e+03 -1.248361e+03 1.832196e+02 -4.776626e+03 1.744272e+03 9.009300e+02
2.405663e+03 2.718328e+02 -3.087169e+03 -1.884287e+03 6.123445e+02 -5.133874e+03 1.606343e+03 8.235077e+02
2.750719e+03 6.216197e+02 -3.191557e+03 -1.589133e+03 6.598984e+02 -4.972272e+03 1.781821e+03 7.592417e+02
2.706059e+03 2.669180e+02 -2.738157e+03 -1.109170e+03 2.458871e+02 -4.507612e+03 1.944228e+03 8.285065e+02
2.428923e+03 -1.151615e+03 -3.595177e+03 -2.213020e+03 7.942158e+02 -6.455567e+03 1.198414e+03 3.022734e+03
2.549649e+03 5.146413e+02 -3.103159e+03 -1.839101e+03 5.740429e+02 -4.548879e+03 1.562024e+03 7.520475e+02
2.175841e+03 3.025406e+02 -3.200618e+03 -2.121799e+03 8.654687e+02 -5.350625e+03 1.725944e+03 9.525177e+02
2.520291e+03 1.411608e+02 -3.533353e+03 -1.770864e+03 6.963802e+02 -5.825099e+03 1.682425e+03 1.223309e+03
2.055144e+03 8.607525e+02 -3.126034e+03 -1.664401e+03 6.365246e+02 -4.489405e+03 1.573686e+03 3.658259e+02
2.598600e+03 2.048750e+02 -2.904680e+03 -1.151816e+03 4.646126e+02 -4.600965e+03 1.659117e+03 9.797785e+02
2.554454e+03 1.797477e+02 -2.876011e+03 -1.526657e+03 1.105354e+02 -4.900666e+03 1.909878e+03 8.867719e+02
2.581066e+03 5.809315e+02 -3.198881e+03 -1.965763e+03 8.522909e+02 -5.391547e+03 1.755962e+03 9.079926e+02
2.578110e+03 3.881463e+02 -3.227198e+03 -1.232018e+03 4.501478e+02 -4.841305e+03 1.881383e+03 8.362905e+02
2.072125e+03 6.531546e+02 -3.085449e+03 -1.798992e+03 6.560343e+02 -4.692866e+03 1.708274e+03 6.962013e+02
2.894577e+03 2.770548e+02 -3.185046e+03 -1.377381e+03 5.487302e+02 -4.954129e+03 1.900903e+03 1.060794e+03
2.652399e+03 4.393789e+01 -2.949470e+03 -1.112807e+03 3.443792e+02 -4.634778e+03 1.681371e+03 9.203549e+02
2.474075e+03 4.292886e+02 -3.128195e+03 -1.860140e+03 5.179986e+02 -4.900447e+03 1.982827e+03 7.407997e+02
2.886413e+03 2.936713e+02 -3.247487e+03 -1.704347e+03 4.294173e+02 -4.972735e+03 1.667537e+03 5.852476e+02
2.646370e+03 3.658361e+02 -3.284972e+03 -1.640432e+03 5.494571e+02 -5.285639e+03 1.807244e+03 8.806930e+02
2.478164e+03 6.213521e+02 -3.078809e+03 -1.895881e+03 6.303006e+02 -4.696402e+03 1.695154e+03 5.555990e+02
2.605543e+03 7.045012e+02 -3.264237e+03 -1.631964e+03 4.639806e+02 -4.801715e+03 1.842225e+03 7.148386e+02
2.518412e+03 3.395771e+02 -2.946301e+03 -1.551772e+03 2.229535e+02 -4.601189e+03 1.691486e+03 5.962989e+02
2.355657e+03 4.338610e+02 -2.958210e+03 -1.884149e+03 5.946747e+02 -4.835291e+03 1.649907e+03 6.823301e+02
2.590916e+03 6.777600e+02 -3.196164e+03 -2.229885e+03 1.196773e+03 -5.665038e+03 1.998560e+03 7.093533e+02
2.197367e+03 6.864161e+02 -2.953379e+03 -1.971460e+03 7.293138e+02 -4.765202e+03 1.818919e+03 7.816811e+02
2.381594e+03 6.658961e+02 -3.212200e+03 -2.067395e+03 1.103517e+03 -5.292426e+03 2.002191e+03 5.833946e+02
2.516915e+03 2.923723e+02 -2.938687e+03 -1.832557e+03 2.826916e+02 -4.908183e+03 1.879304e+03 7.725899e+02
2.392203e+03 2.483024e+02 -3.328656e+03 -1.704180e+03 4.879433e+02 -5.426243e+03 1.816122e+03 1.119610e+03
2.444368e+03 6.632357e+02 -3.062283e+03 -1.548546e+03 7.434771e+02 -4.589093e+03 1.663249e+03 4.837245e+02
2.717709e+03 7.702808e+01 -2.996864e+03 -2.108848e+03 1.041682e+03 -5.101907e+03 1.879217e+03 1.089982e+03
2.322557e+03 6.476900e+02 -2.994860e+03 -1.263390e+03 4.150308e+02 -4.459086e+03 1.816753e+03 5.902596e+02
2.246440e+03 5.618151e+02 -3.214268e+03 -1.881893e+03 7.447546e+02 -4.999468e+03 1.780375e+03 7.441313e+02
3.010547e+03 5.398010e+02 -3.244518e+03 -1.644646e+03 4.852687e+02 -4.982467e+03 1.849477e+03 6.793466e+02
2.888650e+03 2.625886e+02 -3.118195e+03 -1.222783e+03 2.469998e+02 -4.669692e+03 1.797367e+03 6.518506e+02
2.857793e+03 3.722437e+02 -3.155227e+03 -1.547407e+03 1.724547e+02 -4.911662e+03 1.894152e+03 9.303914e+02
2.101808e+03 5.199963e+02 -3.180141e+03 -2.282867e+03 1.122742e+03 -5.169811e+03 1.832610e+03 6.088890e+02
2.916539e+03 1.012901e+01 -3.101849e+03 -1.888332e+03 7.147067e+02 -5.073416e+03 1.946108e+03 1.166902e+03
2.484949e+03 3.103178e+02 -2.868303e+03 -1.180504e+03 2.650818e+02 -4.521637e+03 1.758901e+03 6.033624e+02
2.309221e+03 8.880841e+01 -3.159379e+03 -2.169981e+03 9.763033e+02 -5.536580e+03 1.593354e+03 1.181173e+03
2.362426e+03 3.759410e+02 -2.869179e+03 -1.536876e+03 3.697494e+02 -4.638858e+03 1.750215e+03 5.071144e+02
2.787170e+03 5.883098e+02 -3.296746e+03 -1.499028e+03 5.163699e+02 -5.163736e+03 1.778718e+03 1.004570e+03
2.400396e+03 6.576129e+02 -3.088457e+03 -1.865259e+03 7.663137e+02 -4.750743e+03 1.970678e+03 5.738354e+02
2.492580e+03 1.592368e+02 -3.016709e+03 -1.847864e+03 8.119619e+02 -4.978719e+03 1.770168e+03 1.431742e+03
2.977093e+03 2.003368e+02 -3.628124e+03 -1.269082e+03 2.579299e+02 -4.992434e+03 1.774399e+03 8.496732e+02
2.481923e+03 5.856326e+02 -2.937718e+03 -1.947209e+03 8.438616e+02 -5.070122e+03 1.898069e+03 6.549248e+02
2.159241e+03 9.792984e+02 -3.256688e+03 -1.941009e+03 1.501938e+03 -4.750459e+03 2.325020e+03 8.279535e+02
2.329954e+03 1.179581e+03 -3.254007e+03 -2.167340e+03 1.517534e+03 -5.055304e+03 2.532462e+03 5.337406e+02
2.211173e+03 7.987872e+01 -3.386675e+03 -2.539586e+03 1.745578e+03 -5.703613e+03 2.797336e+03 8.278310e+02
2.336737e+03 9.517888e+02 -3.417457e+03 -2.157591e+03 1.604453e+03 -5.197460e+03 2.427611e+03 7.120630e+02
2.500238e+03 1.321839e+02 -3.783837e+03 -2.366749e+03 1.748940e+03 -6.215478e+03 2.524644e+03 2.041873e+03
2.733339e+03 1.422021e+03 -3.816166e+03 -1.741462e+03 1.806520e+03 -4.941323e+03 2.060950e+03 7.729304e+02
2.605397e+03 1.021977e+03 -3.616649e+03 -1.707855e+03 1.452004e+03 -4.832917e+03 1.886036e+03 9.680368e+02
2.273377e+03 5.980816e+02 -3.086698e+03 -2.708357e+03 1.666022e+03 -5.182564e+03 2.615289e+03 2.294194e+02
2.560639e+03 8.724529e+02 -3.243551e+03 -2.135814e+03 1.575172e+03 -5.119431e+03 2.733736e+03 7.659351e+02
2.547194e+03 5.735259e+02 -2.977910e+03 -2.341337e+03 1.506320e+03 -4.941937e+03 2.507739e+03 6.325048e+02
2.467715e+03 1.060166e+03 -3.550954e+03 -2.124241e+03 1.632327e+03 -5.161894e+03 2.454998e+03 9.288157e+02
2.988637e+03 1.038491e+03 -3.622731e+03 -2.155049e+03 1.502096e+03 -5.267728e+03 2.895639e+03 8.219962e+02
2.440425e+03 5.934344e+02 -3.511676e+03 -1.760002e+03 1.830674e+03 -5.098425e+03 2.360256e+03 1.190285e+03
2.491171e+03 1.313855e+03 -3.459300e+03 -1.923541e+03 1.599404e+03 -4.856042e+03 2.703107e+03 5.322116e+02
2.684128e+03 8.645834e+02 -3.807272e+03 -1.760052e+03 1.877994e+03 -5.343511e+03 2.533209e+03 1.268860e+03
2.432152e+03 5.679437e+02 -3.267709e+03 -2.584469e+03 1.784955e+03 -5.307947e+03 2.860133e+03 4.778147e+02
2.129936e+03 4.334334e+02 -3.253877e+03 -2.355996e+03 1.542822e+03 -5.484000e+03 2.888728e+03 4.238298e+02
2.858537e+03 1.160394e+03 -3.263403e+03 -2.206206e+03 1.439481e+03 -5.166646e+03 2.942235e+03 5.124571e+02
2.357184e+03 3.209529e+02 -3.064245e+03 -2.213609e+03 1.312983e+03 -5.109931e+03 2.730172e+03 9.902236e+02
2.458035e+03 8.325236e+02 -3.253927e+03 -2.519676e+03 1.614762e+03 -5.114724e+03 2.587062e+03 2.864808e+02
2.407638e+03 8.251644e+02 -3.212609e+03 -2.203637e+03 1.616040e+03 -4.816692e+03 2.014126e+03 6.526562e+02
2.326047e+03 8.072962e+02 -3.411746e+03 -2.224247e+03 1.964644e+03 -5.255843e+03 2.600015e+03 1.043970e+03
2.154671e+03 9.111444e+02 -3.167053e+03 -1.729767e+03 1.252858e+03 -4.551081e+03 2.119957e+03 5.922016e+02
2.475200e+03 8.054256e+02 -3.199622e+03 -2.369177e+03 1.575304e+03 -5.050047e+03 2.834053e+03 3.967882e+02
2.539523e+03 1.007075e+03 -3.156925e+03 -2.112199e+03 1.542866e+03 -4.690625e+03 2.240979e+03 5.029560e+02
2.275621e+03 1.125760e+02 -3.268792e+03 -2.033762e+03 1.527086e+03 -5.410071e+03 2.683140e+03 9.551666e+02
2.585416e+03 1.027020e+03 -3.599748e+03 -2.526393e+03 1.508854e+03 -5.407601e+03 2.857191e+03 2.787246e+02
2.699040e+03 1.204117e+03 -3.358018e+03 -2.019766e+03 1.509211e+03 -4.736616e+03 2.715519e+03 5.201006e+02
2.788649e+03 9.920973e+02 -3.775689e+03 -1.876554e+03 1.997030e+03 -5.418554e+03 2.354286e+03 1.218521e+03
2.115261e+03 6.902161e+02 -3.085150e+03 -2.191627e+03 1.390935e+03 -4.717262e+03 2.407441e+03 3.792648e+02
2.169433e+03 1.944832e+02 -3.448435e+03 -2.540678e+03 1.737351e+03 -5.868276e+03 2.865763e+03 6.276492e+02
2.907393e+03 1.448831e+03 -3.408068e+03 -1.960316e+03 1.356316e+03 -5.017651e+03 2.731523e+03 6.337653e+02
2.460577e+03 -2.675787e+02 -3.301817e+03 -2.135722e+03 1.229833e+03 -5.509089e+03 2.716172e+03 1.368381e+03
2.568540e+03 8.687558e+02 -3.156141e+03 -2.250398e+03 1.523232e+03 -4.728016e+03 2.605870e+03 4.936782e+02
2.467236e+03 8.560205e+02 -3.169885e+03 -2.165311e+03 1.481774e+03 -5.049904e+03 2.772623e+03 4.745092e+02
2.575756e+03 7.542320e+02 -3.288334e+03 -2.470665e+03 1.730094e+03 -5.100881e+03 2.750556e+03 4.493707e+02
2.219016e+03 5.790428e+02 -3.392081e+03 -2.041290e+03 1.790332e+03 -5.353546e+03 2.687466e+03 9.430797e+02
2.638472e+03 1.142507e+03 -3.411094e+03 -1.469537e+03 1.416779e+03 -4.837102e+03 2.051737e+03 1.084401e+03
2.543995e+03 -1.938366e+02 -3.296746e+03 -1.986582e+03 1.157068e+03 -5.355054e+03 2.755734e+03 1.342254e+03
2.460251e+03 3.876823e+02 -3.098103e+03 -2.182064e+03 1.667973e+03 -4.879136e+03 2.558357e+03 1.108335e+03
2.321693e+03 5.424218e+02 -3.349847e+03 -1.893851e+03 1.563517e+03 -5.364284e+03 2.386733e+03 1.078713e+03
2.276469e+03 6.881839e+02 -3.241271e+03 -1.736906e+03 1.315306e+03 -4.638294e+03 2.116632e+03 8.809057e+02
2.728860e+03 9.149014e+02 -3.067648e+03 -2.140177e+03 1.511039e+03 -4.744717e+03 2.821936e+03 3.334013e+02
2.683055e+03 1.070044e+03 -3.543477e+03 -1.864296e+03 1.711596e+03 -5.367938e+03 2.684177e+03 1.042996e+03
2.700944e+03 9.210216e+02 -3.337527e+03 -2.100426e+03 1.594547e+03 -4.787680e+03 2.715071e+03 6.001020e+02
2.485147e+03 1.296415e+03 -3.197461e+03 -2.028230e+03 1.441441e+03 -4.442437e+03 2.231942e+03 5.252862e+02
3.156183e+03 -4.433229e+01 -3.907348e+03 -1.761242e+03 1.146456e+03 -5.646406e+03 2.722012e+03 1.630803e+03
2.560485e+03 1.311468e+03 -3.505640e+03 -2.107098e+03 1.680337e+03 -4.891271e+03 2.503403e+03 7.501865e+02
2.163786e+03 7.090695e+02 -3.407162e+03 -2.481540e+03 1.770039e+03 -5.260678e+03 2.796506e+03 2.959941e+02
2.049134e+03 -1.090124e+02 -3.394585e+03 -2.814257e+03 1.805149e+03 -5.844983e+03 2.639585e+03 7.947105e+02
2.634679e+03 1.398939e+03 -3.302068e+03 -1.931880e+03 1.291749e+03 -4.994173e+03 2.602182e+03 4.660374e+02
2.570312e+03 5.367166e+02 -3.153185e+03 -2.084503e+03 1.551608e+03 -5.148134e+03 2.833103e+03 9.234383e+02
2.454333e+03 -9.469914e+01 -3.167745e+03 -2.100764e+03 1.223780e+03 -5.262747e+03 2.419515e+03 1.276159e+03
2.668031e+03 1.105335e+03 -3.527048e+03 -1.770732e+03 1.440048e+03 -5.045181e+03 2.347089e+03 9.149650e+02
2.523828e+03 1.089104e+03 -3.207652e+03 -1.824006e+03 1.477964e+03 -4.855554e+03 2.784652e+03 6.762590e+02
2.825991e+03 1.199581e+03 -3.586117e+03 -1.606498e+03 1.440258e+03 -4.746362e+03 2.319646e+03 1.029556e+03
2.366693e+03 -1.216789e+03 -4.007085e+03 -2.583476e+03 1.570000e+03 -7.104394e+03 1.921872e+03 3.499802e+03
2.806627e+03 1.523359e+03 -3.310934e+03 -1.776168e+03 1.405189e+03 -4.464488e+03 2.219837e+03 3.508337e+02
2.600817e+03 9.609504e+02 -3.453965e+03 -2.456360e+03 1.805519e+03 -5.232078e+03 2.757620e+03 7.610493e+02
2.376915e+03 1.206049e+03 -3.475578e+03 -2.203042e+03 1.536270e+03 -5.249376e+03 2.820517e+03 3.890910e+02
2.620396e+03 6.937046e+02 -2.929813e+03 -2.400190e+03 1.640529e+03 -4.888308e+03 2.733602e+03 4.645229e+02
2.776292e+03 1.247970e+03 -3.377277e+03 -1.618618e+03 1.422910e+03 -4.647683e+03 2.315977e+03 7.838860e+02
2.302899e+03 6.887356e+02 -3.448762e+03 -2.527146e+03 1.681046e+03 -5.662617e+03 2.867091e+03 6.453160e+02
2.501006e+03 1.119108e+03 -3.544740e+03 -1.914220e+03 1.353573e+03 -5.171175e+03 2.324851e+03 1.167922e+03
2.244281e+03 1.197147e+02 -3.309525e+03 -2.102233e+03 1.307242e+03 -5.314783e+03 2.609404e+03 1.131182e+03
2.231627e+03 1.058600e+03 -3.320639e+03 -1.930570e+03 1.549122e+03 -4.546556e+03 2.232093e+03 7.135610e+02
2.603716e+03 1.463628e+03 -3.361457e+03 -1.812540e+03 1.407475e+03 -4.368174e+03 2.029090e+03 3.902521e+02
2.365008e+03 6.019105e+02 -3.169559e+03 -2.265903e+03 1.492450e+03 -5.256754e+03 2.777916e+03 6.976009e+02
2.526857e+03 6.179869e+02 -3.068617e+03 -2.416839e+03 1.655749e+03 -5.117087e+03 2.793576e+03 6.186334e+02
2.325483e+03 9.128806e+02 -3.247504e+03 -2.154008e+03 1.689692e+03 -4.857836e+03 2.460920e+03 6.624450e+02
2.688580e+03 -2.548669e+02 -3.581675e+03 -2.285390e+03 1.422581e+03 -5.650402e+03 2.447708e+03 1.540652e+03
2.334224e+03 6.590492e+02 -3.197640e+03 -2.476226e+03 1.665728e+03 -5.123491e+03 2.698202e+03 3.496066e+02
2.800551e+03 -1.789652e+02 -3.262496e+03 -1.767712e+03 9.229346e+02 -5.144051e+03 2.688557e+03 1.463911e+03
2.824116e+03 1.169904e+03 -3.492313e+03 -1.774691e+03 1.449453e+03 -4.992306e+03 2.676711e+03 8.940293e+02
2.556889e+03 5.472008e+02 -3.267179e+03 -2.618482e+03 1.689271e+03 -5.074528e+03 2.665859e+03 5.627666e+02
2.240377e+03 1.027721e+03 -3.375024e+03 -2.154698e+03 1.530686e+03 -4.941026e+03 2.361621e+03 4.758424e+02
2.092189e+03 1.231872e+02 -3.533123e+03 -2.776126e+03 1.876475e+03 -5.947271e+03 2.802368e+03 6.454912e+02
2.548665e+03 6.604398e+02 -3.036795e+03 -2.190941e+03 1.554894e+03 -4.798146e+03 2.349565e+03 5.381493e+02
2.853585e+03 1.274961e+03 -3.394401e+03 -1.838458e+03 1.463001e+03 -5.081402e+03 2.600872e+03 7.878332e+02
2.491821e+03 4.252944e+02 -3.000924e+03 -2.585442e+03 1.579740e+03 -4.944712e+03 2.613938e+03 6.228099e+02
2.498670e+03 6.094463e+02 -3.315141e+03 -1.965551e+03 1.665194e+03 -5.383524e+03 2.840902e+03 1.055163e+03
2.476224e+03 9.095353e+02 -3.297968e+03 -2.297788e+03 1.729534e+03 -4.840936e+03 2.687085e+03 4.244472e+02
2.449978e+03 1.244727e+03 -3.293755e+03 -1.614675e+03 1.363408e+03 -4.371576e+03 2.284677e+03 6.331423e+02
2.548469e+03 1.015263e+03 -3.221085e+03 -2.376724e+03 1.558940e+03 -4.750761e+03 2.876196e+03 8.189615e+01
2.445471e+03 1.743782e+03 -3.547761e+03 -1.614072e+03 1.485640e+03 -5.258072e+03 2.312694e+03 1.180502e+03
2.634124e+03 -3.150464e+02 -3.251437e+03 -1.899610e+03 1.090124e+03 -5.354372e+03 2.531125e+03 1.437478e+03
2.660798e+03 9.696174e+01 -3.132968e+03 -2.146156e+03 1.365124e+03 -5.269134e+03 2.877141e+03 8.703182e+02
2.485199e+03 7.509674e+02 -3.124462e+03 -2.169647e+03 1.387811e+03 -5.101514e+03 2.982214e+03 5.755498e+02
2.730699e+03 1.340382e+03 -3.393894e+03 -1.832637e+03 1.451035e+03 -4.768129e+03 2.576720e+03 7.289233e+02
2.357820e+03 8.239053e+02 -3.244712e+03 -2.008323e+03 1.484689e+03 -4.950773e+03 2.411774e+03 6.563355e+02
2.680044e+03 1.095461e+03 -3.294180e+03 -2.174566e+03 1.467788e+03 -5.036133e+03 2.923235e+03 3.573931e+02
2.678393e+03 1.200179e+03 -3.396086e+03 -2.240020e+03 1.511457e+03 -5.105551e+03 2.629152e+03 4.819742e+02
2.634556e+03 1.150144e+03 -3.712942e+03 -2.325463e+03 1.757645e+03 -5.307875e+03 2.631897e+03 8.404648e+02
2.462411e+03 9.776104e+02 -3.463816e+03 -2.481582e+03 1.784943e+03 -5.372774e+03 2.621417e+03 7.197888e+02
2.734724e+03 1.171407e+03 -3.422467e+03 -2.158436e+03 1.569817e+03 -5.324726e+03 2.822537e+03 7.210635e+02
2.461055e+03 7.246931e+02 -3.267427e+03 -1.880454e+03 1.517184e+03 -5.032317e+03 2.656991e+03 8.995203e+02
2.117061e+03 1.829000e+02 -3.240193e+03 -2.365176e+03 1.618137e+03 -5.629095e+03 2.658820e+03 7.333013e+02
2.620972e+03 9.157788e+02 -3.396627e+03 -1.878646e+03 1.637619e+03 -5.078381e+03 2.740327e+03 1.119745e+03
2.594809e+03 1.173102e+03 -3.608294e+03 -2.272534e+03 1.584870e+03 -5.253282e+03 2.564345e+03 7.174130e+02
2.180247e+03 7.099027e+02 -3.248828e+03 -2.223730e+03 1.617513e+03 -5.202910e+03 2.648866e+03 5.985976e+02
2.316433e+03 7.058961e+02 -3.688088e+03 -2.394321e+03 1.797295e+03 -5.867138e+03 2.701120e+03 1.029704e+03
2.616257e+03 1.175670e+03 -3.464544e+03 -2.156242e+03 1.553831e+03 -5.210323e+03 2.554551e+03 6.768399e+02
2.589494e+03 9.943696e+02 -3.393821e+03 -2.481789e+03 1.534731e+03 -5.137339e+03 2.532668e+03 6.085045e+02
2.522264e+03 1.279438e+03 -3.513472e+03 -1.927134e+03 1.531833e+03 -4.951913e+03 2.576247e+03 1.050130e+03
2.524463e+03 1.136807e+03 -3.310250e+03 -2.076565e+03 1.482509e+03 -5.169104e+03 2.651380e+03 6.600141e+02
2.725618e+03 6.360449e+02 -3.116667e+03 -1.973300e+03 1.457151e+03 -4.684169e+03 2.706424e+03 7.716835e+02
2.529610e+03 8.551282e+02 -3.229831e+03 -2.460455e+03 1.658614e+03 -5.029257e+03 3.012728e+03 1.901662e+02
2.133342e+03 -1.825912e+03 -3.699810e+03 -2.515381e+03 1.334368e+03 -7.079453e+03 2.051241e+03 3.530899e+03
2.724797e+03 1.177960e+03 -3.303535e+03 -2.014417e+03 1.311742e+03 -4.870353e+03 2.463006e+03 5.909964e+02
2.256123e+03 5.692301e+02 -3.186951e+03 -2.492547e+03 1.459196e+03 -5.095283e+03 2.299010e+03 5.849833e+02
2.777140e+03 1.379146e+03 -3.419581e+03 -1.925756e+03 1.230933e+03 -5.048308e+03 2.488053e+03 4.349281e+02
2.775555e+03 1.232461e+03 -3.576684e+03 -2.451009e+03 1.592662e+03 -5.442618e+03 2.609182e+03 7.027302e+02
2.419223e+03 6.631836e+02 -2.805102e+03 -2.200846e+03 1.466558e+03 -4.635692e+03 2.203063e+03 4.060726e+02
2.380235e+03 6.785086e+02 -3.359164e+03 -2.533485e+03 1.638347e+03 -5.339255e+03 2.643906e+03 5.762854e+02
2.122092e+03 3.988861e+02 -3.214355e+03 -2.593748e+03 1.528593e+03 -5.437559e+03 2.640869e+03 5.191751e+02
2.412894e+03 7.637992e+02 -3.130938e+03 -2.474793e+03 1.362740e+03 -5.201759e+03 2.328924e+03 4.720615e+02
2.526903e+03 1.020502e+03 -3.569470e+03 -2.388277e+03 1.699880e+03 -5.151940e+03 2.575580e+03 8.598519e+02
2.326731e+03 8.246121e+02 -3.171903e+03 -1.664272e+03 1.198427e+03 -4.747989e+03 2.078172e+03 9.512067e+02
2.700555e+03 -4.506922e+01 -3.118291e+03 -1.810336e+03 1.312813e+03 -4.855951e+03 2.539417e+03 1.057616e+03
2.379352e+03 2.487905e+02 -3.002494e+03 -2.368010e+03 1.392367e+03 -4.977000e+03 2.361655e+03 9.065892e+02
2.424772e+03 7.945642e+02 -3.327300e+03 -2.537302e+03 1.796805e+03 -5.120661e+03 2.595232e+03 5.847670e+02
2.564007e+03 1.431516e+02 -2.935884e+03 -2.297637e+03 1.159200e+03 -5.026699e+03 2.665830e+03 9.570356e+02
2.646104e+03 8.206903e+02 -3.602155e+03 -1.751894e+03 1.599724e+03 -5.122645e+03 2.456622e+03 1.236017e+03
2.470527e+03 8.503365e+02 -3.204437e+03 -2.074235e+03 1.526887e+03 -5.027358e+03 2.921489e+03 6.094361e+02
2.512926e+03 4.906249e+02 -3.090961e+03 -2.669881e+03 1.590824e+03 -5.049246e+03 2.833422e+03 5.166783e+02
2.078754e+03 4.162328e+02 -3.217006e+03 -2.426902e+03 1.544052e+03 -5.633785e+03 2.767362e+03 6.144011e+02
2.252946e+03 8.373765e+02 -3.331375e+03 -2.367803e+03 1.593299e+03 -5.351302e+03 2.535207e+03 7.524356e+02
2.503023e+03 4.790651e+02 -2.945418e+03 -1.955682e+03 1.140312e+03 -4.929081e+03 2.832678e+03 7.032197e+02
2.472098e+03 5.835316e+01 -3.259590e+03 -2.190620e+03 1.352758e+03 -5.447555e+03 2.725636e+03 1.171961e+03
2.142918e+03 4.899666e+02 -3.534298e+03 -2.176034e+03 1.575696e+03 -5.535946e+03 2.472913e+03 6.632087e+02
2.262208e+03 7.912797e+02 -3.325134e+03 -2.274195e+03 1.566119e+03 -4.935711e+03 2.465295e+03 7.639949e+02
2.581720e+03 8.306558e+02 -3.458382e+03 -2.069085e+03 1.731606e+03 -5.291606e+03 2.419123e+03 1.155861e+03
2.463235e+03 8.606703e+02 -3.341210e+03 -2.205492e+03 1.589202e+03 -4.887941e+03 2.413972e+03 7.408613e+02
2.684769e+03 1.332879e+03 -3.281632e+03 -1.859987e+03 1.438159e+03 -4.923830e+03 2.606949e+03 6.982871e+02
2.490483e+03 7.067963e+02 -3.131607e+03 -2.115583e+03 1.421694e+03 -4.777152e+03 2.507839e+03 5.698246e+02
2.710074e+03 1.536581e+03 -3.388301e+03 -1.869400e+03 1.414355e+03 -4.756539e+03 2.455865e+03 5.996890e+02
2.709427e+03 -4.337912e+02 -3.342180e+03 -1.770081e+03 1.048195e+03 -5.246014e+03 2.578918e+03 1.550402e+03
2.104539e+03 7.202188e+02 -3.442313e+03 -2.301499e+03 1.682490e+03 -5.422415e+03 2.796358e+03 2.946747e+02
2.393232e+03 6.240842e+02 -3.046082e+03 -2.303965e+03 1.467156e+03 -4.855015e+03 2.590400e+03 5.792279e+02
3.003177e+03 9.086690e+02 -3.713494e+03 -1.849965e+03 1.694900e+03 -5.304378e+03 2.271138e+03 1.142106e+03
2.375857e+03 8.061942e+02 -3.108665e+03 -2.362015e+03 1.575435e+03 -4.826304e+03 2.630470e+03 3.312575e+02
2.611698e+03 1.101038e+03 -2.837208e+03 -1.900649e+03 1.218931e+03 -4.308722e+03 2.596189e+03 9.274388e+01
2.419534e+03 6.977042e+02 -3.232621e+03 -2.307990e+03 1.731001e+03 -5.161383e+03 2.834913e+03 6.473175e+02
2.255066e+03 7.809869e+02 -3.289338e+03 -2.267434e+03 1.586956e+03 -4.888530e+03 2.611129e+03 4.901277e+02
2.525990e+03 1.185075e+03 -3.519078e+03 -1.941432e+03 1.505438e+03 -5.110985e+03 2.348291e+03 9.696612e+02
2.312334e+03 -1.216735e+03 -3.658033e+03 -2.951275e+03 1.456311e+03 -6.820419e+03 1.814108e+03 2.891508e+03
2.507252e+03 5.658249e+02 -3.264898e+03 -2.521541e+03 1.690337e+03 -5.278436e+03 2.637913e+03 5.513654e+02
2.548763e+03 8.028876e+02 -3.031231e+03 -2.166084e+03 1.574830e+03 -4.715733e+03 2.574037e+03 4.502704e+02
2.705370e+03 1.152241e+03 -3.479875e+03 -1.932152e+03 1.540556e+03 -4.842065e+03 2.573975e+03 9.280407e+02
2.684375e+03 8.259647e+02 -3.081461e+03 -2.280169e+03 1.665927e+03 -5.009388e+03 2.850016e+03 5.434388e+02
2.805199e+03 1.512643e+03 -3.348020e+03 -1.900251e+03 1.284652e+03 -4.829636e+03 2.634786e+03 4.585409e+02
2.078130e+03 -8.556414e+02 -3.741864e+03 -2.204965e+03 1.382565e+03 -6.362575e+03 2.231217e+03 2.377509e+03
2.186171e+03 -5.246472e+02 -4.208356e+03 -2.795445e+03 1.664501e+03 -7.368538e+03 2.298885e+03 2.924404e+03
2.489705e+03 1.025521e+03 -3.210035e+03 -2.177250e+03 1.364204e+03 -4.710089e+03 2.097057e+03 5.248107e+02
2.550529e+03 8.067180e+02 -3.390397e+03 -2.668731e+03 1.676008e+03 -5.574237e+03 2.749136e+03 4.318524e+02
2.788367e+03 1.163871e+03 -3.648633e+03 -2.216318e+03 1.532203e+03 -5.573968e+03 2.468222e+03 9.052599e+02
2.565436e+03 1.232205e+03 -3.208202e+03 -1.760649e+03 1.391240e+03 -4.686939e+03 2.528704e+03 5.760902e+02
2.542523e+03 7.935721e+02 -3.181763e+03 -2.305842e+03 1.605729e+03 -5.043939e+03 2.762055e+03 7.418207e+02
2.771128e+03 1.277636e+03 -3.449766e+03 -1.898318e+03 1.559109e+03 -5.171937e+03 2.639983e+03 7.900177e+02
2.681773e+03 3.979384e+02 -3.308248e+03 -1.725741e+03 1.448765e+03 -5.139270e+03 2.933402e+03 9.239939e+02
2.831688e+03 1.302790e+03 -3.724321e+03 -2.065573e+03 1.451719e+03 -5.010025e+03 2.225203e+03 7.175358e+02
2.506254e+03 1.159930e+03 -3.052232e+03 -2.032747e+03 1.326458e+03 -4.506118e+03 2.801698e+03 1.469701e+02
2.615736e+03 1.080677e+03 -3.326981e+03 -2.228305e+03 1.735304e+03 -5.043616e+03 3.012659e+03 4.584049e+02
2.915784e+03 1.261758e+03 -3.426977e+03 -2.179963e+03 1.519995e+03 -5.009189e+03 2.648662e+03 5.297265e+02
2.589121e+03 1.190044e+03 -3.421271e+03 -2.161317e+03 1.620498e+03 -5.033384e+03 2.793500e+03 6.575468e+02
2.519789e+03 1.187669e+03 -3.366571e+03 -1.982059e+03 1.530955e+03 -4.883126e+03 2.455420e+03 7.007429e+02
2.789913e+03 1.360450e+03 -3.552009e+03 -1.678588e+03 1.316961e+03 -4.860641e+03 2.206392e+03 6.418095e+02
2.295647e+03 3.345919e+02 -3.055768e+03 -1.939367e+03 1.339294e+03 -5.024140e+03 2.761425e+03 9.662542e+02
2.739950e+03 8.968057e+02 -3.191887e+03 -2.331968e+03 1.604527e+03 -4.924828e+03 2.825470e+03 4.400848e+02
2.648304e+03 1.153877e+03 -3.503346e+03 -2.376114e+03 1.512868e+03 -5.445338e+03 2.614333e+03 6.821862e+02
2.186827e+03 1.081611e+03 -3.277804e+03 -1.974053e+03 1.603799e+03 -4.497903e+03 2.205665e+03 5.593800e+02
2.665061e+03 1.400987e+03 -3.223228e+03 -1.968139e+03 1.332067e+03 -4.765166e+03 2.444194e+03 5.809173e+02
2.367489e+03 6.822299e+02 -3.321161e+03 -2.497233e+03 1.734945e+03 -5.101792e+03 2.821310e+03 3.633384e+02
2.554891e+03 1.101902e+03 -3.403489e+03 -1.612363e+03 1.402133e+03 -4.721393e+03 2.393455e+03 9.938778e+02
2.833449e+03 1.255454e+03 -3.681693e+03 -2.102657e+03 1.501028e+03 -5.039814e+03 2.295019e+03 7.495717e+02
2.692004e+03 1.160910e+03 -3.498274e+03 -2.295236e+03 1.682218e+03 -5.131206e+03 2.871407e+03 5.490207e+02
2.356477e+03 7.730114e+02 -3.453469e+03 -2.805293e+03 1.657606e+03 -5.527192e+03 2.704422e+03 4.842229e+02
2.798864e+03 1.210114e+03 -3.535079e+03 -1.802150e+03 1.587119e+03 -4.797361e+03 2.129377e+03 6.811825e+02
2.442498e+03 7.438232e+02 -3.199500e+03 -2.517839e+03 1.577820e+03 -5.241549e+03 2.884234e+03 2.553617e+02
3.056497e+03 1.224476e+03 -3.546202e+03 -1.557339e+03 1.529580e+03 -4.696706e+03 2.401097e+03 7.353411e+02
2.565704e+03 1.005018e+03 -3.563738e+03 -1.806685e+03 1.829437e+03 -5.030808e+03 2.362197e+03 9.593347e+02
2.882847e+03 3.000261e+02 -3.474611e+03 -1.826405e+03 1.574235e+03 -5.311929e+03 2.581765e+03 1.286433e+03
2.384345e+03 3.061848e+02 -3.118002e+03 -2.472639e+03 1.606520e+03 -5.262698e+03 2.953142e+03 7.399959e+02
2.572431e+03 8.542930e+02 -3.337509e+03 -2.378947e+03 1.694533e+03 -5.168761e+03 2.951157e+03 6.222022e+02
2.348710e+03 7.321625e+02 -3.647568e+03 -2.616829e+03 1.683555e+03 -5.625858e+03 2.713365e+03 3.325905e+02
2.367488e+03 9.781421e+02 -3.399981e+03 -2.143655e+03 1.659498e+03 -5.072228e+03 2.375697e+03 8.832284e+02
2.790566e+03 1.084366e+03 -3.288545e+03 -2.225537e+03 1.511336e+03 -5.137880e+03 2.938133e+03 5.260055e+02
2.442321e+03 6.379540e+02 -3.371872e+03 -2.596431e+03 1.729164e+03 -5.594727e+03 2.906251e+03 7.434302e+02
2.230787e+03 6.956774e+02 -3.541361e+03 -2.699030e+03 1.580133e+03 -5.562765e+03 2.697603e+03 3.330560e+02
2.784016e+03 1.204683e+03 -3.361388e+03 -2.008808e+03 1.589944e+03 -5.000572e+03 2.769431e+03 7.330339e+02
2.315783e+03 6.981619e+02 -3.251273e+03 -2.303587e+03 1.608265e+03 -5.052593e+03 2.799046e+03 3.462082e+02
2.683654e+03 1.438677e+03 -3.544885e+03 -1.477633e+03 1.552107e+03 -4.519741e+03 1.925602e+03 8.139805e+02
2.191367e+03 4.773262e+02 -3.461721e+03 -2.270297e+03 1.702587e+03 -5.599550e+03 2.915255e+03 1.105144e+03
2.484118e+03 -1.271099e+02 -3.121198e+03 -1.907250e+03 1.233329e+03 -5.194087e+03 2.528045e+03 1.088321e+03
2.300975e+03 6.307695e+02 -3.521962e+03 -2.832336e+03 1.779087e+03 -5.431290e+03 2.667390e+03 2.757148e+02
2.169968e+03 6.760231e+01 -3.149219e+03 -2.320757e+03 1.525107e+03 -5.540037e+03 2.864586e+03 8.977932e+02
2.465360e+03 4.133475e+02 -3.636727e+03 -2.274929e+03 1.782821e+03 -5.960672e+03 2.779193e+03 1.098842e+03
2.271221e+03 7.831642e+02 -3.267877e+03 -2.104234e+03 1.484284e+03 -4.986165e+03 2.372679e+03 7.455889e+02
2.212165e+03 5.684493e+02 -3.013603e+03 -2.026241e+03 1.417587e+03 -5.065456e+03 2.745851e+03 6.286147e+02
2.634556e+03 1.150144e+03 -3.712942e+03 -2.325463e+03 1.757645e+03 -5.307875e+03 2.631897e+03 8.404648e+02
