-4.164647e+03 -3.302705e+02 -1.609357e+03 -2.029266e+03 -2.450038e+03 -1.292485e+03 -3.093738e+03 -1.832393e+03
-3.844013e+03 -4.409286e+02 -1.512049e+03 -2.372907e+03 -2.234252e+03 -1.338870e+03 -2.903159e+03 -1.769379e+03
-4.009725e+03 -5.491012e+02 -1.707517e+03 -2.553063e+03 -2.227065e+03 -1.578595e+03 -2.644405e+03 -1.701389e+03
-3.850240e+03 -4.146669e+02 -1.904935e+03 -2.608650e+03 -2.311906e+03 -1.400048e+03 -3.211772e+03 -1.896249e+03
-3.740176e+03 -4.508518e+02 -1.618910e+03 -2.578020e+03 -2.447129e+03 -1.551366e+03 -3.256875e+03 -1.857297e+03
-3.129985e+03 -4.834538e+02 -2.325893e+03 -2.573746e+03 -2.269433e+03 -1.406659e+03 -3.652637e+03 -1.657676e+03
-4.146765e+03 -4.174406e+02 -1.752512e+03 -2.242782e+03 -2.602921e+03 -1.408138e+03 -3.178856e+03 -2.222370e+03
-4.125165e+03 -3.182522e+02 -1.398644e+03 -2.368848e+03 -2.490417e+03 -1.495804e+03 -3.105044e+03 -1.800148e+03
-4.125371e+03 -4.668205e+02 -1.804998e+03 -1.895235e+03 -2.604684e+03 -1.386380e+03 -3.195234e+03 -2.224506e+03
-3.877331e+03 -3.278799e+02 -1.775701e+03 -2.373495e+03 -2.289179e+03 -1.537422e+03 -3.144990e+03 -1.936095e+03
-6.903307e+02 6.054589e+02 -2.910660e+03 -2.338624e+03 -1.735034e+03 2.685454e+02 -5.531836e+03 -1.108774e+03
-1.341201e+03 1.650106e+02 -2.930583e+03 -2.595922e+03 -1.876476e+03 2.236095e+02 -4.898325e+03 -1.440020e+03
-1.299029e+03 1.710187e+02 -3.408892e+03 -2.537707e+03 -1.837722e+03 7.545281e+02 -5.570004e+03 -1.879715e+03
-1.593960e+03 2.720059e+02 -3.462926e+03 -2.728586e+03 -1.739999e+03 7.741168e+02 -5.688140e+03 -1.924601e+03
-1.466365e+03 4.309725e+02 -2.687167e+03 -2.405221e+03 -1.869466e+03 2.525542e+02 -5.150018e+03 -1.140923e+03
-2.159745e+03 -2.202184e+00 -2.548111e+03 -2.138710e+03 -2.411214e+03 1.166025e+02 -4.108730e+03 -1.788262e+03
-1.340724e+03 4.224491e+02 -2.731084e+03 -2.274302e+03 -1.888876e+03 2.740109e+02 -5.170614e+03 -1.119093e+03
-1.801382e+03 4.380517e+02 -2.541865e+03 -2.307794e+03 -1.909009e+03 -1.366784e+02 -4.703347e+03 -1.209124e+03
-1.942765e+03 1.808525e+01 -2.697964e+03 -2.314006e+03 -1.927889e+03 9.240178e+01 -4.223539e+03 -1.362145e+03
-1.602149e+03 2.884146e+02 -2.597634e+03 -2.072974e+03 -2.107018e+03 7.026346e+01 -4.498940e+03 -1.574577e+03
-8.473186e+02 4.550901e+02 -3.063023e+03 -2.531957e+03 -1.685758e+03 1.387143e+02 -5.295257e+03 -1.240127e+03
-1.736394e+03 3.918852e+02 -3.437859e+03 -2.815301e+03 -1.597149e+03 4.673697e+02 -5.229244e+03 -1.595117e+03
-2.094825e+03 2.911592e+02 -2.587431e+03 -2.345673e+03 -1.880181e+03 1.082015e+02 -4.618669e+03 -1.231282e+03
-9.122221e+02 4.344396e+02 -3.747367e+03 -2.969348e+03 -1.643921e+03 1.008679e+03 -6.215485e+03 -1.768404e+03
-1.634951e+03 1.473871e+02 -2.649485e+03 -2.483565e+03 -2.124848e+03 -2.040925e+02 -4.502346e+03 -1.458073e+03
-1.962340e+02 3.838203e+02 -3.611840e+03 -2.519950e+03 -1.827251e+03 1.120402e+03 -6.327653e+03 -2.029305e+03
-1.234415e+03 3.776468e+02 -3.672896e+03 -2.823965e+03 -1.560497e+03 1.019550e+03 -6.004054e+03 -1.724725e+03
-1.064785e+03 4.080100e+02 -2.741163e+03 -2.243729e+03 -1.737748e+03 3.263480e+02 -5.115032e+03 -9.817806e+02
-1.690179e+03 5.030583e+02 -2.370512e+03 -1.907934e+03 -1.839470e+03 1.006029e+02 -4.576395e+03 -1.106452e+03
-1.593675e+03 3.609855e+02 -3.135774e+03 -2.545253e+03 -1.835962e+03 3.384782e+02 -5.176400e+03 -1.697370e+03
-1.340755e+03 1.592961e+02 -3.202067e+03 -2.441085e+03 -1.919100e+03 2.937660e+02 -5.143344e+03 -1.338023e+03
-1.379432e+03 1.671978e+02 -2.836455e+03 -2.574979e+03 -2.018091e+03 1.414909e+02 -4.834642e+03 -1.451415e+03
-1.209712e+03 6.173774e+02 -3.493842e+03 -2.583813e+03 -1.808258e+03 1.934824e+01 -5.338979e+03 -1.164108e+03
-5.354482e+02 8.961088e+02 -3.224174e+03 -2.308894e+03 -1.663557e+03 1.108182e+03 -6.125988e+03 -1.426662e+03
-2.088513e+03 2.329987e+02 -2.577712e+03 -2.397001e+03 -1.926729e+03 1.579429e+02 -4.417324e+03 -1.332839e+03
-1.608442e+03 3.398888e+02 -2.730577e+03 -2.347182e+03 -1.736333e+03 3.205718e+02 -4.895464e+03 -1.074584e+03
-1.826170e+03 1.666946e+02 -2.715306e+03 -2.478290e+03 -1.942551e+03 -1.239603e+02 -4.387356e+03 -1.434178e+03
-1.451277e+03 4.059126e+02 -2.737514e+03 -2.476763e+03 -1.896104e+03 1.236759e+02 -4.846203e+03 -1.487683e+03
-1.227058e+03 2.347214e+02 -3.073097e+03 -2.600152e+03 -1.838859e+03 6.513949e+01 -4.881308e+03 -1.520496e+03
-2.249064e+03 4.518936e+00 -2.216871e+03 -2.215781e+03 -2.471516e+03 -4.021519e+02 -3.766766e+03 -1.547772e+03
-9.296110e+02 3.624584e+02 -2.838632e+03 -2.585196e+03 -1.986739e+03 2.021349e+02 -5.246319e+03 -1.436847e+03
-2.023535e+03 1.774076e+02 -2.557255e+03 -2.276069e+03 -2.138455e+03 7.620480e+01 -4.465951e+03 -1.258274e+03
-1.825097e+03 2.456366e+02 -2.634734e+03 -2.398954e+03 -1.966940e+03 -1.101585e+02 -4.248993e+03 -1.350977e+03
-1.080556e+03 1.033841e+02 -2.901437e+03 -2.470460e+03 -1.989596e+03 5.669521e+01 -4.912493e+03 -1.312098e+03
-1.365023e+03 6.960973e+01 -3.321091e+03 -2.739694e+03 -1.756030e+03 1.239121e+02 -4.932908e+03 -1.270658e+03
-1.243651e+03 5.892178e+02 -2.634521e+03 -2.027508e+03 -1.728944e+03 3.231379e+02 -5.181714e+03 -8.444020e+02
-1.131964e+03 4.977640e+02 -3.107145e+03 -2.496496e+03 -1.770737e+03 6.557084e+02 -5.768784e+03 -1.480535e+03
-1.166499e+03 3.931824e+02 -2.760159e+03 -2.452566e+03 -2.024284e+03 1.373284e+01 -5.137589e+03 -1.261842e+03
-1.921627e+03 3.292873e+02 -2.619313e+03 -2.393031e+03 -1.966892e+03 6.255798e+00 -4.396022e+03 -1.413650e+03
-1.313140e+03 6.858778e+02 -2.714730e+03 -2.265656e+03 -1.802459e+03 3.280251e+02 -5.099317e+03 -1.177376e+03
-3.532419e+02 9.836638e+02 -3.375477e+03 -2.160617e+03 -1.598264e+03 1.212334e+03 -6.447276e+03 -1.207474e+03
-1.239686e+03 2.377056e+02 -2.609300e+03 -2.267153e+03 -2.190686e+03 -2.868613e+01 -4.517240e+03 -1.514742e+03
-1.873124e+03 6.948481e+02 -2.755219e+03 -2.601906e+03 -1.927148e+03 3.379997e+02 -5.239320e+03 -1.249487e+03
-1.041140e+03 6.472310e+02 -2.858990e+03 -1.867743e+03 -1.790266e+03 7.111778e+02 -5.401179e+03 -9.920648e+02
-1.217753e+03 2.724223e+02 -3.482727e+03 -2.941957e+03 -1.773694e+03 7.394549e+02 -5.698963e+03 -1.816401e+03
-1.199736e+03 3.172655e+02 -3.065147e+03 -2.645362e+03 -1.913333e+03 2.832049e+02 -5.389059e+03 -1.402794e+03
-1.569377e+03 5.604121e+02 -3.024234e+03 -2.366225e+03 -1.848789e+03 7.170777e+02 -5.308568e+03 -1.826070e+03
-2.623176e+03 7.508000e+01 -2.134140e+03 -2.323283e+03 -2.525606e+03 -6.858275e+02 -3.717187e+03 -1.441221e+03
-1.664112e+03 2.239561e+02 -2.531888e+03 -2.164584e+03 -1.867095e+03 2.592570e+02 -4.416294e+03 -1.148235e+03
-1.537456e+03 2.292340e+02 -2.894113e+03 -2.334603e+03 -2.063373e+03 -1.690187e+02 -4.679638e+03 -1.473953e+03
-1.853147e+03 3.161481e+02 -2.705314e+03 -2.407154e+03 -2.043057e+03 -3.531389e+02 -4.514568e+03 -1.365020e+03
-1.421099e+03 6.001269e+02 -3.010790e+03 -2.412543e+03 -1.586046e+03 3.910108e+02 -5.400786e+03 -1.042246e+03
-1.110848e+03 2.137197e+02 -2.770822e+03 -2.395127e+03 -2.158199e+03 1.427437e+02 -5.090835e+03 -1.309435e+03
-1.487974e+03 2.584354e+01 -2.814957e+03 -2.304109e+03 -2.299550e+03 -1.968343e+02 -4.544925e+03 -1.642582e+03
-2.032190e+03 2.368462e+02 -2.426294e+03 -2.408507e+03 -2.243019e+03 -1.330541e+02 -4.351761e+03 -1.521393e+03
-1.687064e+03 3.504906e+02 -2.699092e+03 -2.674286e+03 -2.033847e+03 -2.091846e+01 -4.995814e+03 -1.374666e+03
-1.175281e+03 7.822604e+02 -2.523692e+03 -2.299141e+03 -1.749333e+03 1.708067e+02 -5.625359e+03 -9.342250e+02
-4.024389e+02 1.029278e+03 -3.261499e+03 -2.234668e+03 -1.660610e+03 1.097192e+03 -6.407611e+03 -1.098221e+03
-1.812257e+03 3.430320e+02 -2.517023e+03 -2.310171e+03 -1.898045e+03 -3.358273e+01 -4.656055e+03 -1.207451e+03
-9.572966e+02 1.818446e+02 -3.002125e+03 -2.592030e+03 -2.050808e+03 -5.143342e+01 -5.109420e+03 -1.591354e+03
-6.812727e+02 4.028245e+02 -3.079169e+03 -2.360802e+03 -1.886665e+03 3.728882e+02 -5.479212e+03 -1.547985e+03
-1.709660e+03 1.296436e+02 -2.808165e+03 -2.281189e+03 -2.062017e+03 3.271877e+02 -4.428466e+03 -1.548974e+03
-1.497996e+03 2.647114e+02 -2.653602e+03 -2.438728e+03 -2.141870e+03 -1.690160e+01 -4.688741e+03 -1.501227e+03
-1.543462e+03 1.446119e+02 -2.830124e+03 -2.427473e+03 -1.995648e+03 -7.225664e+01 -4.689709e+03 -1.354454e+03
4.153987e+02 7.077871e+02 -3.721862e+03 -2.400000e+03 -1.902961e+03 7.773524e+02 -6.582973e+03 -1.419740e+03
-1.078763e+03 1.903014e+02 -2.810992e+03 -2.422770e+03 -2.106777e+03 -7.767457e+01 -5.022781e+03 -1.532573e+03
-1.245147e+03 3.415043e+02 -2.852690e+03 -2.378139e+03 -2.109066e+03 9.950276e+01 -4.745471e+03 -1.511954e+03
-1.355085e+03 1.804784e+02 -2.721968e+03 -2.278072e+03 -2.282599e+03 -3.525684e+01 -4.637432e+03 -1.660689e+03
-1.886380e+03 3.004915e+02 -2.844096e+03 -2.358093e+03 -1.767195e+03 -1.145346e+02 -4.609689e+03 -1.033136e+03
-1.262371e+03 5.650850e+02 -2.771977e+03 -2.531316e+03 -1.865742e+03 5.508654e+02 -5.382375e+03 -1.303506e+03
-1.005325e+03 1.412512e+02 -3.158817e+03 -2.430525e+03 -1.827362e+03 2.879219e+02 -5.132556e+03 -1.253855e+03
-1.166499e+03 3.931824e+02 -2.760159e+03 -2.452566e+03 -2.024284e+03 1.373284e+01 -5.137589e+03 -1.261842e+03
-1.078763e+03 1.903014e+02 -2.810992e+03 -2.422770e+03 -2.106777e+03 -7.767457e+01 -5.022781e+03 -1.532573e+03
-9.518086e+02 3.400922e+02 -2.972428e+03 -2.506266e+03 -2.167328e+03 4.020791e+02 -5.245413e+03 -1.719062e+03
-1.009041e+03 4.795575e+02 -3.003073e+03 -2.450271e+03 -2.118764e+03 -3.193861e+01 -5.591109e+03 -1.348372e+03
-1.315223e+03 3.621774e+02 -2.704288e+03 -2.262256e+03 -1.843354e+03 3.412173e+02 -5.080836e+03 -1.281210e+03
-1.447076e+03 4.615375e+02 -2.584041e+03 -2.430431e+03 -1.867139e+03 6.768681e+01 -4.992654e+03 -1.212126e+03
-1.506942e+03 2.888846e+02 -2.578870e+03 -2.496180e+03 -2.186616e+03 -4.630172e+01 -4.745757e+03 -1.500879e+03
-1.800404e+03 8.849008e+01 -2.484837e+03 -2.449597e+03 -1.990619e+03 -7.334097e+01 -4.171268e+03 -1.340212e+03
-1.313798e+03 3.772077e+02 -2.583015e+03 -2.371864e+03 -2.097065e+03 2.155855e+02 -5.079513e+03 -1.218223e+03
-1.217971e+03 7.670088e+01 -2.988884e+03 -2.538475e+03 -1.884782e+03 -1.579417e+01 -4.853311e+03 -1.343560e+03
-2.025341e+03 -4.146939e+02 -2.634182e+03 -2.369730e+03 -2.298588e+03 -6.910265e+02 -3.984235e+03 -1.574757e+03
-8.933396e+02 3.448144e+02 -2.936320e+03 -2.548274e+03 -1.898755e+03 4.168759e+01 -5.397810e+03 -1.396036e+03
-1.261498e+03 1.562040e+02 -2.779065e+03 -2.531599e+03 -2.075327e+03 1.385980e+02 -4.848288e+03 -1.594986e+03
-1.127075e+03 7.015377e+02 -2.772136e+03 -2.178150e+03 -1.736777e+03 4.181371e+02 -5.300481e+03 -1.169920e+03
-1.954352e+03 2.009941e+02 -2.422511e+03 -2.388136e+03 -2.051903e+03 8.588885e+01 -4.426817e+03 -1.284625e+03
-2.000440e+03 1.018715e+02 -2.627540e+03 -2.454617e+03 -1.997938e+03 -3.377740e+01 -4.218513e+03 -1.331941e+03
-8.205167e+02 2.421776e+02 -3.556607e+03 -2.878242e+03 -2.135222e+03 1.274036e+03 -5.795526e+03 -1.971254e+03
-1.407240e+03 3.879072e+02 -2.671872e+03 -2.255309e+03 -1.959335e+03 3.148229e+02 -4.978667e+03 -1.372270e+03
-1.448344e+03 1.106792e+02 -2.956005e+03 -2.441832e+03 -2.095044e+03 -2.488647e+02 -4.632770e+03 -1.561054e+03
-1.790839e+03 1.838689e+02 -2.914498e+03 -2.507766e+03 -1.910785e+03 2.382389e+02 -4.418385e+03 -1.084321e+03
-1.460343e+03 2.115280e+02 -2.636658e+03 -2.066615e+03 -1.846933e+03 3.537512e+02 -4.621648e+03 -1.167874e+03
-1.419552e+03 2.544077e+02 -2.625332e+03 -2.195969e+03 -2.045499e+03 1.692326e+02 -4.507405e+03 -1.509058e+03
-1.406698e+03 5.967790e+02 -2.471710e+03 -2.116876e+03 -1.838698e+03 8.312883e+01 -5.270517e+03 -8.756031e+02
-1.709109e+03 3.147376e+02 -2.569593e+03 -2.187229e+03 -1.822904e+03 2.798546e+02 -4.617653e+03 -1.093554e+03
-8.880103e+02 5.512047e+02 -3.401947e+03 -2.458489e+03 -1.811366e+03 3.015046e+02 -5.370927e+03 -1.492217e+03
-1.144898e+03 3.404065e+02 -2.704122e+03 -2.257592e+03 -1.704631e+03 2.739672e+02 -4.924125e+03 -1.033198e+03
-1.151258e+03 5.430281e+02 -2.619351e+03 -2.119792e+03 -1.716545e+03 1.918629e+02 -5.001074e+03 -8.720174e+02
-1.641158e+03 5.315045e+01 -2.614551e+03 -2.429274e+03 -2.394999e+03 -3.245833e+02 -4.262104e+03 -1.689537e+03
-1.244388e+03 1.692433e+02 -3.894911e+03 -2.585732e+03 -1.549425e+03 6.522113e+02 -5.893447e+03 -1.594081e+03
-2.505943e+03 8.415430e+01 -2.805558e+03 -2.660845e+03 -2.156239e+03 -2.269132e+02 -4.095686e+03 -1.373930e+03
-2.041072e+03 1.089645e+01 -2.652359e+03 -2.403054e+03 -2.330646e+03 -3.756542e+02 -4.073941e+03 -1.743334e+03
-7.245077e+02 6.058475e+02 -3.163845e+03 -2.417327e+03 -1.662209e+03 6.041630e+02 -5.866300e+03 -1.308362e+03
-1.334105e+03 2.540045e+02 -2.576922e+03 -2.012610e+03 -2.005998e+03 4.004382e+02 -4.721541e+03 -1.369116e+03
-4.649405e+02 8.070954e+02 -3.015851e+03 -2.464402e+03 -1.726899e+03 7.138652e+02 -6.124101e+03 -1.369630e+03
-1.316340e+03 3.904287e+02 -2.526336e+03 -2.144600e+03 -1.689827e+03 1.604216e+02 -4.601806e+03 -1.128729e+03
-1.386474e+03 4.168360e+02 -2.698358e+03 -2.272845e+03 -1.801806e+03 -1.388561e+02 -4.654876e+03 -1.137825e+03
-2.245155e+02 5.660426e+02 -2.941440e+03 -2.108890e+03 -1.805282e+03 6.649651e+02 -5.728868e+03 -1.038472e+03
-1.420801e+03 1.425605e+02 -2.714794e+03 -2.466286e+03 -2.073247e+03 9.010861e+01 -4.607004e+03 -1.508716e+03
-8.980131e+02 3.406412e+02 -2.652065e+03 -2.270275e+03 -2.000992e+03 2.227179e+02 -5.067945e+03 -1.234681e+03
-5.200053e+02 8.127798e+02 -3.094827e+03 -2.240060e+03 -1.647620e+03 7.308232e+02 -5.951645e+03 -1.071172e+03
-1.397582e+03 3.810328e+02 -2.755751e+03 -2.355773e+03 -1.917350e+03 9.947016e+01 -4.708336e+03 -1.303217e+03
-2.128926e+03 2.607383e+02 -2.590200e+03 -2.349139e+03 -1.938435e+03 2.089855e+02 -4.585260e+03 -1.124228e+03
-1.511582e+03 5.782083e+02 -2.736630e+03 -2.169899e+03 -2.031138e+03 2.822126e+02 -4.794800e+03 -1.428002e+03
-1.176623e+03 6.982847e+02 -2.761823e+03 -2.339583e+03 -1.719470e+03 1.592020e+02 -5.306491e+03 -1.010849e+03
-1.418195e+03 1.553803e+02 -2.628579e+03 -2.207317e+03 -2.105482e+03 -3.892218e+01 -4.435900e+03 -1.351347e+03
-1.716486e+03 -1.286074e+02 -2.861927e+03 -2.579183e+03 -2.162931e+03 -6.903735e+02 -4.674495e+03 -1.489592e+03
-1.207279e+03 5.553768e+02 -3.565464e+03 -2.720608e+03 -1.608834e+03 7.172492e+02 -5.733114e+03 -1.672075e+03
-1.951974e+03 4.099302e+02 -2.522541e+03 -2.250357e+03 -2.170819e+03 -6.515674e+01 -4.512637e+03 -1.329422e+03
-1.309113e+03 4.313221e+02 -2.833873e+03 -2.479780e+03 -1.892643e+03 -6.961076e-01 -5.049843e+03 -1.302574e+03
-1.491012e+03 -3.460546e+01 -2.939776e+03 -2.478968e+03 -1.974223e+03 3.106619e+02 -4.600070e+03 -1.480352e+03
-1.525113e+03 3.796377e+02 -2.971971e+03 -2.510859e+03 -1.853952e+03 1.734356e+02 -4.846180e+03 -1.408186e+03
-1.097594e+03 5.225807e+02 -2.745896e+03 -2.240016e+03 -2.069125e+03 4.818337e+01 -5.093471e+03 -1.388506e+03
-1.200459e+03 3.715345e+02 -3.718535e+03 -2.625949e+03 -1.640185e+03 7.702817e+02 -5.621439e+03 -1.768726e+03
-1.875170e+03 -1.815895e+02 -2.814846e+03 -2.397141e+03 -2.215235e+03 -5.236792e+02 -4.293036e+03 -1.603288e+03
-1.491349e+03 1.866466e+02 -2.720785e+03 -2.574896e+03 -2.025300e+03 -1.222015e+02 -4.610136e+03 -1.404354e+03
-1.821868e+03 3.015495e+02 -2.989830e+03 -2.615734e+03 -1.965403e+03 1.800767e+02 -4.777143e+03 -1.538675e+03
-1.386391e+03 2.744357e+02 -2.985954e+03 -2.502441e+03 -1.940900e+03 -2.104428e+01 -4.841259e+03 -1.400206e+03
-2.732600e+03 -4.537065e+01 -2.366704e+03 -2.206626e+03 -2.462832e+03 -5.345825e+02 -3.417334e+03 -1.643111e+03
-1.258525e+03 4.590244e+02 -2.638277e+03 -2.193092e+03 -1.828741e+03 1.562132e+02 -4.836693e+03 -1.031216e+03
-1.696969e+03 3.777734e+02 -3.338178e+03 -2.198601e+03 -2.420954e+03 -2.550044e+02 -4.593796e+03 -1.490339e+03
-1.449138e+03 3.389568e+02 -3.008117e+03 -2.354439e+03 -2.075987e+03 2.165094e+02 -5.007795e+03 -1.820475e+03
-9.496252e+02 3.452716e+02 -2.656814e+03 -2.129244e+03 -1.939336e+03 3.740017e+02 -4.784490e+03 -1.357747e+03
-1.697419e+03 3.447039e+02 -2.641203e+03 -2.393586e+03 -1.964538e+03 -4.577337e+01 -4.651954e+03 -1.319459e+03
-1.681066e+03 5.107890e+02 -3.031584e+03 -2.552577e+03 -1.446736e+03 6.269862e+02 -5.154581e+03 -1.397648e+03
9.887603e+02 6.156793e+02 -3.843922e+03 -2.489233e+03 -1.747325e+03 1.294966e+03 -7.049705e+03 -1.456404e+03
-8.175806e+02 2.988597e+02 -3.129961e+03 -2.694878e+03 -1.874496e+03 1.410347e+02 -5.713522e+03 -1.488529e+03
-9.420017e+02 2.396169e+02 -2.848789e+03 -2.364132e+03 -2.095382e+03 7.761335e+02 -5.028931e+03 -1.595503e+03
-1.321075e+03 5.738049e+02 -2.433805e+03 -1.977470e+03 -1.811289e+03 1.645148e+02 -4.852531e+03 -1.006872e+03
-1.065908e+03 4.683086e+02 -3.712251e+03 -2.779508e+03 -1.614351e+03 8.953859e+02 -5.912942e+03 -1.747081e+03
-1.516831e+03 2.315043e+02 -2.733912e+03 -2.354277e+03 -2.082683e+03 -1.686972e+01 -4.555838e+03 -1.600733e+03
-1.988968e+03 2.503694e+02 -2.568279e+03 -2.418906e+03 -1.869658e+03 -1.779769e+02 -4.483372e+03 -1.064541e+03
-2.125434e+03 3.463846e+02 -2.647507e+03 -2.235300e+03 -1.990842e+03 -3.799090e+02 -4.399585e+03 -1.294932e+03
-1.866462e+03 2.811594e+02 -2.693400e+03 -2.170584e+03 -1.830607e+03 2.119978e+02 -4.553832e+03 -1.326851e+03
-1.343873e+03 4.644293e+02 -2.572486e+03 -2.048742e+03 -1.834695e+03 1.433891e+02 -4.681064e+03 -1.124394e+03
-1.137547e+03 6.164326e+02 -3.525376e+03 -2.438959e+03 -1.759499e+03 -2.992413e+02 -5.260151e+03 -8.985185e+02
-1.836263e+03 3.026496e+02 -2.755494e+03 -2.397637e+03 -1.969169e+03 6.851229e+01 -4.591940e+03 -1.353279e+03
-1.607067e+03 4.247826e+02 -2.705120e+03 -2.370033e+03 -2.093393e+03 4.081125e+01 -4.723522e+03 -1.501061e+03
-1.069963e+03 4.439154e+02 -2.801401e+03 -2.241818e+03 -1.945403e+03 5.711797e+02 -5.219369e+03 -1.480897e+03
-1.298457e+03 2.597977e+02 -2.924068e+03 -2.627102e+03 -1.877527e+03 2.915360e+02 -5.208965e+03 -1.389553e+03
-1.382226e+03 4.094091e+02 -2.510149e+03 -2.208711e+03 -2.083642e+03 3.829252e+02 -4.999129e+03 -1.444290e+03
-1.046651e+03 4.010710e+02 -3.941744e+03 -2.917948e+03 -1.634743e+03 5.911140e+02 -5.907597e+03 -1.647593e+03
-1.010559e+03 1.913286e+02 -3.647232e+03 -2.826684e+03 -2.129843e+03 7.471165e+02 -5.707119e+03 -2.023422e+03
-1.913760e+03 1.288741e+02 -2.467000e+03 -2.283611e+03 -2.183321e+03 -1.609551e+02 -4.117793e+03 -1.483656e+03
-2.220999e+03 2.331373e+02 -2.491906e+03 -2.215730e+03 -2.350522e+03 1.128518e+02 -4.121469e+03 -1.852593e+03
-1.383659e+03 2.930428e+02 -2.758893e+03 -2.150895e+03 -1.822325e+03 5.439518e+02 -4.769860e+03 -1.229433e+03
-1.066534e+03 6.483645e+02 -2.992117e+03 -2.514035e+03 -1.824055e+03 2.858076e+02 -5.479208e+03 -1.213375e+03
-1.504405e+03 3.816742e+02 -2.761473e+03 -2.418502e+03 -1.977869e+03 -4.882117e+01 -4.905494e+03 -1.268657e+03
-1.867782e+03 4.152943e+02 -2.549555e+03 -2.315321e+03 -1.971666e+03 1.313751e+02 -4.571459e+03 -1.447145e+03
2.576034e+03 8.487047e+02 -5.627739e+03 -2.632680e+03 -1.002456e+03 2.924594e+03 -8.661545e+03 -1.564851e+03
-1.731208e+03 1.737445e+02 -3.023162e+03 -2.709648e+03 -2.136554e+03 1.162259e+02 -4.856676e+03 -1.630655e+03
-7.382686e+02 3.408508e+02 -2.881469e+03 -2.557364e+03 -1.913891e+03 4.447234e+02 -5.434563e+03 -1.296599e+03
-6.579855e+02 8.193869e+02 -3.082000e+03 -2.381733e+03 -1.737075e+03 7.586452e+02 -6.116937e+03 -1.172284e+03
-2.033069e+03 1.601488e+02 -2.218502e+03 -2.415641e+03 -2.240478e+03 -3.161934e+02 -4.313998e+03 -1.333788e+03
-1.286609e+03 5.972289e+02 -2.491713e+03 -1.951357e+03 -1.606739e+03 3.383958e+02 -5.035996e+03 -9.943791e+02
-1.030628e+03 2.559404e+02 -2.737180e+03 -2.368269e+03 -2.226980e+03 4.841425e+02 -4.991289e+03 -1.656892e+03
-1.088021e+03 4.967686e+02 -2.889603e+03 -2.335822e+03 -1.976440e+03 6.000897e+01 -5.238494e+03 -1.316726e+03
-1.363961e+03 5.409706e+02 -2.498833e+03 -2.077189e+03 -1.829330e+03 1.180313e+02 -5.141880e+03 -9.017600e+02
-1.443370e+03 1.660304e+02 -2.582093e+03 -2.561158e+03 -2.128449e+03 -1.204516e+02 -4.736688e+03 -1.521460e+03
-1.240468e+03 6.413665e+02 -2.627423e+03 -2.328873e+03 -1.729921e+03 2.245979e+02 -5.230396e+03 -1.012095e+03
-1.373240e+03 4.989134e+02 -2.340377e+03 -1.862898e+03 -1.755545e+03 2.523606e+02 -4.805277e+03 -1.029939e+03
-1.194225e+03 4.128576e+01 -2.767938e+03 -2.452985e+03 -2.300568e+03 -2.597434e+01 -4.603284e+03 -1.665051e+03
-1.581490e+03 4.947372e+02 -2.596030e+03 -2.194253e+03 -2.059473e+03 2.455114e+02 -4.532669e+03 -1.461448e+03
-1.141940e+03 6.784005e+02 -2.659407e+03 -2.359418e+03 -1.983804e+03 3.216524e+02 -5.314969e+03 -1.191619e+03
-1.919298e+03 1.069647e+02 -2.601742e+03 -2.376185e+03 -2.249308e+03 -3.841918e+02 -4.277169e+03 -1.611181e+03
-1.675070e+03 2.973060e+02 -2.536128e+03 -2.183010e+03 -2.159879e+03 -2.486582e+02 -4.376451e+03 -1.420897e+03
-1.628186e+03 1.351968e+02 -2.721347e+03 -2.398458e+03 -2.044530e+03 2.663750e+02 -4.494741e+03 -1.445424e+03
-1.365328e+03 2.090901e+02 -2.745087e+03 -2.562581e+03 -2.179152e+03 -6.783837e+01 -4.883677e+03 -1.712830e+03
-1.752435e+03 4.301528e+01 -3.086086e+03 -2.536851e+03 -2.099523e+03 -4.695485e+02 -5.027594e+03 -1.346505e+03
-1.342208e+03 6.741706e+01 -2.852056e+03 -2.556576e+03 -2.141358e+03 -2.029615e+02 -4.773254e+03 -1.539186e+03
-1.744504e+03 -2.786309e+02 -3.154268e+03 -2.471684e+03 -2.017716e+03 -4.792959e+02 -4.624309e+03 -1.298111e+03
-1.138103e+03 2.852253e+02 -2.715518e+03 -2.513306e+03 -2.133898e+03 9.519375e+01 -4.926249e+03 -1.564299e+03
-8.518167e+02 7.603086e+02 -2.799195e+03 -2.391121e+03 -1.813269e+03 3.946351e+02 -5.679786e+03 -1.121117e+03
-1.851508e+03 1.969908e+02 -2.674600e+03 -2.463073e+03 -1.909323e+03 -1.134818e+02 -4.565208e+03 -1.219184e+03
-1.269345e+03 4.233240e+02 -3.746608e+03 -2.806422e+03 -1.629180e+03 6.979458e+02 -5.888268e+03 -1.630465e+03
-1.776068e+03 1.066597e+02 -2.636557e+03 -2.427414e+03 -1.845751e+03 4.737101e+01 -4.447069e+03 -1.093811e+03
-1.173147e+03 1.510456e+02 -2.863086e+03 -2.588090e+03 -1.986951e+03 8.323592e+01 -5.013747e+03 -1.315152e+03
-1.663446e+03 1.048597e+02 -2.857079e+03 -2.282971e+03 -2.102392e+03 -2.036149e+02 -4.353930e+03 -1.469500e+03
-2.079201e+03 4.318641e+02 -2.303547e+03 -2.033039e+03 -1.949811e+03 9.557457e+01 -4.337656e+03 -1.241672e+03
-1.378033e+03 3.396624e+02 -2.595956e+03 -2.187499e+03 -2.275605e+03 -2.648168e+01 -4.627419e+03 -1.592467e+03
-1.314320e+03 -2.626940e+02 -2.990131e+03 -2.596728e+03 -2.237931e+03 -6.152777e+02 -4.885364e+03 -1.622064e+03
-1.152735e+03 3.789948e+02 -3.496965e+03 -2.778523e+03 -1.968123e+03 7.353805e+02 -5.727829e+03 -1.993548e+03
-1.659546e+03 1.720420e+02 -2.770642e+03 -2.132098e+03 -1.861665e+03 2.335520e+02 -4.589982e+03 -1.107508e+03
-7.483408e+02 4.757844e+02 -3.413329e+03 -2.622045e+03 -1.760231e+03 7.567884e+02 -6.056309e+03 -1.366751e+03
-1.348969e+03 1.809729e+02 -2.668032e+03 -2.289164e+03 -1.829173e+03 7.974932e+01 -4.704710e+03 -1.105546e+03
-1.131504e+03 5.161938e+02 -2.824287e+03 -2.290451e+03 -1.930205e+03 6.852288e+01 -5.037265e+03 -1.133983e+03
-1.746837e+03 -5.792795e+01 -2.569916e+03 -2.388391e+03 -2.572580e+03 -6.578179e+02 -4.311556e+03 -1.733549e+03
-6.809102e+02 4.871151e+02 -3.887945e+03 -2.863152e+03 -1.827831e+03 7.673331e+02 -5.940978e+03 -1.750355e+03
-1.432601e+03 6.090677e+02 -2.436462e+03 -1.657568e+03 -1.951316e+03 4.099573e+02 -4.417744e+03 -1.186888e+03
-1.277575e+03 3.488289e+02 -2.821853e+03 -2.745866e+03 -2.069202e+03 -1.595785e+02 -5.207232e+03 -1.571506e+03
-2.196775e+03 3.477240e+02 -2.962983e+03 -2.815799e+03 -2.586707e+03 -6.677904e+02 -4.854820e+03 -2.057418e+03
-2.002778e+03 4.709118e+02 -3.274527e+03 -2.724572e+03 -2.502811e+03 -4.750167e+02 -5.003500e+03 -1.881052e+03
-4.709895e+02 4.037433e+02 -4.221440e+03 -2.358153e+03 -2.512739e+03 1.248447e+00 -6.238600e+03 -2.191140e+03
-1.843715e+03 5.299121e+02 -3.176062e+03 -2.743119e+03 -2.534912e+03 -5.441647e+02 -5.202612e+03 -1.979870e+03
-6.936823e+01 1.068669e+03 -4.109234e+03 -2.769649e+03 -2.231616e+03 9.435182e+02 -7.139141e+03 -1.836615e+03
-3.277649e+03 4.242949e+02 -2.729190e+03 -2.946663e+03 -2.087811e+03 -5.949333e+02 -4.488856e+03 -1.516070e+03
-2.935562e+03 8.070911e+02 -2.433365e+03 -2.870090e+03 -2.242550e+03 -2.209767e+01 -4.680582e+03 -1.552780e+03
-1.865788e+03 -7.722937e+01 -3.706562e+03 -1.930962e+03 -2.769263e+03 -1.422030e+03 -4.724321e+03 -2.429686e+03
-1.982575e+03 5.270447e+02 -3.351189e+03 -2.751632e+03 -2.792661e+03 -8.156897e+02 -5.094361e+03 -2.135741e+03
-1.855274e+03 1.936887e+02 -3.886858e+03 -2.514266e+03 -2.582873e+03 -9.852197e+02 -4.966944e+03 -2.323040e+03
-2.048987e+03 7.802145e+02 -3.109190e+03 -2.907756e+03 -2.433648e+03 -3.584273e+02 -5.216502e+03 -1.764737e+03
-2.480418e+03 7.536399e+02 -3.212127e+03 -2.845822e+03 -2.731232e+03 -4.931368e+02 -5.184541e+03 -1.880138e+03
-1.853701e+03 6.604422e+02 -2.966686e+03 -2.856246e+03 -2.336366e+03 -9.015339e+01 -5.312440e+03 -1.668226e+03
-2.656277e+03 5.665885e+02 -2.956928e+03 -2.737390e+03 -2.629513e+03 -6.431180e+02 -4.752711e+03 -1.754026e+03
-2.121531e+03 7.776117e+02 -3.120518e+03 -2.699031e+03 -2.373680e+03 -2.248371e+02 -5.305325e+03 -1.591178e+03
-1.752347e+03 2.736771e+02 -3.673113e+03 -2.469856e+03 -2.797521e+03 -1.035999e+03 -5.185169e+03 -2.232977e+03
-1.071549e+03 3.073742e+02 -3.611995e+03 -2.155960e+03 -2.712938e+03 -6.044126e+02 -5.471816e+03 -2.057976e+03
-2.319000e+03 4.007819e+02 -3.276547e+03 -2.514830e+03 -2.920413e+03 -7.385050e+02 -4.867354e+03 -2.199769e+03
-1.098854e+03 4.546671e+02 -3.966758e+03 -2.359938e+03 -2.499878e+03 -4.072409e+02 -5.550615e+03 -2.127088e+03
-2.211227e+03 3.387945e+02 -3.348507e+03 -2.341874e+03 -2.737338e+03 -1.279803e+03 -4.640308e+03 -2.248335e+03
-2.287731e+03 1.952728e+02 -3.802980e+03 -2.480554e+03 -2.235087e+03 -1.038069e+03 -4.799411e+03 -1.761108e+03
-1.546640e+03 6.793788e+02 -3.264407e+03 -2.932572e+03 -2.436064e+03 -2.813364e+02 -5.464290e+03 -1.768493e+03
-2.487975e+03 1.369606e+02 -3.106589e+03 -2.694082e+03 -2.436216e+03 -1.063563e+03 -4.590625e+03 -1.980161e+03
-2.189636e+03 2.534176e+02 -3.391306e+03 -2.535815e+03 -2.749877e+03 -1.118753e+03 -4.766125e+03 -2.207875e+03
-2.640896e+03 2.265419e+02 -3.434462e+03 -2.637840e+03 -2.506887e+03 -1.053349e+03 -4.586852e+03 -2.069782e+03
-8.070317e+02 2.409708e+02 -3.624640e+03 -2.590780e+03 -2.545341e+03 -7.547957e+01 -5.785330e+03 -2.107739e+03
-2.032881e+03 4.569576e+02 -3.229465e+03 -2.051071e+03 -2.700584e+03 -7.116997e+02 -4.986787e+03 -2.073653e+03
-2.751739e+03 5.844086e+02 -2.971652e+03 -2.612237e+03 -2.840450e+03 -9.382278e+02 -4.607364e+03 -1.962414e+03
-2.320723e+03 7.910102e+02 -2.954321e+03 -3.008196e+03 -2.269328e+03 -1.084263e+02 -5.294701e+03 -1.501236e+03
-2.192852e+03 1.653368e+01 -3.450606e+03 -2.499556e+03 -2.688447e+03 -1.179172e+03 -4.686405e+03 -2.264262e+03
-5.155058e+02 4.106980e+02 -3.927437e+03 -2.151508e+03 -2.640535e+03 -3.233891e+02 -5.999058e+03 -2.101055e+03
-2.861579e+03 6.414302e+02 -3.004868e+03 -2.703913e+03 -2.604576e+03 -3.437434e+02 -4.764441e+03 -1.660106e+03
-3.397298e+02 3.475079e+02 -4.001341e+03 -2.535272e+03 -2.338181e+03 6.606388e+02 -6.382997e+03 -2.286170e+03
-2.594397e+03 6.270798e+01 -3.478441e+03 -2.878553e+03 -2.668275e+03 -1.035549e+03 -4.552401e+03 -2.160242e+03
-2.030300e+03 3.178031e+02 -3.298159e+03 -2.485548e+03 -2.828503e+03 -8.868227e+02 -4.911481e+03 -2.186295e+03
-2.124012e+03 1.647649e+02 -3.715902e+03 -2.418258e+03 -2.627941e+03 -9.474889e+02 -4.851613e+03 -2.252993e+03
-1.212797e+03 5.638162e+02 -3.390695e+03 -2.669540e+03 -2.367504e+03 -9.293296e+01 -5.467286e+03 -1.649074e+03
-2.701889e+03 7.785007e+02 -2.589655e+03 -2.976796e+03 -2.344828e+03 1.737417e+02 -4.710267e+03 -1.578473e+03
-7.369835e+02 4.081035e+02 -3.955443e+03 -2.422805e+03 -2.370747e+03 3.041729e+02 -5.703713e+03 -2.175787e+03
-1.526353e+03 1.617387e+02 -3.880521e+03 -2.612402e+03 -2.597000e+03 -7.349965e+02 -5.298048e+03 -2.503821e+03
-1.430282e+03 6.418510e+02 -3.150402e+03 -2.872551e+03 -2.372600e+03 -3.745628e+01 -5.528286e+03 -1.846624e+03
-2.272135e+03 3.562167e+02 -2.724819e+03 -2.842690e+03 -2.313552e+03 -3.068553e+02 -4.618506e+03 -1.925192e+03
-2.508636e+03 1.759207e+02 -3.276833e+03 -2.442251e+03 -2.742719e+03 -1.063799e+03 -4.442688e+03 -2.234424e+03
-1.963902e+03 9.123739e+02 -2.889373e+03 -2.726700e+03 -2.628218e+03 -1.272583e+02 -5.200288e+03 -1.645165e+03
-2.564400e+03 2.088976e+02 -3.425263e+03 -2.695378e+03 -2.560437e+03 -5.995635e+02 -4.590076e+03 -2.044088e+03
-2.944117e+03 2.296577e+02 -2.863611e+03 -2.953771e+03 -2.578797e+03 -1.028404e+03 -4.225270e+03 -1.990324e+03
-1.836837e+03 8.748229e+02 -3.530290e+03 -2.684936e+03 -2.318620e+03 8.786543e+02 -5.841633e+03 -1.635858e+03
-2.555552e+03 6.560430e+02 -3.048080e+03 -2.897100e+03 -2.500166e+03 -4.681969e+02 -4.967896e+03 -1.760122e+03
-1.541461e+03 4.054239e+02 -3.481285e+03 -2.386538e+03 -2.658028e+03 -8.300792e+02 -5.325490e+03 -2.047747e+03
-4.432965e+01 3.455960e+02 -4.454406e+03 -2.011746e+03 -2.548023e+03 2.040317e+01 -6.382288e+03 -2.246107e+03
-2.570882e+03 5.187356e+02 -2.853942e+03 -2.618978e+03 -2.599784e+03 -6.519168e+02 -4.575438e+03 -1.818035e+03
-1.472388e+03 3.169758e+02 -3.727221e+03 -2.656246e+03 -2.751472e+03 -6.111385e+02 -5.508753e+03 -2.551845e+03
-1.200398e+03 2.594169e+02 -3.888199e+03 -2.807618e+03 -2.297079e+03 2.776022e+01 -5.782224e+03 -2.254179e+03
-2.490015e+03 6.615482e+02 -2.705509e+03 -2.929583e+03 -2.284654e+03 -2.541114e+01 -4.604744e+03 -1.544723e+03
-2.251373e+03 5.175375e+02 -3.012318e+03 -2.701621e+03 -2.603312e+03 -4.682676e+02 -4.968678e+03 -1.937753e+03
-3.076569e+03 6.384474e+02 -2.550580e+03 -2.965574e+03 -2.347492e+03 -7.620074e+01 -4.483172e+03 -1.664387e+03
2.879358e+03 1.078431e+03 -6.278849e+03 -2.895001e+03 -1.453170e+03 3.254348e+03 -9.599474e+03 -2.128381e+03
-3.484844e+03 3.951974e+02 -2.461288e+03 -2.872488e+03 -2.429403e+03 -7.244618e+02 -3.831752e+03 -1.767565e+03
-1.920814e+03 5.978429e+02 -3.335756e+03 -2.781033e+03 -2.791547e+03 -6.894096e+02 -5.266706e+03 -2.118659e+03
-2.109141e+03 6.220079e+02 -3.151019e+03 -2.467228e+03 -2.854374e+03 -7.443857e+02 -5.132921e+03 -1.778725e+03
-2.223916e+03 -1.663138e+01 -3.744372e+03 -2.368710e+03 -2.746333e+03 -1.354503e+03 -4.546654e+03 -2.496713e+03
-3.124947e+03 6.767490e+02 -2.459953e+03 -2.784777e+03 -2.637482e+03 -5.965583e+02 -4.308751e+03 -1.877506e+03
-1.155296e+03 5.259068e+02 -3.570528e+03 -2.601790e+03 -2.628526e+03 -5.158484e+02 -5.534586e+03 -1.936351e+03
-2.004608e+03 7.251172e+02 -2.927385e+03 -2.852417e+03 -2.545206e+03 -1.535375e+02 -5.088600e+03 -1.933239e+03
-7.201436e+02 3.817959e+02 -3.939958e+03 -2.369170e+03 -2.409295e+03 -1.482837e+02 -5.664159e+03 -2.026656e+03
-2.412705e+03 3.325220e+02 -2.922471e+03 -2.763987e+03 -2.535239e+03 -7.792898e+02 -4.656990e+03 -2.000181e+03
-3.465155e+03 4.180010e+02 -2.203785e+03 -2.800831e+03 -2.385938e+03 -1.034486e+03 -3.693495e+03 -1.698759e+03
-1.369025e+03 4.583925e+02 -3.581520e+03 -2.521732e+03 -2.794769e+03 -7.014647e+02 -5.370793e+03 -2.264963e+03
-1.882845e+03 2.910642e+02 -3.790413e+03 -2.452756e+03 -2.675401e+03 -1.025237e+03 -5.096105e+03 -2.398057e+03
-2.051567e+03 3.527849e+02 -3.358235e+03 -2.909797e+03 -2.530430e+03 -5.895943e+02 -5.122807e+03 -1.999539e+03
-7.243246e+02 6.228019e+02 -4.101358e+03 -2.722881e+03 -2.169762e+03 9.306460e+02 -6.256914e+03 -1.983868e+03
-1.884938e+03 1.027808e+02 -3.721072e+03 -2.383708e+03 -2.574898e+03 -8.102639e+02 -4.986558e+03 -2.181626e+03
-8.713793e+02 4.806981e+02 -3.847002e+03 -2.437315e+03 -2.177771e+03 6.577257e+02 -5.746790e+03 -1.931931e+03
-2.680406e+03 7.605415e+02 -2.905179e+03 -2.803170e+03 -2.478199e+03 -2.008736e+02 -4.864139e+03 -1.802031e+03
-1.938308e+03 4.365854e+01 -4.044013e+03 -2.209800e+03 -2.530681e+03 -8.760153e+02 -4.973599e+03 -2.311288e+03
-2.236871e+03 3.337615e+02 -3.267144e+03 -2.713845e+03 -2.595998e+03 -9.185884e+02 -5.067484e+03 -1.896294e+03
-1.892349e+02 3.959965e+02 -4.294660e+03 -2.215596e+03 -2.498628e+03 -1.885868e+02 -6.343388e+03 -2.165766e+03
-2.388029e+03 -1.434612e+01 -3.817629e+03 -2.329426e+03 -2.623122e+03 -1.196980e+03 -4.673054e+03 -2.375265e+03
-2.532987e+03 7.039523e+02 -2.917317e+03 -2.809846e+03 -2.496086e+03 -2.028033e+02 -4.753579e+03 -1.658103e+03
-1.892388e+03 -5.355122e+01 -3.780900e+03 -2.265956e+03 -2.852065e+03 -1.321878e+03 -4.779765e+03 -2.656325e+03
-1.328188e+03 7.229984e+02 -3.376130e+03 -2.691081e+03 -2.502084e+03 -5.731351e+01 -5.659716e+03 -1.897746e+03
-2.235496e+03 3.053636e+02 -3.337037e+03 -2.537512e+03 -2.577488e+03 -8.942592e+02 -4.795899e+03 -2.094353e+03
-3.041248e+03 3.215781e+02 -2.479035e+03 -2.756552e+03 -2.507831e+03 -1.070436e+03 -3.939096e+03 -1.884805e+03
-2.878576e+03 -2.882233e+01 -3.428623e+03 -2.405816e+03 -2.687265e+03 -1.291906e+03 -4.190777e+03 -2.219663e+03
-2.538052e+03 4.312928e+02 -3.049875e+03 -2.301557e+03 -2.741713e+03 -5.174677e+02 -5.131280e+03 -1.370905e+03
-8.740542e+02 1.285951e+02 -4.072269e+03 -2.596594e+03 -2.177095e+03 4.019324e+02 -5.935325e+03 -2.361600e+03
-1.287384e+03 6.411733e+01 -3.951062e+03 -2.305005e+03 -2.591443e+03 -2.321889e+02 -5.407540e+03 -2.496923e+03
-1.917714e+03 3.314633e+02 -3.487109e+03 -2.583303e+03 -2.707357e+03 -7.261413e+02 -5.068037e+03 -2.278371e+03
-2.902191e+03 5.810154e+02 -2.821391e+03 -2.803876e+03 -2.599008e+03 -5.151527e+02 -4.645604e+03 -1.869737e+03
-2.220591e+03 3.112291e+02 -3.321185e+03 -2.745295e+03 -2.576803e+03 -7.121896e+02 -4.984542e+03 -1.953415e+03
-2.405003e+03 3.756352e+02 -3.304255e+03 -2.587448e+03 -2.659279e+03 -7.307972e+02 -4.797058e+03 -2.009503e+03
-2.370121e+03 4.593249e+02 -3.305288e+03 -2.683195e+03 -2.581484e+03 -5.475667e+02 -5.027747e+03 -1.815158e+03
-2.106832e+03 8.624160e+02 -3.064569e+03 -2.893566e+03 -2.565131e+03 -5.089069e+02 -5.343917e+03 -1.810719e+03
-1.629849e+03 6.088223e+02 -3.352476e+03 -2.782054e+03 -2.552380e+03 -4.815406e+02 -5.358973e+03 -1.874113e+03
-2.019281e+03 7.059346e+02 -3.181699e+03 -2.647592e+03 -2.712636e+03 -3.824574e+02 -5.118594e+03 -1.876489e+03
-1.803075e+03 4.915885e+02 -3.388917e+03 -2.699738e+03 -2.732373e+03 -4.634697e+02 -5.385765e+03 -2.054347e+03
-6.419251e+02 3.994053e+02 -3.819148e+03 -2.318047e+03 -2.617782e+03 -2.675516e+02 -5.939858e+03 -2.034278e+03
-2.035967e+03 7.583544e+02 -3.099992e+03 -2.961762e+03 -2.613601e+03 -2.717414e+02 -5.249891e+03 -1.992639e+03
-2.185338e+03 6.453202e+02 -3.165859e+03 -2.816201e+03 -2.637667e+03 -6.504676e+02 -5.095656e+03 -1.903392e+03
-1.447673e+03 4.978185e+02 -3.308079e+03 -2.479463e+03 -2.608750e+03 -6.338309e+02 -5.288477e+03 -2.027649e+03
-9.496425e+02 8.837927e+02 -3.340463e+03 -2.641787e+03 -2.526279e+03 -1.867790e+02 -5.849655e+03 -1.801180e+03
-2.216667e+03 6.402838e+02 -3.149304e+03 -2.748451e+03 -2.597188e+03 -5.530122e+02 -5.151385e+03 -1.878948e+03
-2.358424e+03 3.858477e+02 -3.404941e+03 -2.741805e+03 -2.727163e+03 -1.011935e+03 -4.893369e+03 -2.112363e+03
-2.493373e+03 7.617987e+02 -2.803491e+03 -2.846294e+03 -2.541974e+03 -3.008780e+02 -4.927801e+03 -1.805422e+03
-2.081273e+03 6.261177e+02 -3.065889e+03 -2.694526e+03 -2.709316e+03 -5.222237e+02 -5.054100e+03 -1.817592e+03
-2.338126e+03 7.134728e+01 -3.554698e+03 -2.674112e+03 -2.686877e+03 -9.131679e+02 -4.693460e+03 -2.397161e+03
-2.387618e+03 1.071242e+02 -3.412238e+03 -2.308487e+03 -2.783342e+03 -1.148615e+03 -4.553303e+03 -2.260110e+03
3.574463e+03 7.757605e+02 -6.936363e+03 -2.668906e+03 -1.330501e+03 3.367808e+03 -1.012464e+04 -2.293874e+03
-2.609241e+03 3.685368e+02 -2.936753e+03 -2.759870e+03 -2.612356e+03 -6.299474e+02 -4.423489e+03 -2.076127e+03
-1.698376e+03 1.884915e+02 -3.687052e+03 -2.481712e+03 -2.549547e+03 -1.098373e+03 -5.051685e+03 -2.340834e+03
-2.793792e+03 5.265483e+02 -2.798140e+03 -2.629814e+03 -2.527413e+03 -5.265174e+02 -4.437831e+03 -1.703985e+03
-2.180519e+03 7.089755e+02 -3.278098e+03 -2.771262e+03 -2.714229e+03 -4.135912e+02 -5.253717e+03 -1.828848e+03
-2.072606e+03 2.489681e+02 -3.394984e+03 -2.111751e+03 -2.428582e+03 -1.023301e+03 -4.484996e+03 -1.672944e+03
-1.567874e+03 4.371796e+02 -3.551709e+03 -2.468222e+03 -2.677470e+03 -7.757262e+02 -5.229252e+03 -2.137506e+03
-1.183545e+03 3.540265e+02 -3.623740e+03 -2.154124e+03 -2.611817e+03 -8.708134e+02 -5.213943e+03 -2.203971e+03
-1.599979e+03 4.379110e+02 -3.994341e+03 -2.196147e+03 -2.276220e+03 -7.726293e+02 -4.649029e+03 -1.588258e+03
-2.019256e+03 5.904514e+02 -3.324755e+03 -2.943598e+03 -2.506156e+03 -4.612757e+02 -5.139693e+03 -1.930498e+03
-2.088973e+03 2.670887e+02 -3.109653e+03 -2.655183e+03 -2.489813e+03 -7.527133e+02 -4.540309e+03 -1.960402e+03
-1.456271e+03 2.785656e+02 -3.760781e+03 -2.542084e+03 -2.363182e+03 -8.373562e+01 -5.338482e+03 -1.975729e+03
-1.348211e+03 3.629453e+02 -4.068188e+03 -2.314698e+03 -2.318942e+03 -6.334871e+02 -4.770883e+03 -1.982619e+03
-1.806889e+03 3.895293e+02 -3.397792e+03 -2.757227e+03 -2.708801e+03 -9.868390e+02 -5.137340e+03 -2.076242e+03
-1.360215e+03 5.534451e+01 -4.187019e+03 -2.525870e+03 -2.561015e+03 -6.230049e+02 -5.239125e+03 -2.389629e+03
-2.453858e+03 9.296989e+02 -3.133915e+03 -2.991537e+03 -2.266126e+03 1.230513e+01 -5.331299e+03 -1.362294e+03
-2.030475e+03 3.265979e+02 -3.320293e+03 -2.513328e+03 -2.748560e+03 -7.879900e+02 -4.929408e+03 -2.220126e+03
-2.024466e+03 -5.043452e+01 -3.872520e+03 -2.331667e+03 -2.779618e+03 -1.263207e+03 -4.792208e+03 -2.547143e+03
-9.139760e+02 3.769354e+02 -3.678127e+03 -2.200989e+03 -2.665607e+03 -6.713895e+02 -5.628013e+03 -2.137875e+03
-1.468730e+03 5.453263e+02 -3.317631e+03 -2.731334e+03 -2.620746e+03 -5.670053e+02 -5.439919e+03 -1.914935e+03
-1.502715e+03 1.875560e+02 -3.504996e+03 -2.405902e+03 -2.626072e+03 -3.671444e+02 -5.332718e+03 -2.315410e+03
-9.626636e+02 2.815408e+02 -4.082273e+03 -2.770122e+03 -2.297324e+03 3.060581e+02 -5.827079e+03 -2.140604e+03
-1.199491e+03 4.271263e+02 -3.503807e+03 -2.396124e+03 -2.474638e+03 -3.448247e+02 -5.571074e+03 -1.776720e+03
-1.978193e+03 2.558418e+02 -3.359219e+03 -2.671887e+03 -2.681412e+03 -9.639497e+02 -4.918692e+03 -2.283128e+03
-1.963789e+03 6.059231e+02 -3.223598e+03 -3.027113e+03 -2.389456e+03 2.043477e+01 -5.305006e+03 -1.676519e+03
-2.227650e+03 4.334207e+02 -3.231427e+03 -2.905408e+03 -2.605721e+03 -8.270662e+02 -4.936407e+03 -2.049485e+03
-2.399713e+03 6.438124e+02 -2.889218e+03 -2.608866e+03 -2.679783e+03 -2.996084e+02 -4.756628e+03 -1.712179e+03
-2.259231e+03 1.124013e+02 -3.396462e+03 -2.776131e+03 -2.685449e+03 -8.955665e+02 -4.785003e+03 -2.239535e+03
-2.957347e+03 5.233036e+02 -2.673848e+03 -2.805149e+03 -2.656370e+03 -5.830534e+02 -4.339067e+03 -1.884234e+03
-7.548058e+02 5.794064e+02 -3.842392e+03 -2.655175e+03 -2.185080e+03 6.226243e+02 -5.852220e+03 -1.961301e+03
-1.436403e+03 3.705029e+02 -3.356640e+03 -2.267561e+03 -2.688950e+03 -8.100406e+02 -5.380049e+03 -1.959678e+03
-1.963894e+03 1.394421e+02 -3.537109e+03 -2.746615e+03 -2.576901e+03 -8.658566e+02 -4.909502e+03 -2.214357e+03
-2.464389e+03 6.478923e+02 -3.012782e+03 -2.942525e+03 -2.086421e+03 2.923011e+02 -4.888123e+03 -1.284026e+03
-2.415183e+03 -1.467555e+01 -3.797518e+03 -2.530109e+03 -2.573355e+03 -1.077472e+03 -4.644570e+03 -2.212139e+03
-3.030160e+03 -2.127663e+02 -3.014928e+03 -2.430898e+03 -2.783031e+03 -1.471911e+03 -3.976550e+03 -2.241026e+03
-1.614347e+03 4.327664e+02 -3.370064e+03 -2.509167e+03 -2.668470e+03 -6.631582e+02 -5.225671e+03 -2.097322e+03
-2.047032e+03 3.014901e+02 -3.364913e+03 -2.551551e+03 -2.738386e+03 -1.006439e+03 -4.918328e+03 -2.167797e+03
-2.287790e+03 6.850678e+02 -2.943652e+03 -2.973989e+03 -2.329978e+03 -9.538631e+01 -4.991134e+03 -1.624978e+03
2.350114e+03 9.346262e+02 -6.364027e+03 -2.641036e+03 -1.642321e+03 2.065998e+03 -8.630102e+03 -2.004258e+03
-1.909303e+03 2.819633e+02 -3.782466e+03 -2.308468e+03 -2.700568e+03 -8.643417e+02 -5.149022e+03 -2.348217e+03
-2.619861e+03 -1.484605e+02 -3.655049e+03 -2.344825e+03 -2.777651e+03 -1.347398e+03 -4.335162e+03 -2.398446e+03
-2.568266e+03 6.131178e+02 -2.971642e+03 -2.969593e+03 -2.502722e+03 -3.113352e+02 -4.863537e+03 -1.938107e+03
-1.985704e+03 1.628535e+02 -3.657612e+03 -2.250645e+03 -2.784561e+03 -9.502105e+02 -4.821491e+03 -2.507995e+03
-2.961270e+03 4.567089e+02 -2.817032e+03 -2.646978e+03 -2.699268e+03 -6.926026e+02 -4.402632e+03 -1.902519e+03
1.273140e+03 6.846381e+02 -5.140703e+03 -2.863657e+03 -1.817813e+03 1.886038e+03 -8.181332e+03 -2.070643e+03
2.203401e+03 1.164825e+03 -5.407811e+03 -2.871555e+03 -2.053102e+03 2.343293e+03 -9.237847e+03 -2.060626e+03
-2.701133e+03 2.239413e+02 -3.443721e+03 -2.707367e+03 -2.520055e+03 -1.035922e+03 -4.524253e+03 -1.950106e+03
-1.760582e+03 3.857347e+02 -3.425046e+03 -2.068765e+03 -2.764948e+03 -8.801570e+02 -4.973733e+03 -2.174003e+03
-1.950279e+03 8.182424e+02 -3.141710e+03 -2.796152e+03 -2.607230e+03 -1.775422e+02 -5.408207e+03 -1.817583e+03
-2.753598e+03 4.317175e+02 -2.698920e+03 -2.750590e+03 -2.641381e+03 -6.020712e+02 -4.449273e+03 -1.826115e+03
-1.931640e+03 2.908711e+02 -3.520496e+03 -2.630877e+03 -2.806864e+03 -1.051377e+03 -4.961570e+03 -2.465851e+03
-2.372353e+03 6.823890e+02 -2.850091e+03 -2.727614e+03 -2.533993e+03 -3.967375e+02 -4.812874e+03 -1.779316e+03
-1.711146e+03 4.252840e+02 -3.261969e+03 -2.698115e+03 -2.655559e+03 -5.429913e+01 -5.303277e+03 -2.083284e+03
-2.742333e+03 6.957408e+02 -2.790224e+03 -2.741431e+03 -2.329656e+03 -1.889124e+02 -4.644912e+03 -1.569965e+03
-2.729013e+03 1.286003e+02 -3.051184e+03 -2.579084e+03 -2.799340e+03 -1.177962e+03 -4.444928e+03 -2.225535e+03
-2.184345e+03 5.129299e+02 -3.205957e+03 -2.609745e+03 -2.763244e+03 -6.767315e+02 -5.019922e+03 -1.955783e+03
-2.633982e+03 4.049145e+02 -3.130659e+03 -2.582251e+03 -2.574506e+03 -8.201821e+02 -4.556550e+03 -2.035661e+03
-2.343214e+03 5.374299e+02 -3.124620e+03 -2.863127e+03 -2.751917e+03 -7.473767e+02 -4.913399e+03 -1.992757e+03
-2.542860e+03 5.221268e+02 -2.906163e+03 -2.811286e+03 -2.520720e+03 -5.087444e+02 -4.750261e+03 -1.801335e+03
-3.181262e+03 6.767969e+02 -2.591922e+03 -2.896814e+03 -2.258345e+03 -2.080457e+02 -4.278149e+03 -1.512237e+03
-1.278268e+03 4.078620e+02 -3.675445e+03 -2.644163e+03 -2.553554e+03 -2.347546e+02 -5.643086e+03 -2.237899e+03
-2.429719e+03 1.600624e+02 -3.604175e+03 -2.622634e+03 -2.654818e+03 -1.048867e+03 -4.667731e+03 -2.277683e+03
-1.932908e+03 6.161525e+02 -3.189136e+03 -2.679625e+03 -2.698262e+03 -4.109725e+02 -5.094070e+03 -1.811415e+03
-2.498730e+03 3.796128e+02 -2.957885e+03 -2.814869e+03 -2.354156e+03 -7.743836e+02 -4.734034e+03 -1.859705e+03
-2.821062e+03 3.685200e+02 -3.009676e+03 -2.760028e+03 -2.619314e+03 -7.925913e+02 -4.407344e+03 -1.992001e+03
-2.070664e+03 1.674898e+02 -3.590395e+03 -2.430640e+03 -2.670577e+03 -1.038678e+03 -4.884898e+03 -2.170680e+03
-2.731010e+03 6.154847e+02 -2.651732e+03 -2.934681e+03 -2.555090e+03 -3.369922e+02 -4.588300e+03 -1.797402e+03
-2.855332e+03 7.580771e+02 -2.879570e+03 -2.970545e+03 -2.302755e+03 -2.567848e+02 -4.771283e+03 -1.608887e+03
-2.308509e+03 5.489685e+02 -3.191749e+03 -2.737159e+03 -2.703034e+03 -6.062850e+02 -4.874162e+03 -1.920499e+03
-1.398743e+03 4.460200e+02 -3.696773e+03 -2.568453e+03 -2.524965e+03 -5.583683e+02 -5.461467e+03 -1.932182e+03
-3.026549e+03 4.671628e+02 -2.567142e+03 -3.043914e+03 -2.218378e+03 -3.744416e+02 -4.335465e+03 -1.733779e+03
-2.050127e+03 1.922219e+02 -3.440761e+03 -2.074332e+03 -2.797690e+03 -1.055753e+03 -4.656799e+03 -2.252008e+03
-3.335157e+03 6.668124e+02 -2.432928e+03 -2.938330e+03 -2.293673e+03 -1.937713e+02 -4.107262e+03 -1.551870e+03
-2.484646e+03 6.209208e+02 -2.960477e+03 -2.967059e+03 -2.322244e+03 -3.242296e+02 -5.064855e+03 -1.577607e+03
-1.654299e+03 4.657340e+02 -3.595099e+03 -2.951532e+03 -2.342265e+03 2.911220e+02 -5.638565e+03 -2.072135e+03
-1.410524e+03 7.378628e+01 -4.000203e+03 -2.322264e+03 -2.749796e+03 -8.122026e+02 -5.300205e+03 -2.473271e+03
-2.002671e+03 5.561256e+02 -3.376767e+03 -2.601069e+03 -2.816004e+03 -1.025535e+03 -5.067750e+03 -2.247300e+03
-1.678450e+03 3.292780e+02 -3.387941e+03 -2.107724e+03 -2.675335e+03 -8.317751e+02 -5.078215e+03 -2.151731e+03
-2.045067e+03 6.162987e+02 -3.204172e+03 -2.970790e+03 -2.327775e+03 -4.232290e+02 -5.159936e+03 -1.752385e+03
-2.259201e+03 5.044916e+02 -3.316230e+03 -2.695741e+03 -2.716608e+03 -6.526335e+02 -4.988967e+03 -2.031426e+03
-1.264037e+03 5.666700e+02 -3.521710e+03 -2.572857e+03 -2.717748e+03 -6.928801e+02 -5.531807e+03 -2.176049e+03
-1.580765e+03 2.960264e+02 -3.491319e+03 -2.292099e+03 -2.680778e+03 -8.801194e+02 -5.173049e+03 -2.163181e+03
-2.371294e+03 5.780581e+02 -3.028789e+03 -2.776519e+03 -2.574671e+03 -4.328960e+02 -4.906127e+03 -1.938212e+03
-1.709374e+03 3.467593e+02 -3.328023e+03 -2.352744e+03 -2.615025e+03 -8.984654e+02 -4.920236e+03 -2.067159e+03
-3.429259e+03 5.635999e+02 -2.295698e+03 -3.013485e+03 -2.328867e+03 -3.078389e+02 -4.263783e+03 -1.608107e+03
-7.813795e+02 7.449364e+02 -3.645558e+03 -2.506731e+03 -2.640173e+03 -1.318778e+02 -6.043279e+03 -2.080689e+03
-1.279091e+03 4.850209e+01 -3.818019e+03 -2.765347e+03 -2.393189e+03 -3.162642e+01 -5.501275e+03 -2.288799e+03
-1.654786e+03 2.534860e+02 -3.701674e+03 -2.193183e+03 -2.677154e+03 -8.130148e+02 -5.173936e+03 -2.193925e+03
-6.607879e+02 3.528619e+02 -4.070299e+03 -2.312985e+03 -2.612989e+03 -1.956911e+02 -5.937838e+03 -2.218501e+03
-7.492809e+02 6.921272e+02 -3.607992e+03 -2.575944e+03 -2.493907e+03 -8.415598e+01 -6.055021e+03 -1.853063e+03
-1.938942e+03 3.963209e+02 -3.434789e+03 -2.713882e+03 -2.591521e+03 -7.993264e+02 -5.128776e+03 -2.130874e+03
-1.406391e+03 5.589270e+01 -3.750005e+03 -2.339017e+03 -2.556651e+03 -5.445725e+02 -5.317951e+03 -2.244270e+03
-2.106832e+03 8.624160e+02 -3.064569e+03 -2.893566e+03 -2.565131e+03 -5.089069e+02 -5.343917e+03 -1.810719e+03
