1.746714e+01 1.124369e+04
7.774753e+02 1.043970e+04
-2.038537e+02 1.031100e+04
-2.696374e+01 1.076592e+04
2.899786e+02 1.047079e+04
1.720385e+03 1.128291e+04
1.596880e+02 1.069570e+04
-1.669997e+02 1.058119e+04
3.536453e+02 1.097740e+04
3.218748e+02 9.986891e+03
-2.250096e+03 1.113015e+04
-1.620862e+03 1.087119e+04
-1.925201e+03 1.214812e+04
-1.986197e+03 1.190982e+04
-1.631547e+03 1.103220e+04
-1.409769e+03 1.174851e+04
-1.217112e+03 1.132939e+04
-7.635915e+02 1.108361e+04
-1.426645e+03 1.139060e+04
-1.158834e+03 1.121415e+04
-1.271439e+03 1.085206e+04
-1.607138e+03 1.111736e+04
-1.258864e+03 1.122094e+04
-2.444002e+03 1.147096e+04
1.319998e+02 1.093360e+04
-2.323798e+03 1.139337e+04
-2.369739e+03 1.158826e+04
-1.115156e+03 1.148447e+04
-1.156486e+03 1.169145e+04
-1.152116e+03 1.152173e+04
1.012071e+03 1.172975e+04
-6.282707e+02 1.063339e+04
-1.242537e+03 1.051636e+04
-2.688667e+03 1.159671e+04
-8.773578e+02 1.124699e+04
-4.745772e+02 1.162158e+04
2.903383e+01 1.127847e+04
-1.330931e+03 1.106915e+04
-7.467442e+02 1.119020e+04
4.261110e+02 1.100440e+04
-3.236923e+02 1.080935e+04
-1.553773e+03 1.116258e+04
1.343938e+02 1.126686e+04
6.654560e+02 1.083519e+04
5.752807e+01 1.132115e+04
-1.984474e+03 1.183385e+04
-2.374691e+03 1.152450e+04
3.890781e+02 1.123145e+04
-6.855810e+02 1.145898e+04
-1.860421e+03 1.113127e+04
-2.968761e+03 1.212197e+04
5.656792e+02 1.098328e+04
-7.455421e+02 1.137900e+04
-1.876756e+03 1.206665e+04
-1.876701e+03 1.140390e+04
-2.037449e+02 1.092476e+04
-1.942048e+03 1.172743e+04
1.200366e+03 1.091889e+04
-6.773042e+02 1.107764e+04
7.353817e+02 1.117703e+04
1.806261e+02 1.116331e+04
-2.259565e+03 1.186969e+04
-1.073013e+03 1.095359e+04
1.208161e+03 1.112930e+04
-6.243791e+02 1.091056e+04
-2.435139e+02 1.072116e+04
-9.185900e+02 1.170086e+04
-3.013653e+03 1.196736e+04
-1.072664e+03 1.117710e+04
3.693725e+02 1.086759e+04
-8.613208e+02 1.114796e+04
-4.198188e+02 1.155252e+04
-4.056209e+02 1.091482e+04
8.198843e+02 1.109619e+04
-2.519645e+01 1.238429e+04
1.614470e+02 1.075234e+04
3.770385e+02 1.126347e+04
4.644999e+02 1.107820e+04
-1.417846e+03 1.101743e+04
-1.542744e+02 1.088122e+04
7.940084e+02 1.116289e+04
3.890781e+02 1.123145e+04
1.614470e+02 1.075234e+04
-1.391381e+03 1.102573e+04
2.448049e+02 1.127943e+04
-1.112875e+03 1.140706e+04
-6.266848e+02 1.118740e+04
2.387200e+00 1.059804e+04
-1.597294e+02 1.064963e+04
-4.763642e+02 1.097986e+04
5.475308e+00 1.159546e+04
2.236843e+03 1.083521e+04
-1.028155e+03 1.078042e+04
-3.955719e+02 1.065128e+04
-2.270654e+03 1.163498e+04
-4.269750e+02 1.103502e+04
-7.341384e+02 1.115982e+04
-1.662377e+03 1.225232e+04
-1.310324e+03 1.107660e+04
6.968448e+02 1.124308e+04
-8.789902e+02 1.095463e+04
-1.466283e+03 1.150286e+04
-9.797619e+02 1.137370e+04
-1.187281e+03 1.159086e+04
-1.218403e+03 1.144919e+04
-1.660791e+03 1.092542e+04
-5.469677e+02 1.211895e+04
-7.746692e+02 1.194298e+04
9.101893e+02 1.099658e+04
-8.509527e+02 1.272645e+04
-8.844422e+02 1.101780e+04
5.000068e+02 1.106421e+04
-2.434233e+03 1.150983e+04
-1.190002e+03 1.151179e+04
-2.094889e+03 1.143192e+04
-1.423911e+03 1.095306e+04
-6.843862e+02 1.155135e+04
-1.337854e+03 1.162174e+04
3.637297e+02 1.054711e+04
-2.599296e+01 1.143522e+04
-2.629116e+03 1.168311e+04
-4.682361e+02 1.115142e+04
-1.648528e+03 1.128120e+04
-9.708406e+02 1.183675e+04
-2.000501e+03 1.102401e+04
7.293945e+02 1.124251e+04
1.966437e+03 1.095559e+04
-2.017093e+03 1.152026e+04
6.492534e+01 1.112060e+04
-5.101230e+02 1.090546e+04
8.443129e+02 1.072218e+04
-1.216138e+03 1.077089e+04
1.577934e+02 1.103527e+04
-1.583535e+03 1.159219e+04
1.843211e+03 1.092988e+04
-2.130835e+02 1.088896e+04
-1.403182e+03 1.140880e+04
6.873064e+01 1.162576e+04
-4.775372e+02 1.106594e+04
-1.278156e+03 1.183994e+04
-6.502167e+01 1.058023e+04
-1.578746e+03 1.140436e+04
-1.097232e+03 1.114988e+04
-7.506003e+02 1.091273e+04
-1.923131e+03 1.152100e+04
-1.710185e+03 1.170323e+04
-6.783392e+02 1.091735e+04
-1.390187e+03 1.098881e+04
-1.190594e+03 1.194487e+04
-2.028628e+03 1.173813e+04
-1.292881e+02 1.098194e+04
-9.245490e+02 1.088450e+04
2.921964e+02 1.147982e+04
-9.294417e+02 1.156694e+04
-5.275197e+02 1.182678e+04
-6.871278e+02 1.076341e+04
-4.363965e+02 1.173558e+04
-4.081739e+02 1.111499e+04
-1.788444e+03 1.145781e+04
-3.414194e+02 1.077005e+04
-1.429942e+03 1.104763e+04
-1.925188e+03 1.157275e+04
-1.795197e+03 1.167800e+04
-2.997903e+02 1.094544e+04
-8.006410e+02 1.153745e+04
-1.346930e+03 1.160157e+04
-2.033703e+03 1.093678e+04
-3.356496e+02 1.125183e+04
-1.004724e+03 1.089473e+04
-3.761107e+03 1.252385e+04
-1.037397e+03 1.107895e+04
-2.482469e+02 1.085122e+04
-2.104616e+03 1.174895e+04
-4.579648e+02 1.078138e+04
-1.424510e+03 1.131789e+04
-1.064909e+03 1.103729e+04
1.717856e+02 1.117076e+04
-1.134652e+03 1.169107e+04
-3.019986e+02 1.071452e+04
-6.790307e+02 1.167256e+04
-1.572531e+03 1.140552e+04
9.258915e+02 1.090556e+04
-5.323110e+02 1.127618e+04
-5.629658e+02 1.123868e+04
4.952899e+02 1.076559e+04
2.512165e+02 1.111174e+04
-1.063355e+03 1.104357e+04
-7.992600e+02 1.080111e+04
1.206945e+03 1.152343e+04
6.450511e+02 1.045194e+04
1.241208e+03 1.150974e+04
-4.421376e+02 1.077374e+04
-1.568417e+03 1.132052e+04
-6.635007e+02 1.111866e+04
-2.145688e+03 1.152058e+04
-6.073106e+02 1.112627e+04
-2.818835e+01 1.082011e+04
5.540953e+02 1.164843e+04
-9.570073e+02 1.154207e+04
-3.080763e+02 1.130936e+04
1.681104e+03 1.109400e+04
-1.587174e+03 1.156620e+04
-1.498727e+03 1.130565e+04
-1.581778e+03 1.148722e+04
-1.072376e+03 1.095209e+04
-4.138774e+02 1.147854e+04
1.590853e+03 1.081343e+04
-1.924935e+03 1.103372e+04
-1.070672e+03 1.246471e+04
-3.831096e+01 1.074881e+04
8.992066e+02 1.104129e+04
1.047063e+03 1.129132e+04
3.429395e+02 1.186993e+04
5.681906e+02 1.137882e+04
-1.043481e+03 1.269409e+04
6.422431e+02 1.271072e+04
-2.832519e+02 1.222064e+04
1.813071e+03 1.192254e+04
9.056149e+02 1.151950e+04
1.153549e+03 1.129174e+04
4.771865e+02 1.176336e+04
8.907791e+02 1.241681e+04
4.439975e+02 1.162847e+04
1.260269e+03 1.169425e+04
5.382406e+02 1.237022e+04
1.600096e+03 1.184938e+04
7.854211e+02 1.155618e+04
7.634742e+02 1.222057e+04
2.230938e+02 1.131190e+04
1.955696e+03 1.139670e+04
1.062693e+03 1.174992e+04
9.184069e+02 1.177838e+04
8.538409e+02 1.095153e+04
1.349464e+03 1.152942e+04
9.984320e+02 1.159797e+04
3.603716e+01 1.145618e+04
1.441370e+03 1.292048e+04
1.223029e+03 1.171661e+04
2.491578e+02 1.250557e+04
9.730500e+02 1.115502e+04
6.070680e+02 1.197776e+04
6.271250e+02 1.232439e+04
-9.549151e+02 1.181028e+04
1.012728e+03 1.152732e+04
1.008756e+03 1.148278e+04
1.587649e+03 1.184223e+04
2.764066e+02 1.178072e+04
-2.102576e+02 1.214089e+04
1.658517e+02 1.127167e+04
1.141942e+03 1.175812e+04
-3.180955e+02 1.158080e+04
3.230841e+01 1.123903e+04
1.408048e+03 1.161188e+04
4.376809e+02 1.209754e+04
1.312009e+03 1.202299e+04
1.145925e+03 1.141616e+04
-8.533265e+02 1.296430e+04
1.000646e+03 1.183501e+04
1.253573e+03 1.157014e+04
8.284165e+02 1.195490e+04
6.380334e+02 1.179673e+04
7.235144e+02 1.170563e+04
6.363071e+01 1.125081e+04
1.936752e+02 1.202006e+04
6.661303e+02 1.145058e+04
1.757016e+02 1.246550e+04
-2.500614e+03 1.280960e+04
5.843871e+02 1.189770e+04
1.441163e+03 1.194315e+04
1.130688e+03 1.192922e+04
1.871159e+03 1.155758e+04
4.724772e+02 1.188459e+04
6.626195e+02 1.189858e+04
4.763375e+02 1.154283e+04
4.527969e+02 1.129621e+04
8.816811e+02 1.137363e+04
8.164960e+02 1.169140e+04
1.026012e+03 1.131696e+04
1.386169e+03 1.158724e+04
8.570747e+02 1.130781e+04
-3.259685e+02 1.198583e+04
1.274508e+03 1.183734e+04
-3.368762e+02 1.136607e+04
4.427183e+02 1.213257e+04
1.745032e+03 1.233621e+04
1.175198e+03 1.118143e+04
7.062411e+02 1.209756e+04
1.307608e+03 1.177754e+04
2.833840e+02 1.215750e+04
1.677176e+03 1.181976e+04
-2.999937e+01 1.194001e+04
1.695912e+03 1.152831e+04
6.759822e+02 1.167815e+04
2.086414e+03 1.189939e+04
6.718560e+02 1.284152e+04
-2.322258e+02 1.154930e+04
5.205652e+02 1.167109e+04
9.008154e+02 1.136298e+04
6.846418e+02 1.204996e+04
7.533081e+02 1.110263e+04
1.077349e+03 1.192732e+04
8.874668e+02 1.191054e+04
1.338838e+03 1.202870e+04
9.461114e+02 1.186041e+04
5.854842e+02 1.200011e+04
7.718236e+02 1.136287e+04
4.530712e+02 1.137220e+04
8.287460e+02 1.166933e+04
1.311119e+03 1.188235e+04
8.882469e+02 1.123490e+04
5.028247e+02 1.205312e+04
7.001623e+02 1.174987e+04
1.373920e+03 1.170507e+04
6.868773e+02 1.202768e+04
5.635651e+02 1.160134e+04
1.005710e+03 1.210078e+04
1.744316e+03 1.202379e+04
-2.792834e+03 1.282395e+04
8.678554e+02 1.158530e+04
1.334308e+03 1.124889e+04
5.086644e+02 1.199742e+04
1.007171e+03 1.219762e+04
1.248753e+03 1.091657e+04
1.555852e+03 1.181660e+04
1.116696e+03 1.127345e+04
2.997171e+02 1.193000e+04
1.058330e+03 1.190980e+04
6.077249e+02 1.142077e+04
1.727146e+02 1.123785e+04
5.372560e+02 1.110947e+04
1.586769e+03 1.157791e+04
7.475241e+02 1.145402e+04
2.033341e+02 1.209699e+04
1.134287e+03 1.165227e+04
1.765402e+03 1.203023e+04
5.623459e+02 1.150808e+04
6.217345e+02 1.136131e+04
2.485035e+01 1.131131e+04
2.011019e+02 1.147811e+04
6.149063e+02 1.160798e+04
1.128603e+03 1.163387e+04
1.337898e+02 1.172879e+04
9.847430e+02 1.136139e+04
7.790125e+02 1.181130e+04
6.543214e+02 1.133622e+04
7.582982e+02 1.184447e+04
-7.129684e+02 1.124551e+04
9.908414e+02 1.174492e+04
1.085837e+03 1.112701e+04
-3.861293e+02 1.304302e+04
1.558760e+03 1.171837e+04
1.237253e+03 1.150241e+04
9.081455e+02 1.175710e+04
1.413924e+03 1.150089e+04
3.212212e+02 1.185479e+04
-2.243496e+03 1.268628e+04
1.722053e+03 1.177078e+04
1.272116e+03 1.205507e+04
6.122195e+02 1.210848e+04
1.748112e+03 1.180212e+04
9.689901e+02 1.196778e+04
-2.409917e+03 1.226349e+04
-2.502390e+03 1.366349e+04
1.195166e+03 1.148605e+04
1.542841e+03 1.234656e+04
2.457789e+02 1.227973e+04
4.528935e+02 1.152345e+04
1.352391e+03 1.162148e+04
3.597420e+02 1.216150e+04
2.165198e+02 1.167741e+04
3.284506e+02 1.203997e+04
1.028373e+03 1.141273e+04
1.359184e+03 1.196947e+04
9.841501e+02 1.203292e+04
1.196965e+03 1.171115e+04
6.077933e+02 1.166400e+04
4.708370e+01 1.215687e+04
1.597882e+02 1.108614e+04
1.452847e+03 1.178608e+04
7.557731e+02 1.202310e+04
9.943905e+02 1.088688e+04
7.994351e+02 1.150484e+04
1.773322e+03 1.187901e+04
4.122801e+02 1.163071e+04
3.965646e+02 1.225098e+04
1.477085e+03 1.216728e+04
9.151791e+02 1.223830e+04
7.325661e+01 1.229878e+04
1.700059e+03 1.194358e+04
6.102536e+01 1.243099e+04
5.939375e+02 1.189670e+04
6.772754e+01 1.213524e+04
1.005690e+03 1.212986e+04
1.738912e+03 1.171998e+04
1.454902e+03 1.251516e+04
8.974620e+02 1.149574e+04
7.643558e+02 1.198520e+04
9.508370e+02 1.200650e+04
1.184678e+03 1.209629e+04
5.642431e+02 1.226703e+04
1.266324e+03 1.142085e+04
3.879177e+02 1.225266e+04
2.236656e+02 1.178366e+04
5.527985e+01 1.111639e+04
1.789573e+03 1.229778e+04
7.611675e+02 1.136122e+04
-3.296328e+01 1.223005e+04
9.564556e+02 1.130035e+04
8.008448e+02 1.110024e+04
1.338838e+03 1.202870e+04
