7.582465e+02 -1.871637e+03 -1.460110e+03 -2.886446e+03 -2.567299e+03 -3.555796e+03 -4.453793e+02 2.077045e+03 1.918242e+03 -3.161859e+02 -1.061709e+03 -9.002553e+02 1.663970e+03 -8.312305e+02 -1.264487e+02 -1.673284e+03
6.146799e+02 -1.693820e+03 -1.307556e+03 -2.851478e+03 -2.648441e+03 -3.466106e+03 -6.121031e+02 2.280489e+03 1.806146e+03 -6.178826e+02 -7.746617e+02 -6.429382e+02 1.704148e+03 -9.906073e+02 -4.098708e+01 -1.853367e+03
5.934931e+02 -1.466658e+03 -1.182704e+03 -2.853345e+03 -2.513213e+03 -3.466418e+03 -5.998079e+02 2.412498e+03 1.671973e+03 -5.573689e+02 -8.648304e+02 -4.929825e+02 1.726174e+03 -9.192934e+02 -1.783624e+02 -1.787755e+03
5.404141e+02 -1.695620e+03 -1.209408e+03 -2.883024e+03 -2.525251e+03 -3.465709e+03 -5.700338e+02 2.260349e+03 1.699027e+03 -4.941447e+02 -1.027667e+03 -4.966570e+02 1.592251e+03 -8.933465e+02 -2.022436e+02 -1.946124e+03
4.891378e+02 -1.590716e+03 -1.117550e+03 -3.104445e+03 -2.659576e+03 -3.479434e+03 -5.874001e+02 2.273093e+03 1.678020e+03 -8.254967e+02 -8.800401e+02 -5.639338e+02 1.541820e+03 -9.483959e+02 -1.116178e+02 -1.834591e+03
2.340029e+02 -1.732089e+03 -1.246374e+03 -3.369326e+03 -2.790139e+03 -3.826118e+03 -6.106440e+02 2.428350e+03 1.433264e+03 -9.302087e+02 -7.317589e+02 -4.204265e+02 1.361126e+03 -8.510011e+02 -2.035554e+02 -1.961465e+03
6.632942e+02 -1.910039e+03 -1.642189e+03 -2.920975e+03 -2.590446e+03 -3.630578e+03 -5.066953e+02 2.103563e+03 1.968473e+03 -3.345562e+02 -8.991468e+02 -5.788039e+02 1.574828e+03 -9.310677e+02 -7.760343e+00 -1.732876e+03
6.333632e+02 -1.560847e+03 -1.245821e+03 -2.978306e+03 -2.761904e+03 -3.540784e+03 -5.872285e+02 2.037144e+03 1.779651e+03 -7.423669e+02 -1.031583e+03 -6.103813e+02 1.599566e+03 -8.887800e+02 -1.680390e+02 -1.880152e+03
7.588484e+02 -1.956384e+03 -1.740733e+03 -2.937077e+03 -2.580361e+03 -3.735527e+03 -5.037174e+02 2.211144e+03 2.127426e+03 -2.321169e+02 -8.085354e+02 -7.524795e+02 1.608651e+03 -8.641814e+02 -4.907088e-01 -1.688753e+03
6.507010e+02 -1.779749e+03 -1.480292e+03 -2.697786e+03 -2.498973e+03 -3.544164e+03 -5.550005e+02 2.199424e+03 1.954285e+03 -4.101569e+02 -7.717625e+02 -3.070037e+02 1.490641e+03 -9.563189e+02 -1.619670e+02 -1.755140e+03
-3.209724e+02 -2.131186e+03 -1.949991e+03 -4.408455e+03 -3.412568e+03 -4.253492e+03 -2.955575e+02 2.290684e+03 1.103712e+03 -1.125093e+03 -4.158968e+02 -8.845122e+02 -5.414869e+02 -1.356201e+03 -3.627626e+01 -6.784493e+02
-2.291342e+02 -2.045407e+03 -2.121980e+03 -4.339264e+03 -3.180341e+03 -4.022393e+03 -3.861382e+02 2.574616e+03 1.160985e+03 -1.104525e+03 -1.845196e+02 -7.502686e+02 -3.076226e+02 -1.485202e+03 1.429347e+02 -8.584295e+02
-8.617429e+02 -2.398768e+03 -3.261768e+03 -4.054752e+03 -3.394722e+03 -4.587554e+03 -2.742043e+02 2.513463e+03 1.429620e+03 -7.273771e+02 8.464673e+01 -8.844239e+02 -8.009801e+02 -1.812054e+03 2.770746e+02 -7.131547e+02
-5.632906e+02 -2.428334e+03 -3.469212e+03 -3.886036e+03 -3.633269e+03 -4.696111e+03 -2.676382e+02 2.511013e+03 1.594307e+03 -6.923463e+02 1.887923e+02 -5.829093e+02 -7.269953e+02 -1.839925e+03 2.764165e+02 -8.633777e+02
-1.991036e+02 -2.280195e+03 -1.541848e+03 -4.306509e+03 -3.079396e+03 -4.098798e+03 -5.156458e+02 2.286762e+03 1.047509e+03 -6.319926e+02 -6.667286e+02 -9.680745e+02 -2.424283e+02 -1.213349e+03 -1.946909e+02 -7.150026e+02
-9.139219e+01 -2.018330e+03 -1.760858e+03 -4.152757e+03 -2.850986e+03 -4.011600e+03 -7.802127e+02 2.241014e+03 1.169846e+03 -4.033620e+02 -5.094532e+02 -1.120391e+03 -3.228148e+01 -1.287350e+03 9.758002e+01 -9.082144e+02
-1.856501e+01 -2.289797e+03 -1.732280e+03 -4.456011e+03 -3.028586e+03 -4.349527e+03 -4.932236e+02 2.191902e+03 1.285745e+03 -6.555687e+02 -5.853682e+02 -9.563748e+02 -3.073973e+02 -1.090177e+03 -2.543530e+02 -8.533412e+02
2.013970e+02 -2.115016e+03 -1.165645e+03 -4.204030e+03 -2.938394e+03 -4.187095e+03 -6.024294e+02 2.336975e+03 1.218303e+03 -5.842494e+02 -6.041145e+02 -7.157243e+02 1.363616e+02 -9.566545e+02 -2.233487e+02 -1.136743e+03
-1.202113e+01 -2.126417e+03 -1.740559e+03 -4.216781e+03 -2.797532e+03 -3.866999e+03 -6.155183e+02 2.454397e+03 1.107941e+03 -6.448549e+02 -5.029703e+02 -8.897233e+02 7.454782e+01 -1.249402e+03 1.162716e+01 -9.656042e+02
-3.313051e+01 -2.255673e+03 -1.555742e+03 -4.170621e+03 -2.744672e+03 -4.274357e+03 -7.017889e+02 2.183839e+03 1.236841e+03 -7.071640e+01 -5.223356e+02 -1.232931e+03 -1.659401e+02 -1.127944e+03 -1.952798e+02 -7.199997e+02
-3.775298e+02 -1.990705e+03 -1.980450e+03 -4.299958e+03 -3.288033e+03 -4.069395e+03 -4.011983e+02 2.613845e+03 1.037648e+03 -1.253836e+03 -1.076258e+02 -7.132818e+02 -3.536170e+02 -1.340092e+03 1.271202e+02 -8.748585e+02
-3.285651e+02 -2.043757e+03 -2.726950e+03 -3.711048e+03 -3.201935e+03 -4.361028e+03 -3.244865e+02 2.414152e+03 1.446132e+03 -5.928114e+02 1.420269e+02 -3.780369e+02 -5.981626e+02 -1.561654e+03 8.499190e+01 -1.095207e+03
1.753073e+02 -2.318199e+03 -1.381590e+03 -4.114181e+03 -2.775502e+03 -4.136008e+03 -5.313268e+02 2.210907e+03 1.226934e+03 -3.150145e+02 -7.898250e+02 -9.558337e+02 1.279470e+01 -1.015018e+03 -3.380191e+02 -1.000530e+03
-9.400767e+02 -2.195363e+03 -3.858699e+03 -3.955027e+03 -3.917693e+03 -4.759945e+03 -2.171098e+02 2.382684e+03 1.370059e+03 -1.253535e+03 3.918513e+02 -6.545213e+02 -1.291083e+03 -2.016351e+03 4.496584e+02 -5.047923e+02
-4.645256e+01 -1.884072e+03 -1.624432e+03 -4.174625e+03 -3.148060e+03 -3.832686e+03 -5.414173e+02 2.597604e+03 1.187686e+03 -1.026916e+03 -1.369201e+02 -6.064372e+02 1.807109e+02 -1.066927e+03 1.340621e+02 -1.307223e+03
-1.201868e+03 -2.283998e+03 -3.921087e+03 -4.082711e+03 -3.716877e+03 -4.808513e+03 -1.059131e+02 2.309600e+03 1.497176e+03 -1.092097e+03 4.438874e+02 -1.032875e+03 -1.503208e+03 -1.975323e+03 5.006779e+02 -2.899080e+02
-7.718791e+02 -2.320394e+03 -3.565690e+03 -4.059520e+03 -3.728809e+03 -4.732129e+03 -2.222127e+02 2.472944e+03 1.387060e+03 -9.511956e+02 2.454890e+02 -6.950651e+02 -1.032172e+03 -1.993710e+03 3.814979e+02 -4.546371e+02
-3.707279e+01 -2.272706e+03 -1.683553e+03 -4.479739e+03 -3.029998e+03 -4.214622e+03 -4.437594e+02 2.283152e+03 1.201610e+03 -7.402130e+02 -6.033951e+02 -9.115291e+02 -3.365917e+02 -9.983904e+02 -3.068850e+02 -8.125751e+02
2.874951e+02 -2.245786e+03 -1.284971e+03 -4.208723e+03 -2.818568e+03 -4.274904e+03 -4.713132e+02 2.108840e+03 1.285840e+03 -4.720993e+02 -9.347981e+02 -9.383889e+02 -4.910367e+01 -8.775122e+02 -3.336922e+02 -9.946390e+02
-3.267003e+02 -2.125145e+03 -2.496303e+03 -3.924862e+03 -3.293066e+03 -4.372016e+03 -4.643892e+02 2.492009e+03 1.381843e+03 -6.656715e+02 9.915413e+01 -6.506721e+02 -3.790240e+02 -1.399435e+03 1.638069e+02 -1.127808e+03
-1.741852e+02 -1.838746e+03 -2.446578e+03 -4.034540e+03 -3.568904e+03 -4.233946e+03 -7.055829e+02 2.740874e+03 1.327112e+03 -1.261127e+03 1.651287e+02 -5.144919e+02 -4.650339e+01 -1.141967e+03 3.456925e+02 -1.523288e+03
-2.659785e+02 -1.979048e+03 -1.886109e+03 -4.418517e+03 -3.225474e+03 -3.970714e+03 -5.402785e+02 2.524903e+03 1.113688e+03 -1.061921e+03 -1.329327e+02 -8.102183e+02 -2.189422e+02 -1.333495e+03 1.392177e+02 -9.189597e+02
-2.509212e+02 -1.902804e+03 -1.859875e+03 -3.995228e+03 -3.131231e+03 -4.114162e+03 -4.785782e+02 2.168273e+03 9.958897e+02 -4.726078e+02 -3.631794e+02 -6.721889e+02 -4.763713e+02 -1.317785e+03 -2.178372e+02 -7.946601e+02
-5.072456e+02 -2.335049e+03 -3.027887e+03 -4.478593e+03 -3.751133e+03 -4.744233e+03 -2.032327e+02 2.048481e+03 1.347391e+03 -1.162256e+03 2.586963e+01 -9.483191e+02 -1.361982e+03 -1.716711e+03 3.543319e+02 -4.535057e+02
1.742958e+02 -2.156853e+03 -1.482336e+03 -4.166838e+03 -2.917065e+03 -4.218421e+03 -5.592000e+02 2.228825e+03 1.300977e+03 -4.277358e+02 -5.807793e+02 -8.954876e+02 -6.895829e+01 -1.026365e+03 -2.516269e+02 -1.016223e+03
1.193874e+02 -2.207346e+03 -1.614105e+03 -4.223345e+03 -3.044555e+03 -4.279263e+03 -4.033979e+02 2.277163e+03 1.362396e+03 -6.531870e+02 -6.040137e+02 -6.940248e+02 -2.353625e+02 -9.473346e+02 -2.207790e+02 -1.048085e+03
9.832389e+01 -1.978488e+03 -1.505589e+03 -4.104418e+03 -2.879235e+03 -4.066378e+03 -5.170347e+02 2.560849e+03 1.293612e+03 -6.186515e+02 -2.660960e+02 -7.133351e+02 1.418628e+02 -9.212221e+02 -9.018254e+01 -1.234206e+03
-1.412179e+02 -2.144215e+03 -1.707925e+03 -4.166481e+03 -3.042207e+03 -4.137450e+03 -4.567474e+02 2.325175e+03 1.229112e+03 -6.582309e+02 -3.560492e+02 -7.390945e+02 -1.866821e+02 -1.269684e+03 -6.410787e+01 -1.075040e+03
-2.567388e+02 -1.990497e+03 -1.932051e+03 -4.239684e+03 -3.069990e+03 -4.059553e+03 -4.353506e+02 2.656345e+03 1.133530e+03 -8.618688e+02 -5.906922e+01 -6.986660e+02 -2.213908e+02 -1.288537e+03 2.174606e+01 -1.065207e+03
9.410990e+01 -1.712542e+03 -1.342204e+03 -4.101448e+03 -3.004482e+03 -3.694598e+03 -8.874382e+02 2.495056e+03 1.178436e+03 -8.556915e+02 -3.419092e+02 -8.489396e+02 4.382852e+02 -1.014939e+03 1.593577e+02 -1.282199e+03
-3.800297e+02 -2.007201e+03 -1.889621e+03 -4.417365e+03 -3.385849e+03 -4.165080e+03 -4.644135e+02 2.577517e+03 1.164773e+03 -1.131702e+03 -4.140844e+01 -7.437692e+02 -3.932180e+02 -1.255609e+03 1.700437e+02 -1.020012e+03
2.049436e+01 -2.124282e+03 -1.464433e+03 -4.253156e+03 -2.907648e+03 -3.836639e+03 -5.767926e+02 2.281888e+03 1.109659e+03 -6.738078e+02 -6.141063e+02 -9.322969e+02 1.256969e+01 -1.216019e+03 -7.927214e+01 -9.472913e+02
1.322109e+02 -1.866931e+03 -1.331498e+03 -4.148101e+03 -2.993532e+03 -3.922107e+03 -5.258839e+02 2.670002e+03 1.199822e+03 -9.656781e+02 -2.230949e+02 -6.333076e+02 1.360961e+02 -9.640820e+02 7.557720e+01 -1.323749e+03
-3.173252e+02 -1.897239e+03 -1.832830e+03 -4.336836e+03 -3.300410e+03 -3.853012e+03 -5.735589e+02 2.798731e+03 1.096438e+03 -1.156693e+03 3.129607e+00 -5.969409e+02 8.899164e+01 -1.120315e+03 2.445708e+02 -1.305589e+03
-7.373701e+01 -1.830574e+03 -2.213049e+03 -4.328075e+03 -3.414158e+03 -4.066793e+03 -5.296912e+02 2.939311e+03 1.192149e+03 -1.365601e+03 1.087392e+02 -3.233634e+02 -1.480665e+02 -1.258604e+03 2.707068e+02 -1.404476e+03
1.440865e+02 -2.182893e+03 -1.480059e+03 -4.470179e+03 -3.104763e+03 -4.311372e+03 -3.240896e+02 2.097991e+03 1.160251e+03 -9.140280e+02 -8.511871e+02 -9.459166e+02 -3.607705e+02 -9.823037e+02 -2.483758e+02 -7.318888e+02
-5.382935e+02 -2.217862e+03 -2.806638e+03 -4.191651e+03 -3.554823e+03 -4.464660e+03 -3.701106e+02 2.341756e+03 1.184810e+03 -1.069130e+03 2.245069e+01 -8.056930e+02 -8.140755e+02 -1.656614e+03 2.802297e+02 -7.297890e+02
-9.829034e+01 -1.991561e+03 -1.593986e+03 -4.388945e+03 -3.480531e+03 -4.143651e+03 -5.025361e+02 2.662144e+03 1.258609e+03 -1.193052e+03 -2.364526e+02 -5.524144e+02 -2.437908e+02 -1.075479e+03 5.026586e+01 -1.300148e+03
2.256648e+02 -2.076358e+03 -1.504801e+03 -4.079362e+03 -2.932136e+03 -4.170682e+03 -4.433949e+02 2.382135e+03 1.406229e+03 -6.655825e+02 -4.490222e+02 -6.332242e+02 -1.522229e+01 -1.055763e+03 -6.679064e+01 -1.378828e+03
6.053060e+01 -2.065957e+03 -1.810657e+03 -4.388847e+03 -3.326734e+03 -4.293437e+03 -3.770829e+02 2.130429e+03 1.233058e+03 -1.134738e+03 -4.645917e+02 -8.092403e+02 -5.031385e+02 -1.243973e+03 4.880757e+01 -8.687549e+02
-5.806679e+02 -2.426838e+03 -3.068906e+03 -4.532662e+03 -3.789747e+03 -4.749581e+03 -9.906728e+01 1.969254e+03 1.319960e+03 -1.177903e+03 -2.250247e+02 -1.072295e+03 -1.330440e+03 -1.684894e+03 2.164835e+02 -3.576164e+02
-1.416108e+02 -1.919210e+03 -1.551711e+03 -4.230274e+03 -3.200394e+03 -3.924301e+03 -5.718184e+02 2.656905e+03 1.221809e+03 -9.379984e+02 -6.536537e+01 -7.008504e+02 5.233048e+01 -1.008605e+03 1.808740e+02 -1.323619e+03
-4.405798e+01 -1.817368e+03 -1.986843e+03 -3.999688e+03 -3.517826e+03 -4.248753e+03 -6.781253e+02 2.533373e+03 1.190593e+03 -1.159874e+03 1.297411e+01 -5.962819e+02 -2.350779e+02 -1.127730e+03 3.104392e+02 -1.667823e+03
-2.625785e+01 -2.200770e+03 -2.143199e+03 -4.496449e+03 -3.104479e+03 -4.716598e+03 -2.844750e+02 2.094753e+03 1.407259e+03 -8.686526e+02 -5.815730e+02 -1.168618e+03 -6.641385e+02 -1.138604e+03 -1.003955e+02 -5.206529e+02
-7.587092e+02 -2.305543e+03 -3.156358e+03 -4.159760e+03 -3.628805e+03 -4.614206e+03 -2.864129e+02 2.538159e+03 1.440519e+03 -9.494885e+02 8.683021e+01 -5.798325e+02 -8.375472e+02 -1.910154e+03 2.823137e+02 -7.047182e+02
-3.721335e+02 -1.997519e+03 -2.308425e+03 -4.155668e+03 -3.603534e+03 -4.137841e+03 -5.009632e+02 2.584127e+03 1.222103e+03 -1.200134e+03 1.697788e+02 -4.590670e+02 -2.740160e+02 -1.332223e+03 3.220921e+02 -1.209627e+03
-4.376514e+02 -2.388510e+03 -2.664233e+03 -3.962690e+03 -3.361534e+03 -4.649790e+03 -3.318258e+02 2.291304e+03 1.509557e+03 -4.533056e+02 -1.947767e+02 -8.582657e+02 -6.399003e+02 -1.611027e+03 1.564520e+02 -8.411570e+02
3.360440e+02 -1.721703e+03 -1.232995e+03 -3.836785e+03 -2.968342e+03 -3.636608e+03 -9.313677e+02 2.427038e+03 1.440278e+03 -9.078777e+02 -4.289290e+02 -5.686018e+02 7.039501e+02 -8.922375e+02 1.071618e+02 -1.697708e+03
4.180710e+01 -2.109962e+03 -1.498828e+03 -4.310793e+03 -2.895763e+03 -4.069118e+03 -5.122636e+02 2.358194e+03 1.265648e+03 -7.138451e+02 -4.863169e+02 -9.196090e+02 -1.734812e+02 -9.708394e+02 -1.063476e+02 -9.664497e+02
1.286465e+01 -1.935476e+03 -1.635223e+03 -4.012761e+03 -3.140838e+03 -3.955655e+03 -6.043476e+02 2.711404e+03 1.289769e+03 -8.747901e+02 -7.899307e+01 -4.648201e+02 2.092275e+02 -1.005410e+03 1.156843e+02 -1.481673e+03
2.059770e+02 -1.855598e+03 -1.131380e+03 -4.007625e+03 -3.016472e+03 -3.856620e+03 -4.637598e+02 2.691050e+03 1.275410e+03 -7.501330e+02 -3.844435e+02 -5.107940e+02 4.516478e+02 -8.331981e+02 3.425702e+00 -1.465488e+03
-1.445395e+01 -2.117690e+03 -1.965732e+03 -4.205338e+03 -3.358833e+03 -4.249484e+03 -2.609758e+02 2.341816e+03 1.166810e+03 -1.183600e+03 -4.863838e+02 -5.948818e+02 -4.331071e+02 -1.325057e+03 3.233309e+01 -1.031962e+03
-3.719792e+02 -2.196493e+03 -1.765307e+03 -4.439547e+03 -3.194491e+03 -3.992335e+03 -5.565981e+02 2.364696e+03 1.102890e+03 -8.110425e+02 -3.886450e+02 -9.494953e+02 -2.768376e+02 -1.250094e+03 -9.237270e+01 -8.219014e+02
-8.951181e+01 -1.904849e+03 -1.764484e+03 -4.079883e+03 -3.109010e+03 -4.034176e+03 -6.616666e+02 2.724582e+03 1.311777e+03 -9.374317e+02 1.927040e+01 -6.412866e+02 1.646874e+02 -1.017320e+03 1.691881e+02 -1.440426e+03
8.439857e+00 -1.958115e+03 -1.326631e+03 -4.172468e+03 -2.872307e+03 -4.013356e+03 -7.168933e+02 2.284826e+03 1.172463e+03 -5.201572e+02 -4.236404e+02 -8.985704e+02 1.364922e+02 -1.100534e+03 -1.035197e+02 -1.131852e+03
-2.110282e+02 -1.962872e+03 -1.675234e+03 -4.154082e+03 -3.221034e+03 -4.099258e+03 -5.914855e+02 2.555055e+03 1.265042e+03 -8.659164e+02 -1.083880e+02 -6.175230e+02 -4.592858e+01 -1.231074e+03 5.588195e+01 -1.081605e+03
4.268439e+01 -2.401540e+03 -1.614036e+03 -4.449418e+03 -3.232042e+03 -4.535692e+03 -4.839422e+02 2.165898e+03 1.396960e+03 -8.041789e+02 -7.768535e+02 -8.220335e+02 -2.633890e+02 -9.948658e+02 -3.964309e+02 -9.250236e+02
-5.161526e+02 -2.265650e+03 -2.696883e+03 -4.688755e+03 -3.883307e+03 -4.733861e+03 -1.513480e+02 1.983953e+03 1.206736e+03 -1.362990e+03 -2.749972e+02 -1.012683e+03 -1.280926e+03 -1.590023e+03 1.706431e+02 -4.504051e+02
1.385575e+02 -2.137079e+03 -1.365756e+03 -4.185266e+03 -2.894461e+03 -4.097038e+03 -5.380940e+02 2.252917e+03 1.201290e+03 -6.207332e+02 -6.610203e+02 -7.904126e+02 2.564788e+01 -1.011083e+03 -2.620665e+02 -1.001002e+03
-3.866956e+02 -2.033966e+03 -1.962771e+03 -4.382095e+03 -3.379212e+03 -4.027220e+03 -5.184884e+02 2.756229e+03 1.106238e+03 -1.076265e+03 1.465295e+02 -6.052736e+02 -2.914014e+02 -1.263462e+03 1.223709e+02 -1.062649e+03
-5.118360e+02 -2.024112e+03 -2.434194e+03 -4.369457e+03 -3.443548e+03 -4.301447e+03 -5.394366e+02 2.536347e+03 1.184819e+03 -1.131215e+03 1.676190e+02 -7.859523e+02 -5.598098e+02 -1.439660e+03 2.814041e+02 -8.876196e+02
-4.659169e+01 -2.231799e+03 -1.837092e+03 -4.254040e+03 -2.973495e+03 -4.361995e+03 -5.812987e+02 2.364194e+03 1.378950e+03 -3.776804e+02 -2.944223e+02 -1.074962e+03 -2.914489e+02 -1.128190e+03 -1.737751e+02 -9.443762e+02
-2.117330e+02 -1.951183e+03 -1.382914e+03 -4.199993e+03 -3.068297e+03 -3.844576e+03 -5.192689e+02 2.502458e+03 1.077754e+03 -6.955660e+02 -3.233359e+02 -8.068859e+02 8.826756e+01 -1.106873e+03 -5.638870e+00 -1.059492e+03
-9.867112e+01 -1.912705e+03 -1.912721e+03 -3.982071e+03 -3.210273e+03 -3.840942e+03 -6.205070e+02 2.764708e+03 1.224458e+03 -1.046107e+03 -4.803737e+01 -4.821075e+02 2.766579e+02 -1.073333e+03 2.144764e+02 -1.504154e+03
-7.194004e+02 -2.218179e+03 -2.870764e+03 -4.661412e+03 -4.052849e+03 -4.608031e+03 -2.969280e+02 2.770981e+03 1.321049e+03 -1.481070e+03 2.347472e+02 -4.559425e+02 -1.030865e+03 -1.382743e+03 3.649255e+02 -1.125096e+03
-4.213184e+02 -1.909679e+03 -1.914391e+03 -4.234869e+03 -3.235148e+03 -3.893816e+03 -5.551212e+02 2.678371e+03 1.035624e+03 -1.086718e+03 8.066478e+01 -7.116817e+02 4.728094e+01 -1.198597e+03 2.158146e+02 -1.087130e+03
-1.214409e+02 -1.986430e+03 -1.754300e+03 -4.236316e+03 -3.285523e+03 -4.161379e+03 -4.833794e+02 2.484021e+03 1.408934e+03 -8.199252e+02 -8.917242e+01 -6.376355e+02 -1.864348e+02 -1.055912e+03 3.552959e+01 -1.291178e+03
-1.783683e+02 -1.933859e+03 -1.743085e+03 -4.212667e+03 -3.155463e+03 -4.089535e+03 -6.058348e+02 2.615436e+03 1.278481e+03 -8.862981e+02 -2.010285e+01 -7.754472e+02 -2.217023e+01 -1.101488e+03 1.680657e+02 -1.273396e+03
1.022416e+02 -2.007224e+03 -1.318158e+03 -4.054439e+03 -2.792852e+03 -3.960715e+03 -4.809556e+02 2.339605e+03 1.098985e+03 -6.958181e+02 -6.997632e+02 -6.896988e+02 3.775842e+01 -1.005771e+03 -2.349632e+02 -1.038346e+03
-2.623835e+02 -1.983650e+03 -2.292310e+03 -4.358763e+03 -3.689451e+03 -4.279975e+03 -6.829272e+02 2.418326e+03 1.190986e+03 -1.314231e+03 5.203939e+01 -6.874028e+02 -4.410513e+02 -1.355984e+03 3.371983e+02 -1.140960e+03
-2.399920e+02 -1.919864e+03 -2.403228e+03 -4.253255e+03 -3.497665e+03 -4.032541e+03 -6.745339e+02 2.805196e+03 1.095276e+03 -1.376855e+03 1.794803e+02 -5.076992e+02 -2.517242e+02 -1.227821e+03 3.356581e+02 -1.218732e+03
-9.829034e+01 -1.991561e+03 -1.593986e+03 -4.388945e+03 -3.480531e+03 -4.143651e+03 -5.025361e+02 2.662144e+03 1.258609e+03 -1.193052e+03 -2.364526e+02 -5.524144e+02 -2.437908e+02 -1.075479e+03 5.026586e+01 -1.300148e+03
-4.213184e+02 -1.909679e+03 -1.914391e+03 -4.234869e+03 -3.235148e+03 -3.893816e+03 -5.551212e+02 2.678371e+03 1.035624e+03 -1.086718e+03 8.066478e+01 -7.116817e+02 4.728094e+01 -1.198597e+03 2.158146e+02 -1.087130e+03
-5.407744e+02 -2.188420e+03 -2.132059e+03 -4.509832e+03 -3.371949e+03 -4.315950e+03 -4.765349e+02 2.345001e+03 1.122087e+03 -7.770467e+02 -1.203853e+01 -9.894374e+02 -6.471493e+02 -1.512754e+03 1.054919e+02 -6.983318e+02
-2.427943e+02 -2.038550e+03 -1.676130e+03 -4.179342e+03 -3.512368e+03 -4.059823e+03 -4.515384e+02 2.685996e+03 1.243420e+03 -1.018037e+03 -1.276453e+02 -4.825334e+02 -1.244830e+02 -1.041238e+03 9.696813e+01 -1.380936e+03
-7.226207e+01 -2.382111e+03 -1.763131e+03 -4.398250e+03 -3.008235e+03 -4.271670e+03 -4.332395e+02 2.261169e+03 1.260020e+03 -4.707870e+02 -5.997619e+02 -1.127668e+03 -3.364514e+02 -1.099031e+03 -2.527028e+02 -7.079903e+02
-1.364516e+01 -2.148938e+03 -1.429606e+03 -4.313723e+03 -3.044969e+03 -4.288219e+03 -5.657052e+02 2.302530e+03 1.236713e+03 -6.450783e+02 -5.035514e+02 -8.419259e+02 -2.218534e+02 -1.017638e+03 -2.526515e+02 -9.614111e+02
-1.307310e+02 -1.923798e+03 -1.578334e+03 -4.256488e+03 -3.256383e+03 -3.915125e+03 -6.124051e+02 2.581352e+03 1.144741e+03 -9.586363e+02 -1.252465e+02 -7.676845e+02 1.157784e+02 -1.173211e+03 1.447557e+02 -1.201057e+03
-1.133088e+02 -1.828717e+03 -1.543892e+03 -4.177571e+03 -2.941812e+03 -3.822963e+03 -5.861182e+02 2.626347e+03 1.220243e+03 -1.038581e+03 -1.498624e+02 -7.732305e+02 6.065184e+01 -1.174565e+03 1.725529e+02 -1.095742e+03
-2.518052e+02 -2.131925e+03 -1.723622e+03 -4.396116e+03 -3.269191e+03 -4.187676e+03 -5.232195e+02 2.274200e+03 1.370622e+03 -8.683436e+02 -3.118343e+02 -7.741120e+02 -3.041003e+02 -1.176704e+03 -5.787208e+01 -1.033152e+03
-1.727274e+02 -2.071471e+03 -1.667058e+03 -4.336850e+03 -3.148735e+03 -3.887444e+03 -4.323502e+02 2.836434e+03 1.137777e+03 -8.542823e+02 -2.175246e+02 -5.385541e+02 -5.333179e+01 -9.932765e+02 -1.679768e+02 -1.258676e+03
1.709711e+02 -1.847050e+03 -1.623663e+03 -3.843114e+03 -2.926656e+03 -3.671987e+03 -8.119373e+02 2.728727e+03 1.421272e+03 -8.679316e+02 -1.227842e+02 -6.019546e+02 7.403953e+02 -9.089638e+02 1.485379e+02 -1.583195e+03
-5.099691e+02 -2.080723e+03 -1.840111e+03 -4.353577e+03 -3.251074e+03 -4.037466e+03 -4.558689e+02 2.513847e+03 1.013722e+03 -9.491387e+02 -1.961203e+02 -8.415184e+02 -2.488796e+02 -1.325095e+03 -2.283296e+01 -8.247524e+02
-3.187963e+02 -1.981244e+03 -2.168559e+03 -4.327212e+03 -3.322388e+03 -4.062455e+03 -5.682499e+02 2.570455e+03 1.210869e+03 -1.049052e+03 7.567525e+01 -8.872075e+02 -2.820158e+02 -1.398568e+03 2.597237e+02 -8.561206e+02
-1.019923e+02 -2.190795e+03 -1.994769e+03 -4.306912e+03 -3.287010e+03 -4.333881e+03 -3.406654e+02 2.142914e+03 1.231077e+03 -9.665805e+02 -4.792028e+02 -8.258716e+02 -5.486953e+02 -1.304301e+03 -6.732187e+00 -9.148778e+02
-1.405132e+02 -2.076946e+03 -1.459604e+03 -4.137781e+03 -2.937145e+03 -3.911898e+03 -7.201847e+02 2.327233e+03 1.240429e+03 -4.826406e+02 -4.159621e+02 -7.715450e+02 1.568869e+01 -1.103943e+03 -1.185559e+02 -1.044227e+03
1.667609e+02 -2.075238e+03 -1.515656e+03 -4.266221e+03 -2.903930e+03 -4.007388e+03 -6.121345e+02 2.365742e+03 1.194415e+03 -7.430842e+02 -4.517435e+02 -8.332011e+02 -9.566130e+00 -1.080392e+03 -1.013828e+02 -1.025988e+03
-1.225539e+03 -2.201824e+03 -3.478918e+03 -4.340544e+03 -3.687344e+03 -4.626604e+03 -3.331770e+02 2.303506e+03 1.319829e+03 -1.066637e+03 1.664980e+02 -1.054643e+03 -1.088847e+03 -1.733280e+03 3.677564e+02 -8.344296e+02
-1.796723e+02 -2.304850e+03 -1.678203e+03 -4.266746e+03 -2.927605e+03 -4.515167e+03 -5.266119e+02 2.186248e+03 1.283723e+03 -1.862339e+02 -5.876290e+02 -1.260746e+03 -3.778734e+02 -1.197807e+03 -2.631514e+02 -5.933310e+02
-5.638094e+01 -1.856233e+03 -1.595073e+03 -4.147515e+03 -3.094779e+03 -3.953173e+03 -5.059644e+02 2.876407e+03 1.253849e+03 -9.070033e+02 -3.195222e+01 -4.920488e+02 2.128850e+02 -9.815785e+02 1.326315e+02 -1.447693e+03
1.159820e+02 -1.863650e+03 -1.423972e+03 -4.218682e+03 -2.958324e+03 -3.938051e+03 -5.361715e+02 2.349740e+03 9.633030e+02 -7.737607e+02 -5.433706e+02 -8.380348e+02 -1.431039e+02 -1.076014e+03 -8.008112e+01 -1.129346e+03
1.811683e+01 -2.253745e+03 -1.751623e+03 -4.346843e+03 -2.868877e+03 -4.213284e+03 -4.145504e+02 2.206884e+03 1.227433e+03 -6.639015e+02 -6.640564e+02 -1.101851e+03 -2.630282e+02 -1.054769e+03 -1.500890e+02 -8.311748e+02
-1.260137e+02 -2.074893e+03 -1.674332e+03 -4.262563e+03 -2.968269e+03 -4.024437e+03 -5.182967e+02 2.334720e+03 1.214756e+03 -6.327479e+02 -3.736296e+02 -9.039306e+02 -1.903395e+02 -1.155455e+03 -5.355012e+01 -1.054636e+03
1.824976e+02 -2.432658e+03 -1.373688e+03 -4.418000e+03 -3.047451e+03 -4.322052e+03 -4.459968e+02 2.118335e+03 1.295124e+03 -6.491944e+02 -9.240928e+02 -9.125168e+02 -1.345523e+02 -8.604673e+02 -4.644649e+02 -7.841395e+02
1.769140e+02 -2.245904e+03 -1.585807e+03 -4.331671e+03 -2.901521e+03 -4.271287e+03 -4.678193e+02 2.228177e+03 1.301125e+03 -6.298779e+02 -6.954084e+02 -9.742786e+02 -1.983262e+02 -1.008459e+03 -1.898225e+02 -9.229602e+02
-3.904381e+02 -2.043844e+03 -2.192127e+03 -4.094117e+03 -3.156030e+03 -4.302239e+03 -3.423982e+02 2.319420e+03 1.187445e+03 -7.341903e+02 -1.479716e+02 -7.730616e+02 -6.937028e+02 -1.418915e+03 1.475284e+01 -7.224190e+02
2.229474e+02 -2.222791e+03 -1.790361e+03 -4.385077e+03 -3.198754e+03 -4.438095e+03 -2.849729e+02 2.353958e+03 1.522945e+03 -9.393346e+02 -5.540678e+02 -7.114245e+02 -3.828503e+02 -8.853901e+02 -2.788612e+02 -1.056018e+03
2.021728e+02 -2.141230e+03 -1.498489e+03 -4.388588e+03 -3.145575e+03 -4.327657e+03 -3.614473e+02 2.304664e+03 1.331493e+03 -9.925740e+02 -6.198946e+02 -7.056958e+02 -2.771427e+02 -8.492819e+02 -2.453054e+02 -1.066375e+03
-2.555876e+01 -1.817747e+03 -1.460837e+03 -4.194283e+03 -3.023175e+03 -3.848431e+03 -6.385761e+02 2.724022e+03 1.226181e+03 -9.126321e+02 -2.934879e+01 -6.696941e+02 3.113752e+02 -9.940232e+02 1.477680e+02 -1.499202e+03
-4.096576e+02 -2.108859e+03 -3.322357e+03 -4.014048e+03 -3.679197e+03 -4.542372e+03 -1.434334e+02 2.899022e+03 1.580089e+03 -9.036165e+02 3.195746e+02 -2.349450e+02 -5.882868e+02 -1.362433e+03 2.379882e+02 -1.385544e+03
1.392776e+01 -1.610733e+03 -1.442864e+03 -3.944993e+03 -2.902071e+03 -3.946696e+03 -8.358540e+02 2.291435e+03 1.058673e+03 -6.703816e+02 -5.121002e+02 -7.643439e+02 1.577064e+02 -1.203954e+03 -4.523205e+01 -1.157487e+03
3.339034e+01 -1.785954e+03 -1.528061e+03 -4.028556e+03 -2.821939e+03 -3.928935e+03 -7.539284e+02 2.699446e+03 1.311124e+03 -7.666721e+02 -1.210926e+02 -7.253648e+02 3.883397e+02 -1.098746e+03 1.441885e+02 -1.418108e+03
-4.273941e+02 -2.286088e+03 -2.597471e+03 -4.391246e+03 -3.568270e+03 -4.337653e+03 -2.637442e+02 2.233775e+03 1.210508e+03 -1.166929e+03 -2.271474e+02 -7.583421e+02 -8.070689e+02 -1.564066e+03 9.925616e+01 -7.245507e+02
-1.192791e+02 -2.298854e+03 -1.687613e+03 -4.401250e+03 -2.940411e+03 -4.239754e+03 -4.838120e+02 2.220802e+03 1.230888e+03 -4.670184e+02 -5.543003e+02 -1.220851e+03 -3.764658e+02 -1.072841e+03 -1.620250e+02 -7.947252e+02
-6.190971e+02 -2.205128e+03 -2.595149e+03 -4.482473e+03 -3.715078e+03 -4.517717e+03 -3.559620e+02 2.247922e+03 1.190640e+03 -1.201709e+03 -5.591017e+01 -7.997814e+02 -9.401871e+02 -1.567732e+03 2.099841e+02 -7.085165e+02
2.714993e+01 -1.993357e+03 -1.553443e+03 -4.240982e+03 -3.014534e+03 -4.150323e+03 -4.169444e+02 2.222594e+03 1.228118e+03 -8.750454e+02 -4.556902e+02 -8.279595e+02 -3.193772e+02 -1.094750e+03 -9.507014e+01 -8.622751e+02
2.248541e+02 -1.943516e+03 -1.326417e+03 -4.259715e+03 -3.082636e+03 -4.067592e+03 -4.600589e+02 2.496249e+03 1.208014e+03 -1.057102e+03 -4.100185e+02 -6.477113e+02 -4.888416e+01 -9.554367e+02 -8.491212e+01 -1.197815e+03
-3.938757e+02 -2.211277e+03 -1.996345e+03 -4.731501e+03 -3.566309e+03 -4.360962e+03 -3.236851e+02 2.319141e+03 1.133959e+03 -1.203963e+03 -4.551693e+02 -1.019053e+03 -8.023238e+02 -1.121365e+03 -5.942615e+00 -6.198881e+02
-2.109195e+02 -1.858048e+03 -1.869198e+03 -4.171360e+03 -3.294610e+03 -4.005344e+03 -5.830514e+02 2.552862e+03 1.298419e+03 -8.854210e+02 2.265243e+01 -6.771585e+02 -5.146010e+01 -1.175723e+03 2.160651e+02 -1.188732e+03
-1.894456e+02 -2.204144e+03 -1.629578e+03 -4.422375e+03 -3.368609e+03 -4.225878e+03 -4.377265e+02 2.324305e+03 1.306618e+03 -8.024903e+02 -4.487582e+02 -7.700453e+02 -4.587680e+02 -9.984525e+02 -1.735888e+02 -1.041118e+03
-3.315509e+02 -2.232633e+03 -2.417003e+03 -4.571246e+03 -3.657717e+03 -4.566036e+03 -1.859402e+02 2.140767e+03 1.247923e+03 -1.233327e+03 -3.301674e+02 -8.944518e+02 -9.594116e+02 -1.450013e+03 2.010508e+01 -6.122189e+02
-1.699777e+02 -1.974673e+03 -1.543858e+03 -4.258509e+03 -3.071582e+03 -3.855423e+03 -4.987191e+02 2.493592e+03 1.105788e+03 -9.515619e+02 -3.369778e+02 -7.445624e+02 -2.582299e+01 -1.130564e+03 6.426793e+01 -1.067250e+03
8.345587e+01 -2.189084e+03 -1.596463e+03 -4.171836e+03 -2.855200e+03 -4.263560e+03 -4.960974e+02 2.208793e+03 1.194603e+03 -5.368974e+02 -6.194654e+02 -1.034683e+03 -7.688732e+01 -1.235722e+03 -1.132114e+02 -8.151637e+02
7.436283e+01 -1.904633e+03 -1.783989e+03 -4.303325e+03 -3.343391e+03 -4.317462e+03 -4.616446e+02 2.443366e+03 1.365155e+03 -1.082863e+03 -2.606967e+02 -6.474217e+02 -3.171847e+02 -1.225873e+03 1.997821e+02 -1.203266e+03
-2.229341e+01 -2.249715e+03 -1.720249e+03 -4.273403e+03 -3.237456e+03 -4.248757e+03 -3.557790e+02 2.092665e+03 1.164873e+03 -8.836587e+02 -7.283983e+02 -7.895822e+02 -3.984035e+02 -1.199077e+03 -1.605279e+02 -7.737211e+02
2.060498e+01 -1.922311e+03 -1.465087e+03 -4.297353e+03 -3.281079e+03 -3.947620e+03 -5.095305e+02 2.538876e+03 1.339423e+03 -7.981027e+02 -2.458918e+02 -7.288007e+02 1.243516e+01 -8.273849e+02 -1.724036e+01 -1.236474e+03
7.050760e+01 -1.953156e+03 -1.765858e+03 -3.904315e+03 -3.189833e+03 -3.740313e+03 -7.271650e+02 2.903151e+03 1.245222e+03 -1.118155e+03 -2.612576e+01 -3.742783e+02 6.488129e+02 -9.503852e+02 1.132377e+02 -1.506937e+03
-5.316832e+02 -2.282602e+03 -3.051276e+03 -3.932552e+03 -3.554263e+03 -4.578655e+03 -2.189511e+02 2.286202e+03 1.464928e+03 -6.811401e+02 5.373371e+00 -5.136603e+02 -9.227560e+02 -1.749045e+03 2.367520e+02 -7.230915e+02
9.421500e+01 -2.016751e+03 -1.212055e+03 -4.007814e+03 -2.973492e+03 -4.021679e+03 -5.582225e+02 2.409220e+03 1.383997e+03 -5.044064e+02 -4.010330e+02 -7.194334e+02 2.323598e+02 -8.620485e+02 -4.507494e+01 -1.535728e+03
-1.663921e+02 -2.049026e+03 -1.567930e+03 -4.237747e+03 -3.083256e+03 -4.139583e+03 -5.803172e+02 2.510545e+03 1.103386e+03 -7.621146e+02 -1.934984e+02 -7.706972e+02 -8.731759e+01 -1.093055e+03 -1.500744e+02 -9.409036e+02
-3.759660e+02 -1.817866e+03 -2.556675e+03 -3.923763e+03 -3.397596e+03 -4.113156e+03 -6.021198e+02 2.679112e+03 1.446061e+03 -1.030803e+03 3.711653e+02 -5.879297e+02 -1.107901e+02 -1.214494e+03 3.970615e+02 -1.304650e+03
-1.358571e+02 -2.162193e+03 -1.624731e+03 -4.171270e+03 -2.900789e+03 -4.139711e+03 -6.251142e+02 2.242082e+03 1.131465e+03 -3.460552e+02 -5.235047e+02 -9.443694e+02 -3.431268e+02 -1.231456e+03 -2.398389e+02 -8.163361e+02
-1.324068e+02 -2.058297e+03 -1.659032e+03 -4.202050e+03 -3.249436e+03 -4.045685e+03 -5.670339e+02 2.511694e+03 1.293890e+03 -8.227992e+02 -1.804961e+02 -6.823175e+02 -4.342563e+01 -1.046780e+03 6.986909e+01 -1.258612e+03
-6.673225e+02 -2.008426e+03 -3.215136e+03 -3.683363e+03 -3.475109e+03 -4.555335e+03 -2.178527e+02 2.419070e+03 1.505361e+03 -7.379466e+02 2.519219e+02 -4.328022e+02 -9.518501e+02 -1.677862e+03 3.151063e+02 -7.771693e+02
1.229630e+02 -1.834372e+03 -1.721909e+03 -3.876832e+03 -3.155058e+03 -3.775184e+03 -7.728793e+02 2.852509e+03 1.347124e+03 -9.632505e+02 4.537395e+01 -4.812684e+02 5.350763e+02 -9.141607e+02 1.831433e+02 -1.592022e+03
-1.197951e+02 -1.910605e+03 -1.549709e+03 -4.199435e+03 -3.102957e+03 -3.964747e+03 -4.872970e+02 2.678534e+03 1.157195e+03 -1.011397e+03 -1.511968e+02 -6.689058e+02 3.081845e+01 -1.107012e+03 8.809654e+01 -1.178962e+03
-2.731949e+02 -2.088359e+03 -1.742756e+03 -3.918641e+03 -2.903190e+03 -4.002378e+03 -4.935151e+02 2.195471e+03 1.105407e+03 -5.206021e+02 -4.979923e+02 -8.418982e+02 -6.218614e+01 -1.218078e+03 -1.496796e+02 -1.101474e+03
2.382531e+00 -1.965692e+03 -1.742167e+03 -4.229132e+03 -3.326871e+03 -4.211051e+03 -3.626767e+02 2.643735e+03 1.405576e+03 -8.951190e+02 -1.160456e+02 -4.677741e+02 -1.550444e+02 -1.023556e+03 -5.386405e+01 -1.416022e+03
2.539703e+02 -1.721556e+03 -1.092473e+03 -3.813491e+03 -2.551870e+03 -3.854572e+03 -7.815952e+02 2.362677e+03 1.263895e+03 -3.310860e+02 -5.956759e+02 -8.143905e+02 5.069641e+02 -1.006952e+03 -1.074651e+02 -1.409014e+03
1.145355e+02 -1.957586e+03 -1.516388e+03 -4.383574e+03 -3.198004e+03 -4.268870e+03 -3.868956e+02 2.386936e+03 1.246052e+03 -1.157803e+03 -4.350591e+02 -7.748902e+02 -2.996585e+02 -1.061628e+03 -5.592608e+01 -1.033540e+03
-2.742455e+02 -1.242629e+03 -1.754995e+03 -3.518302e+03 -3.014682e+03 -3.522814e+03 -6.787913e+02 2.163690e+03 8.625175e+02 -8.453114e+02 -3.071309e+02 -2.476188e+02 -1.118915e+02 -1.278593e+03 1.159556e+02 -1.463278e+03
-5.278966e+02 -2.072652e+03 -2.249189e+03 -3.911983e+03 -3.040151e+03 -4.269744e+03 -3.912661e+02 2.422824e+03 1.343124e+03 -5.740037e+02 -1.376156e+02 -8.796374e+02 -3.754484e+02 -1.437907e+03 8.409101e+01 -1.014511e+03
-2.277250e+02 -2.037567e+03 -2.032979e+03 -4.407574e+03 -3.172736e+03 -4.222509e+03 -4.849756e+02 2.262648e+03 1.297903e+03 -9.485185e+02 -1.969451e+02 -9.065216e+02 -5.140578e+02 -1.243087e+03 7.517544e+01 -8.379203e+02
-2.474373e+01 -1.958817e+03 -1.521339e+03 -4.185398e+03 -3.042787e+03 -3.934722e+03 -5.500826e+02 2.427562e+03 1.152635e+03 -8.617999e+02 -3.857138e+02 -7.900983e+02 1.034395e+02 -1.123942e+03 -1.222001e+01 -1.065260e+03
-1.946614e+02 -2.307993e+03 -2.487926e+03 -3.932882e+03 -3.227642e+03 -4.439573e+03 -2.174967e+02 2.264504e+03 1.410595e+03 -7.014309e+02 -2.839740e+02 -6.023927e+02 -5.852563e+02 -1.478014e+03 7.280048e+01 -8.880485e+02
-1.253104e+03 -2.192539e+03 -3.485095e+03 -4.887135e+03 -4.193047e+03 -4.693255e+03 -8.092951e+01 2.711640e+03 1.084625e+03 -1.790561e+03 6.557749e+02 -8.370707e+02 -1.712344e+03 -1.764194e+03 6.268110e+02 -4.023617e+02
-6.225135e+02 -2.036376e+03 -2.516266e+03 -4.284903e+03 -3.635964e+03 -4.139548e+03 -5.068632e+02 2.702608e+03 9.997308e+02 -1.389322e+03 2.074717e+02 -6.950591e+02 -2.369013e+02 -1.497873e+03 2.546927e+02 -8.760415e+02
-6.747890e+02 -2.215216e+03 -2.250334e+03 -4.517612e+03 -3.263909e+03 -4.294070e+03 -5.330572e+02 2.237067e+03 1.166814e+03 -6.330582e+02 -6.811763e+00 -1.192976e+03 -8.394900e+02 -1.507574e+03 1.094130e+02 -4.990630e+02
3.260825e+02 -2.245795e+03 -1.430897e+03 -4.259172e+03 -2.986294e+03 -4.397888e+03 -3.804578e+02 2.125791e+03 1.420621e+03 -5.773037e+02 -8.296172e+02 -8.813596e+02 -2.561319e+02 -9.059198e+02 -3.578912e+02 -1.014561e+03
-6.718075e+02 -2.216023e+03 -3.563900e+03 -3.849758e+03 -3.689222e+03 -4.733915e+03 -1.973048e+02 2.376764e+03 1.560678e+03 -8.296468e+02 2.661079e+02 -5.045718e+02 -1.151675e+03 -1.881879e+03 3.597812e+02 -6.949597e+02
-2.105964e+02 -1.898139e+03 -1.744756e+03 -4.182713e+03 -3.064623e+03 -3.995959e+03 -6.301488e+02 2.626861e+03 1.168508e+03 -8.815813e+02 -3.079438e+01 -7.633306e+02 3.569597e+01 -1.210917e+03 1.797874e+02 -1.195935e+03
5.611806e+01 -1.968955e+03 -1.247147e+03 -4.089466e+03 -2.860216e+03 -3.864086e+03 -5.379262e+02 2.459244e+03 1.121438e+03 -8.054416e+02 -5.874609e+02 -7.122568e+02 2.388897e+02 -1.037609e+03 -1.382361e+02 -1.131709e+03
3.244502e+02 -1.944419e+03 -1.222418e+03 -3.728790e+03 -2.855934e+03 -3.851389e+03 -5.163422e+02 2.674568e+03 1.358033e+03 -6.794664e+02 -4.221879e+02 -3.941068e+02 5.338613e+02 -7.997254e+02 -5.221878e+01 -1.702941e+03
9.085463e+01 -2.240843e+03 -1.706384e+03 -4.113883e+03 -2.784710e+03 -4.260837e+03 -5.067511e+02 2.322455e+03 1.365970e+03 -3.673005e+02 -5.528719e+02 -9.548927e+02 -5.633458e+01 -1.025608e+03 -2.050381e+02 -1.010667e+03
1.916626e+02 -2.122999e+03 -1.485138e+03 -4.240765e+03 -3.042850e+03 -4.218724e+03 -4.274770e+02 2.280933e+03 1.356441e+03 -8.225294e+02 -5.732343e+02 -7.463633e+02 -1.550963e+02 -8.732008e+02 -1.454050e+02 -1.150476e+03
1.378809e+02 -1.624171e+03 -1.243245e+03 -4.027777e+03 -2.958938e+03 -3.934921e+03 -4.906701e+02 2.125708e+03 7.416067e+02 -6.812186e+02 -7.332191e+02 -6.617241e+02 1.805876e+01 -9.647080e+02 -2.967418e+02 -1.113139e+03
1.404920e+02 -2.004634e+03 -1.616795e+03 -4.088874e+03 -3.006023e+03 -4.116331e+03 -4.126556e+02 2.496755e+03 1.413963e+03 -8.181756e+02 -3.280959e+02 -5.794928e+02 -1.714894e+01 -1.048275e+03 -1.536463e+01 -1.424448e+03
-6.491094e+00 -2.042708e+03 -1.656504e+03 -4.128016e+03 -3.112337e+03 -4.171271e+03 -5.629216e+02 2.404696e+03 1.362960e+03 -7.081526e+02 -2.791034e+02 -6.571926e+02 -4.929559e+01 -1.140512e+03 9.433118e+00 -1.308236e+03
-3.412307e+02 -2.331068e+03 -2.237248e+03 -4.334905e+03 -3.114169e+03 -4.528395e+03 -3.818855e+02 2.176567e+03 1.286043e+03 -5.250956e+02 -3.431808e+02 -1.158522e+03 -6.481829e+02 -1.440366e+03 7.483163e+00 -6.254987e+02
-4.118115e+02 -1.920082e+03 -2.330846e+03 -4.185531e+03 -3.533718e+03 -4.113241e+03 -6.302487e+02 2.687124e+03 1.065981e+03 -1.295003e+03 2.462336e+02 -6.597156e+02 -2.479977e+02 -1.322763e+03 3.264196e+02 -1.174178e+03
-2.467763e+02 -2.343938e+03 -1.801005e+03 -4.267550e+03 -2.996335e+03 -4.378017e+03 -5.880415e+02 2.126108e+03 1.276938e+03 -1.968299e+02 -4.461275e+02 -1.212491e+03 -3.708326e+02 -1.262261e+03 -2.025726e+02 -5.481770e+02
-7.848744e+02 -2.027273e+03 -3.414640e+03 -3.818453e+03 -3.579178e+03 -4.573641e+03 -1.356166e+02 2.493260e+03 1.492062e+03 -8.262958e+02 3.162713e+02 -3.428687e+02 -1.008509e+03 -1.801098e+03 2.318533e+02 -8.944707e+02
-9.399755e+02 -2.228590e+03 -3.317460e+03 -4.079499e+03 -3.461963e+03 -4.564433e+03 -3.287075e+02 2.427102e+03 1.444386e+03 -7.832066e+02 1.938073e+02 -7.699345e+02 -9.025483e+02 -1.809977e+03 2.730571e+02 -8.489187e+02
3.566952e+01 -1.874192e+03 -1.412394e+03 -4.160778e+03 -2.863246e+03 -3.844017e+03 -7.095236e+02 2.447691e+03 1.146589e+03 -6.752124e+02 -3.083206e+02 -8.815374e+02 1.678471e+02 -1.050173e+03 1.710727e+01 -1.080389e+03
-4.174505e+01 -2.062224e+03 -1.758545e+03 -3.979582e+03 -2.798862e+03 -4.226728e+03 -6.663391e+02 2.261433e+03 1.451856e+03 -3.391111e+02 -3.396335e+02 -9.922645e+02 3.173343e+01 -1.250071e+03 5.978736e+01 -1.328069e+03
-4.469263e+01 -2.332271e+03 -1.809653e+03 -4.361824e+03 -2.811251e+03 -4.455940e+03 -4.110336e+02 2.237064e+03 1.303813e+03 -3.592230e+02 -6.009683e+02 -1.307503e+03 -4.475850e+02 -1.104373e+03 -1.359172e+02 -6.088783e+02
-1.900507e+02 -2.068018e+03 -2.012175e+03 -4.310091e+03 -3.433414e+03 -4.261578e+03 -3.252605e+02 2.254174e+03 1.125210e+03 -1.174415e+03 -3.343590e+02 -7.203029e+02 -5.681303e+02 -1.425108e+03 5.472014e+01 -7.925403e+02
-1.332667e+01 -1.945165e+03 -1.460631e+03 -4.140082e+03 -3.093672e+03 -4.040090e+03 -4.455067e+02 2.633520e+03 1.267649e+03 -9.156517e+02 -2.640290e+02 -5.980691e+02 2.859541e+01 -1.005275e+03 1.777340e+01 -1.337002e+03
1.270431e+01 -2.232969e+03 -1.360868e+03 -4.127186e+03 -2.817702e+03 -4.346649e+03 -6.910225e+02 2.144250e+03 1.216218e+03 -1.279702e+02 -6.410800e+02 -1.084159e+03 -1.766852e+02 -1.138154e+03 -2.530742e+02 -7.966432e+02
-2.573283e+03 -2.495319e+03 -5.393264e+03 -5.221118e+03 -4.535266e+03 -5.050844e+03 4.372330e+02 2.880019e+03 8.157836e+02 -2.090024e+03 1.281373e+03 -1.224498e+03 -3.179653e+03 -2.603559e+03 9.061445e+02 9.454481e+02
-2.594337e+02 -2.037885e+03 -2.174071e+03 -4.202628e+03 -3.210136e+03 -4.007536e+03 -5.057765e+02 2.492540e+03 1.308766e+03 -9.630611e+02 -1.741452e+02 -6.014188e+02 -1.958866e+02 -1.471744e+03 1.321440e+02 -1.011604e+03
-5.142861e+02 -2.075109e+03 -2.300703e+03 -4.568486e+03 -3.608345e+03 -4.228199e+03 -5.843127e+02 2.560213e+03 1.130558e+03 -1.311865e+03 8.880396e+01 -7.780972e+02 -5.372317e+02 -1.406376e+03 3.224030e+02 -9.489393e+02
-4.698982e+02 -2.068513e+03 -2.476169e+03 -4.424473e+03 -3.823579e+03 -4.551037e+03 -3.252221e+02 2.392349e+03 1.187229e+03 -1.340635e+03 -3.247915e+00 -6.730581e+02 -8.832113e+02 -1.503125e+03 2.502886e+02 -8.958929e+02
2.073028e+00 -1.810056e+03 -1.384513e+03 -4.206172e+03 -3.147900e+03 -3.709048e+03 -6.812768e+02 2.459181e+03 1.134505e+03 -1.057147e+03 -4.003045e+02 -7.311148e+02 2.903103e+02 -1.159507e+03 1.270053e+02 -1.195628e+03
4.070033e+01 -2.315792e+03 -1.746742e+03 -4.148442e+03 -2.871817e+03 -4.200771e+03 -4.242808e+02 2.059727e+03 1.379237e+03 -4.430883e+02 -6.943882e+02 -9.673233e+02 -2.484549e+02 -9.366562e+02 -3.311488e+02 -6.361112e+02
-5.357939e+02 -2.154717e+03 -1.936209e+03 -4.558448e+03 -3.251661e+03 -4.270256e+03 -6.014522e+02 2.263791e+03 1.179677e+03 -5.782802e+02 -1.277660e+02 -1.155266e+03 -6.545764e+02 -1.371490e+03 2.844987e+01 -6.673108e+02
-9.441626e+01 -1.952808e+03 -1.817439e+03 -4.228008e+03 -3.490605e+03 -4.050203e+03 -5.944086e+02 2.619288e+03 1.172302e+03 -1.112712e+03 1.033293e+01 -4.521853e+02 -1.503156e+02 -1.116581e+03 1.892765e+02 -1.330362e+03
1.940540e+02 -2.412487e+03 -1.426250e+03 -4.461742e+03 -3.028824e+03 -4.353170e+03 -4.397644e+02 2.136005e+03 1.311174e+03 -6.538219e+02 -8.703515e+02 -9.977555e+02 -1.745136e+02 -8.411602e+02 -4.143632e+02 -7.566501e+02
-3.293747e+02 -1.899168e+03 -1.623498e+03 -4.266304e+03 -3.198701e+03 -3.814009e+03 -5.663847e+02 2.606258e+03 1.039384e+03 -1.024575e+03 -6.509397e+01 -7.171190e+02 8.254645e+01 -1.211545e+03 1.842375e+02 -1.053329e+03
1.241848e+02 -2.354755e+03 -1.758192e+03 -4.377713e+03 -3.147101e+03 -4.533240e+03 -3.980209e+02 2.134278e+03 1.389571e+03 -7.127727e+02 -6.839725e+02 -7.325761e+02 -3.797666e+02 -9.801054e+02 -3.652924e+02 -9.533129e+02
1.519691e+02 -2.386820e+03 -1.548947e+03 -4.326888e+03 -2.783386e+03 -4.429220e+03 -4.613034e+02 2.056248e+03 1.410462e+03 -4.611490e+02 -8.189455e+02 -1.184386e+03 -2.657969e+02 -9.185162e+02 -3.020354e+02 -6.075745e+02
-3.294078e+02 -1.862063e+03 -1.867315e+03 -4.387378e+03 -3.296357e+03 -3.934235e+03 -6.128342e+02 2.622978e+03 1.204903e+03 -9.973379e+02 6.838400e+01 -8.157640e+02 -6.219517e+01 -1.168325e+03 2.212841e+02 -1.237452e+03
7.283187e+01 -1.980605e+03 -1.746032e+03 -4.251592e+03 -3.185663e+03 -4.269144e+03 -5.408022e+02 2.326278e+03 1.368245e+03 -9.165136e+02 -2.102891e+02 -7.263963e+02 -2.592277e+02 -1.174861e+03 9.156545e+01 -1.215895e+03
-1.223800e+02 -2.054013e+03 -1.758976e+03 -4.405251e+03 -3.409377e+03 -4.258818e+03 -5.504128e+02 2.387318e+03 1.263317e+03 -1.081187e+03 -2.514756e+02 -7.361008e+02 -4.171270e+02 -1.192218e+03 9.012343e+01 -1.172020e+03
4.094773e+01 -1.816619e+03 -1.524755e+03 -3.989580e+03 -2.984300e+03 -3.774734e+03 -7.449988e+02 2.712481e+03 1.179916e+03 -8.784733e+02 -1.136541e+02 -6.206363e+02 5.293322e+02 -1.073140e+03 1.424370e+02 -1.400540e+03
4.992504e+01 -1.873428e+03 -1.306679e+03 -3.998526e+03 -2.967471e+03 -3.815851e+03 -6.214858e+02 2.624213e+03 1.236794e+03 -8.432963e+02 -2.769570e+02 -6.186131e+02 3.200313e+02 -9.674038e+02 5.336510e+01 -1.447878e+03
-1.550103e+02 -2.034691e+03 -1.781896e+03 -4.324843e+03 -2.987654e+03 -4.134137e+03 -5.381090e+02 2.381226e+03 1.205685e+03 -7.452872e+02 -2.857013e+02 -9.841382e+02 -3.083412e+02 -1.273652e+03 1.993688e+01 -8.134931e+02
-3.717339e+02 -1.949862e+03 -1.952795e+03 -4.215727e+03 -3.178579e+03 -3.946246e+03 -5.379049e+02 2.562633e+03 1.122358e+03 -9.295145e+02 2.329980e+01 -7.660071e+02 -2.540275e+01 -1.348176e+03 1.292321e+02 -1.050904e+03
1.249686e+02 -1.831124e+03 -1.737190e+03 -3.947021e+03 -3.362261e+03 -4.010750e+03 -7.038024e+02 2.957828e+03 1.320055e+03 -1.121246e+03 -7.911246e+01 -3.117840e+02 5.371736e+02 -8.070322e+02 1.519181e+02 -1.891299e+03
-2.901683e+02 -1.865846e+03 -1.706190e+03 -4.172017e+03 -3.197860e+03 -3.756050e+03 -6.408905e+02 2.793469e+03 1.044326e+03 -1.023958e+03 5.961698e+01 -6.535986e+02 2.493562e+02 -1.178157e+03 2.142323e+02 -1.202006e+03
7.712803e+01 -1.750088e+03 -1.786048e+03 -4.117056e+03 -3.222197e+03 -3.795830e+03 -5.804708e+02 3.088535e+03 1.270178e+03 -1.283738e+03 -1.235415e+02 -2.661474e+02 5.736711e+02 -9.500825e+02 1.858122e+02 -1.672635e+03
-3.273820e+02 -2.040967e+03 -1.805418e+03 -4.355862e+03 -3.217643e+03 -4.160052e+03 -5.801959e+02 2.402879e+03 1.198440e+03 -7.907621e+02 -1.056077e+02 -9.057118e+02 -3.009614e+02 -1.286278e+03 2.883228e+01 -9.588026e+02
-3.094493e+02 -2.057260e+03 -1.977266e+03 -4.405583e+03 -3.478271e+03 -4.334893e+03 -4.337163e+02 2.301389e+03 1.192406e+03 -1.188019e+03 -2.799738e+02 -7.336016e+02 -4.820106e+02 -1.355957e+03 6.833904e+01 -9.747916e+02
3.774972e+01 -2.044512e+03 -1.360761e+03 -4.230682e+03 -2.895881e+03 -3.897802e+03 -5.018116e+02 2.598761e+03 1.198376e+03 -9.051901e+02 -4.190197e+02 -7.054969e+02 1.655889e+02 -1.039166e+03 -6.688414e+01 -1.184032e+03
-6.478069e+02 -2.272168e+03 -3.404761e+03 -3.864269e+03 -3.629175e+03 -4.483226e+03 -2.299378e+02 2.391351e+03 1.386252e+03 -8.415933e+02 2.464342e+02 -4.639199e+02 -1.019925e+03 -1.858085e+03 3.092128e+02 -6.433578e+02
1.097185e+00 -2.081350e+03 -1.288546e+03 -4.260816e+03 -2.850579e+03 -3.824737e+03 -6.025431e+02 2.465220e+03 1.082124e+03 -6.069381e+02 -5.138308e+02 -8.298874e+02 7.264936e+01 -9.713744e+02 -2.254925e+02 -1.042700e+03
-3.258908e+02 -1.965552e+03 -1.848465e+03 -4.483148e+03 -3.403340e+03 -3.971745e+03 -5.280702e+02 2.633934e+03 1.117602e+03 -1.237450e+03 -1.048715e+02 -6.398634e+02 -2.241022e+02 -1.242529e+03 1.913257e+02 -1.059825e+03
1.481322e+02 -1.866804e+03 -1.417204e+03 -4.076925e+03 -2.958910e+03 -3.939366e+03 -4.669468e+02 2.750524e+03 1.354043e+03 -8.211390e+02 -1.983904e+02 -4.658825e+02 2.441215e+02 -8.437071e+02 3.189028e+01 -1.628035e+03
3.065111e+02 -2.185722e+03 -1.310941e+03 -4.151557e+03 -2.817335e+03 -4.310291e+03 -5.153470e+02 2.124875e+03 1.376888e+03 -4.674066e+02 -7.833069e+02 -9.251541e+02 2.715249e+01 -9.895825e+02 -1.814238e+02 -1.178914e+03
-9.824071e+01 -2.084841e+03 -1.476803e+03 -4.270931e+03 -3.084056e+03 -4.109804e+03 -5.556398e+02 2.406881e+03 1.304487e+03 -5.850298e+02 -3.455331e+02 -8.434351e+02 7.940931e+00 -1.094177e+03 2.166088e+00 -1.274538e+03
-1.730422e+02 -2.025683e+03 -2.035825e+03 -4.119366e+03 -3.246764e+03 -3.813721e+03 -6.422309e+02 2.853003e+03 1.258317e+03 -1.302582e+03 -3.245783e+00 -5.713771e+02 3.061144e+02 -1.149369e+03 2.647299e+02 -1.353518e+03
-7.753603e+02 -2.257913e+03 -2.958355e+03 -4.092743e+03 -3.447533e+03 -4.598967e+03 -3.974572e+02 2.440931e+03 1.440459e+03 -6.095002e+02 2.093753e+02 -7.889393e+02 -8.383211e+02 -1.706243e+03 2.255140e+02 -8.716613e+02
6.982097e+01 -2.325385e+03 -1.452863e+03 -4.318182e+03 -2.725310e+03 -4.078975e+03 -4.723551e+02 2.336397e+03 1.121352e+03 -3.429886e+02 -7.442834e+02 -1.201232e+03 -1.181975e+02 -9.992105e+02 -2.934705e+02 -7.055861e+02
-6.116791e+02 -2.243957e+03 -3.223978e+03 -4.364759e+03 -3.767098e+03 -4.446524e+03 -4.397716e+02 2.450736e+03 1.241044e+03 -1.241892e+03 2.684381e+02 -6.718607e+02 -9.589086e+02 -1.785943e+03 3.227300e+02 -7.171492e+02
-4.639342e+01 -2.109286e+03 -1.492269e+03 -4.384143e+03 -2.924315e+03 -4.035465e+03 -5.300053e+02 2.393420e+03 1.126046e+03 -6.978900e+02 -4.989792e+02 -1.029367e+03 -1.343755e+02 -1.005204e+03 -1.865757e+02 -7.868812e+02
2.361180e+01 -2.085249e+03 -1.653216e+03 -4.182455e+03 -3.252232e+03 -4.035806e+03 -3.634005e+02 2.414336e+03 1.292122e+03 -9.776275e+02 -3.864580e+02 -5.047567e+02 -2.458922e+02 -1.036954e+03 -3.665644e+01 -1.279620e+03
-2.213624e+01 -1.884793e+03 -1.464188e+03 -4.165128e+03 -3.181548e+03 -3.680703e+03 -8.472962e+02 2.728105e+03 1.213923e+03 -9.537390e+02 -7.849337e+01 -6.189318e+02 4.606833e+02 -1.008829e+03 2.157698e+02 -1.476097e+03
-1.089991e+03 -2.088619e+03 -2.805617e+03 -4.060847e+03 -3.413735e+03 -4.236773e+03 -2.155999e+02 2.414531e+03 1.017097e+03 -9.532060e+02 3.194368e+01 -6.134644e+02 -1.013178e+03 -1.801491e+03 1.941813e+02 -6.082286e+02
1.571848e+02 -2.040460e+03 -1.526101e+03 -4.418541e+03 -3.167269e+03 -4.456255e+03 -3.938081e+02 2.218564e+03 1.427423e+03 -8.648776e+02 -6.132753e+02 -9.941878e+02 -3.068587e+02 -1.021032e+03 -2.182869e+01 -1.063270e+03
-3.277584e+02 -2.001592e+03 -1.683696e+03 -4.297826e+03 -3.343302e+03 -4.053662e+03 -5.511739e+02 2.693228e+03 1.078922e+03 -1.003627e+03 4.463034e+01 -5.908333e+02 -1.251921e+02 -1.248030e+03 5.518338e+01 -1.127853e+03
-4.793588e+02 -1.962294e+03 -2.390626e+03 -3.108472e+03 -3.467208e+03 -3.412693e+03 -3.853318e+02 1.914106e+03 1.131928e+03 -9.194117e+02 -2.526152e+02 -1.510116e+02 4.864682e+02 -1.585039e+03 5.269413e+01 -1.874426e+03
-3.172252e+02 -1.954126e+03 -2.260897e+03 -3.104798e+03 -3.470588e+03 -3.336443e+03 -4.846087e+02 1.946263e+03 1.209349e+03 -9.026632e+02 -2.626311e+02 -5.481707e+01 3.850057e+02 -1.548838e+03 1.496447e+02 -2.096407e+03
-1.026065e+03 -2.303706e+03 -3.814545e+03 -3.742180e+03 -4.235937e+03 -3.815787e+03 -3.386113e+02 2.283448e+03 1.381974e+03 -1.371654e+03 1.290463e+02 -9.180119e+01 -7.827713e+02 -2.387570e+03 5.913907e+02 -1.448080e+03
-4.677342e+02 -1.912236e+03 -2.364140e+03 -3.164767e+03 -3.538793e+03 -3.396910e+03 -4.091427e+02 1.895105e+03 1.150066e+03 -1.065431e+03 -2.548991e+02 -2.011936e+00 3.785757e+02 -1.558547e+03 9.040385e+01 -2.179514e+03
-1.588678e+03 -2.121217e+03 -4.165311e+03 -3.737552e+03 -4.544688e+03 -4.257243e+03 -2.333114e+01 1.958751e+03 1.181413e+03 -1.660523e+03 4.589462e+02 -1.376784e+02 -1.326322e+03 -2.186918e+03 4.932686e+02 -1.408574e+03
-1.079078e+01 -1.755673e+03 -1.762934e+03 -3.287949e+03 -3.224068e+03 -3.685695e+03 -3.245302e+02 1.974383e+03 1.274252e+03 -9.617011e+02 -5.810096e+02 1.512408e+02 1.085867e+03 -8.463511e+02 -4.434210e+02 -2.375872e+03
-3.300396e+02 -1.850513e+03 -2.131950e+03 -3.332429e+03 -3.200879e+03 -3.877100e+03 -3.693467e+02 1.617115e+03 1.238035e+03 -9.778601e+02 -4.533258e+02 -3.566449e+02 2.952299e+02 -1.280407e+03 -2.382562e+02 -1.932323e+03
-2.710191e+01 -1.961985e+03 -2.580497e+03 -3.017463e+03 -3.051127e+03 -2.930095e+03 -2.866042e+02 2.291429e+03 1.069862e+03 -8.161423e+02 -5.805600e+02 2.739725e+02 8.161662e+02 -1.942936e+03 -7.565800e+00 -2.281451e+03
-4.795497e+02 -1.857231e+03 -2.392285e+03 -3.167007e+03 -3.410172e+03 -3.422672e+03 -5.075361e+02 1.909182e+03 1.252239e+03 -8.418624e+02 -3.087390e+02 5.447711e+01 3.939530e+02 -1.689789e+03 -1.077542e+02 -2.183721e+03
-4.034254e+02 -1.930325e+03 -2.566627e+03 -3.180384e+03 -3.093540e+03 -3.247680e+03 -4.608384e+02 2.192555e+03 1.169839e+03 -5.778847e+02 -3.474230e+02 1.548474e+02 3.153509e+02 -1.846020e+03 -1.550789e+02 -1.993403e+03
-4.850368e+02 -1.823054e+03 -2.525784e+03 -3.082603e+03 -3.637974e+03 -3.543812e+03 -4.084815e+02 1.797515e+03 1.317403e+03 -1.106628e+03 -2.671546e+02 7.258839e+01 1.717412e+02 -1.606667e+03 6.064717e+01 -2.199134e+03
-3.742161e+02 -1.790185e+03 -2.448269e+03 -2.941263e+03 -3.684574e+03 -3.764069e+03 -5.105932e+02 1.824324e+03 1.510176e+03 -7.548097e+02 -2.101845e+02 1.685444e+02 3.507509e+02 -1.531788e+03 -2.955155e+01 -2.494925e+03
-7.675020e+02 -2.010060e+03 -2.866143e+03 -3.474813e+03 -3.770569e+03 -3.901453e+03 -4.027176e+02 1.869092e+03 1.370710e+03 -1.138219e+03 6.208406e+01 -2.442520e+02 1.601259e+01 -1.523786e+03 1.831423e+01 -1.947743e+03
-1.370020e+02 -1.900476e+03 -2.090294e+03 -2.873419e+03 -3.418498e+03 -3.506721e+03 -5.263798e+02 1.815870e+03 1.444253e+03 -7.383564e+02 -3.273553e+02 -5.301675e+00 6.026879e+02 -1.341706e+03 1.511186e+01 -2.282367e+03
-4.219312e+02 -2.057706e+03 -2.546041e+03 -3.453555e+03 -3.820253e+03 -3.783379e+03 -5.094721e+02 2.131201e+03 1.472584e+03 -1.063580e+03 -1.490820e+02 6.496925e+01 1.687322e+02 -1.362071e+03 7.642035e+01 -2.392434e+03
-3.062911e+02 -2.121088e+03 -2.730306e+03 -3.174195e+03 -3.397576e+03 -3.338154e+03 -3.839112e+02 2.171544e+03 1.205064e+03 -9.400243e+02 -4.356532e+02 2.178531e+02 5.049739e+02 -1.966474e+03 -4.262763e+01 -2.330101e+03
-5.174318e+02 -2.024819e+03 -2.827709e+03 -3.456279e+03 -3.753828e+03 -3.442393e+03 -5.356131e+02 2.290122e+03 1.335707e+03 -1.167150e+03 -2.970603e+02 -7.143567e+01 -6.316525e+01 -1.981336e+03 4.004102e+02 -1.979806e+03
-3.195672e+02 -1.972730e+03 -2.301441e+03 -3.027637e+03 -3.426432e+03 -3.463051e+03 -4.199122e+02 1.867045e+03 1.355024e+03 -5.618783e+02 -4.054340e+02 1.434951e+02 4.310279e+02 -1.652262e+03 -1.996101e+01 -2.366901e+03
-7.792220e+02 -1.798906e+03 -2.807408e+03 -3.485272e+03 -3.463702e+03 -3.561383e+03 -4.722752e+02 2.235060e+03 1.210140e+03 -7.984994e+02 -9.346352e+01 -5.977727e+01 -3.461434e+02 -1.991728e+03 1.225952e+02 -1.632586e+03
-3.580112e+01 -1.716085e+03 -2.088287e+03 -3.093521e+03 -3.001370e+03 -3.049791e+03 -4.802620e+02 2.103631e+03 1.103691e+03 -9.057169e+02 -5.123476e+02 2.780599e+02 7.078621e+02 -1.669573e+03 -3.015251e+01 -2.462440e+03
3.977186e+01 -1.868816e+03 -2.447110e+03 -3.006162e+03 -3.113785e+03 -3.173439e+03 -2.127168e+02 2.304347e+03 1.085131e+03 -8.231767e+02 -3.839864e+02 3.586590e+02 6.294440e+02 -1.579781e+03 -1.604874e+02 -1.955386e+03
-8.253281e+02 -2.178071e+03 -3.095126e+03 -3.395363e+03 -3.996861e+03 -3.752340e+03 -3.344320e+02 1.942541e+03 1.311105e+03 -1.244699e+03 -1.323888e+02 -9.553832e+01 -3.939731e+01 -1.797294e+03 9.052003e+01 -1.867931e+03
-9.866742e+01 -1.840076e+03 -2.128964e+03 -3.085232e+03 -3.039315e+03 -3.256664e+03 -4.669232e+02 2.077399e+03 1.300521e+03 -6.916349e+02 -4.428210e+02 -2.117652e+02 8.567785e+02 -1.451218e+03 -4.582190e+01 -1.873053e+03
-1.403043e+02 -1.944173e+03 -2.310814e+03 -2.998031e+03 -3.266531e+03 -3.218648e+03 -5.293397e+02 2.080273e+03 1.266104e+03 -7.976929e+02 -4.850644e+02 1.714166e+02 7.354176e+02 -1.768562e+03 -3.748459e+00 -2.356611e+03
-2.549124e+01 -1.892781e+03 -2.508370e+03 -2.940279e+03 -3.190330e+03 -3.235865e+03 -4.839898e+02 1.955313e+03 1.342255e+03 -7.506213e+02 -3.834454e+02 1.117428e+02 6.629369e+02 -1.677784e+03 -5.063174e+01 -2.123083e+03
-9.416126e+02 -2.236854e+03 -3.381316e+03 -3.818525e+03 -3.980077e+03 -3.843296e+03 -4.119504e+02 2.267287e+03 1.401232e+03 -1.245618e+03 1.082451e+02 -3.713068e+02 -4.882667e+02 -2.055476e+03 4.063879e+02 -1.576424e+03
-8.900175e+01 -1.893767e+03 -2.598493e+03 -3.070983e+03 -3.578385e+03 -3.587496e+03 -4.008010e+02 2.063192e+03 1.546811e+03 -9.219580e+02 -5.341979e+02 3.310229e+01 4.254373e+02 -1.783765e+03 3.856472e+02 -2.255135e+03
-9.628172e+01 -1.743128e+03 -1.910654e+03 -2.939258e+03 -3.225349e+03 -3.366353e+03 -5.683431e+02 1.844014e+03 1.411249e+03 -6.106881e+02 -4.056749e+02 2.079060e+02 6.922112e+02 -1.353286e+03 -1.145088e+02 -2.464412e+03
-5.595189e+02 -1.910156e+03 -2.577148e+03 -3.473447e+03 -3.873989e+03 -3.918226e+03 -2.942634e+02 1.911096e+03 1.271385e+03 -1.172542e+03 -1.932888e+02 7.031960e+01 1.730457e+02 -1.358480e+03 -1.854803e+02 -2.344375e+03
-1.621054e+02 -1.991691e+03 -2.470720e+03 -2.975369e+03 -3.081740e+03 -3.059833e+03 -3.423581e+02 2.152466e+03 1.202735e+03 -7.410444e+02 -5.467845e+02 -3.530667e+01 7.817811e+02 -1.788543e+03 -3.487907e+01 -1.997120e+03
-8.282271e+02 -1.998420e+03 -3.270686e+03 -3.623025e+03 -4.055683e+03 -3.611713e+03 -4.076459e+02 2.266539e+03 1.221285e+03 -1.522772e+03 -1.004216e+02 -7.134119e+01 -4.895172e+02 -2.191467e+03 4.996701e+02 -1.786829e+03
-1.197318e+02 -1.782192e+03 -2.010659e+03 -2.871723e+03 -3.353547e+03 -3.600393e+03 -4.874339e+02 1.884172e+03 1.452437e+03 -5.613993e+02 -3.650172e+02 9.916864e+01 5.725513e+02 -1.205212e+03 -7.229921e+01 -2.504020e+03
-1.567633e+03 -2.310325e+03 -4.155858e+03 -3.892492e+03 -4.065043e+03 -4.306968e+03 -1.711058e+02 2.188186e+03 1.474899e+03 -1.173366e+03 2.645683e+02 -6.086786e+02 -1.200716e+03 -2.367360e+03 4.538549e+02 -9.086995e+02
-1.988131e+02 -1.991764e+03 -2.412661e+03 -3.112100e+03 -3.246470e+03 -3.326192e+03 -5.097072e+02 2.089033e+03 1.308129e+03 -7.324119e+02 -3.949492e+02 1.606460e+02 7.017738e+02 -1.778544e+03 -9.557137e+01 -2.204779e+03
-2.639757e+02 -1.927260e+03 -2.348962e+03 -3.022550e+03 -3.220587e+03 -3.262873e+03 -4.947367e+02 1.902584e+03 1.298722e+03 -6.609404e+02 -4.516984e+02 -1.546021e+01 5.704198e+02 -1.652797e+03 -6.921174e+01 -2.284850e+03
-1.310248e+02 -2.102842e+03 -2.640572e+03 -2.937713e+03 -3.282710e+03 -3.260725e+03 -4.092493e+02 2.132320e+03 1.299510e+03 -6.832546e+02 -4.608705e+02 1.795959e+02 6.828163e+02 -1.842133e+03 -3.768576e+01 -2.372661e+03
-8.928128e+02 -1.971491e+03 -3.152325e+03 -3.593089e+03 -4.011247e+03 -3.719834e+03 -3.719160e+02 2.022971e+03 1.289522e+03 -1.334003e+03 -8.506466e+01 -1.469594e+02 -2.482468e+02 -1.834979e+03 1.848760e+02 -1.677788e+03
-4.433672e+02 -1.819023e+03 -2.156245e+03 -3.416183e+03 -3.302614e+03 -3.830109e+03 -4.298700e+02 1.474313e+03 1.142794e+03 -9.183919e+02 -4.270715e+02 -4.400201e+02 1.378197e+02 -1.288696e+03 -3.018479e+02 -1.895860e+03
-1.058167e+03 -2.084386e+03 -3.408494e+03 -3.714115e+03 -3.826394e+03 -4.095735e+03 -4.808136e+02 2.263185e+03 1.510605e+03 -9.079994e+02 1.838378e+02 -3.061878e+02 -8.798964e+02 -2.110823e+03 3.887182e+02 -1.502143e+03
-8.458427e+02 -2.267332e+03 -3.389555e+03 -3.155503e+03 -3.530512e+03 -3.469032e+03 -1.554698e+02 2.113225e+03 1.272726e+03 -7.189802e+02 9.514745e-01 -3.906130e+01 3.506235e+01 -2.201829e+03 3.285394e+01 -1.540312e+03
-9.931237e+02 -1.897748e+03 -2.886582e+03 -3.695681e+03 -3.826240e+03 -3.884018e+03 -3.585930e+02 1.891414e+03 1.127674e+03 -1.346603e+03 -7.295596e+01 -3.911470e+02 -2.124630e+02 -1.756647e+03 4.128026e+01 -1.676888e+03
-6.049355e+02 -1.801588e+03 -2.541850e+03 -3.318298e+03 -3.343795e+03 -3.710792e+03 -4.153433e+02 1.785952e+03 1.308173e+03 -9.941399e+02 -1.173766e+02 -4.044718e+02 2.602052e+02 -1.546353e+03 9.737642e+01 -1.640266e+03
-9.163137e+01 -1.908536e+03 -2.227628e+03 -2.957317e+03 -3.079642e+03 -3.284876e+03 -5.330035e+02 2.041579e+03 1.431899e+03 -4.048238e+02 -4.578898e+02 1.557920e+02 7.713844e+02 -1.596667e+03 -1.339787e+02 -2.383097e+03
-5.228035e+02 -1.772121e+03 -2.332079e+03 -3.349764e+03 -3.823369e+03 -3.733332e+03 -5.813806e+02 1.738368e+03 1.327502e+03 -1.078475e+03 -2.066526e+02 -5.078441e+01 2.587988e+01 -1.442667e+03 9.009677e+01 -2.334197e+03
-1.950630e+02 -2.015308e+03 -2.731679e+03 -2.942998e+03 -3.338677e+03 -3.454991e+03 -5.484135e+02 1.982815e+03 1.507715e+03 -4.778805e+02 -3.953471e+02 -3.694651e+01 6.516091e+02 -1.665640e+03 -1.096727e+02 -2.251658e+03
-9.833142e+01 -1.925687e+03 -2.142908e+03 -3.070075e+03 -3.206101e+03 -3.298368e+03 -4.846906e+02 1.817141e+03 1.348993e+03 -7.410309e+02 -3.590855e+02 5.607407e+00 7.761528e+02 -1.476868e+03 -5.877567e+01 -2.066599e+03
-8.724519e+02 -1.872074e+03 -3.456213e+03 -3.633132e+03 -3.990013e+03 -4.626440e+03 -3.745700e+02 2.155414e+03 1.671824e+03 -8.595730e+02 1.993630e+02 -4.096807e+02 -6.257086e+02 -1.598050e+03 2.015909e+02 -2.051042e+03
-2.649031e+02 -1.854299e+03 -2.346583e+03 -2.901144e+03 -3.531955e+03 -3.465511e+03 -4.514649e+02 1.695627e+03 1.328836e+03 -8.871552e+02 -2.790505e+02 1.272219e+02 4.746987e+02 -1.480813e+03 -2.062096e+01 -2.218091e+03
-4.239679e+02 -2.035304e+03 -2.725080e+03 -3.311318e+03 -3.769205e+03 -3.377487e+03 -5.280363e+02 2.159946e+03 1.336950e+03 -1.258123e+03 -3.063892e+02 5.556729e+01 1.915950e+02 -1.939863e+03 3.701469e+02 -2.006159e+03
-1.002735e+03 -2.268593e+03 -3.935409e+03 -3.811715e+03 -4.196899e+03 -3.771242e+03 -3.506900e+02 2.554194e+03 1.231221e+03 -1.589510e+03 1.709930e+02 -1.915757e+02 -8.336509e+02 -2.364371e+03 7.051458e+02 -1.425419e+03
-1.209479e+02 -1.730157e+03 -1.856991e+03 -2.967833e+03 -3.250204e+03 -3.450638e+03 -4.643872e+02 1.857398e+03 1.340487e+03 -7.405956e+02 -4.037827e+02 -5.417498e+00 5.726994e+02 -1.300627e+03 -1.673807e+01 -2.347555e+03
-9.057050e+02 -2.191474e+03 -2.996289e+03 -3.404721e+03 -3.710644e+03 -3.566073e+03 -4.292777e+02 1.979463e+03 1.286025e+03 -7.622819e+02 -8.887537e+01 -7.121227e+01 -5.339628e+01 -2.121077e+03 9.218033e+01 -1.761694e+03
-1.014033e+03 -2.158768e+03 -3.635171e+03 -3.506494e+03 -3.793925e+03 -4.142485e+03 -2.129263e+02 2.275136e+03 1.489830e+03 -1.045619e+03 2.211339e+02 -2.895887e+02 -5.918306e+02 -2.193449e+03 3.196658e+02 -1.279272e+03
-3.313612e+02 -1.743205e+03 -2.202929e+03 -3.229974e+03 -3.390037e+03 -3.729360e+03 -3.851841e+02 1.806521e+03 1.283125e+03 -9.522334e+02 -2.314692e+02 -1.290219e+02 2.838612e+02 -1.236712e+03 -4.337402e+01 -2.285662e+03
-4.877700e+02 -1.992757e+03 -2.380345e+03 -3.197165e+03 -3.500889e+03 -3.638189e+03 -5.536252e+02 1.811219e+03 1.431196e+03 -6.835580e+02 -2.734139e+02 -1.843779e+02 3.327861e+02 -1.521218e+03 -2.642229e+01 -2.018740e+03
-3.319074e+02 -1.791968e+03 -2.138021e+03 -3.354858e+03 -3.312644e+03 -3.901704e+03 -4.733393e+02 1.621435e+03 1.345900e+03 -7.330985e+02 -3.977703e+02 -2.804397e+02 5.494899e+02 -1.195063e+03 -3.104007e+02 -2.150301e+03
-3.153898e+03 -2.498960e+03 -6.731895e+03 -4.373214e+03 -5.143469e+03 -4.819782e+03 5.889099e+02 2.255099e+03 9.213979e+02 -2.203837e+03 1.737518e+03 -7.820506e+02 -3.524875e+03 -3.052816e+03 1.173946e+03 2.598355e+02
1.182481e+02 -1.619504e+03 -1.573169e+03 -2.976827e+03 -2.955336e+03 -3.532045e+03 -5.902816e+02 1.745966e+03 1.370185e+03 -6.236735e+02 -4.512599e+02 -6.342104e+01 8.402783e+02 -1.049855e+03 -1.947318e+02 -2.282611e+03
-4.767868e+02 -2.021675e+03 -2.744732e+03 -2.972459e+03 -3.696350e+03 -3.460270e+03 -4.511862e+02 1.750582e+03 1.357013e+03 -9.582685e+02 -2.447927e+02 1.211268e+02 2.838381e+02 -1.853437e+03 4.798630e+01 -2.249543e+03
-2.018574e+02 -1.771657e+03 -2.153928e+03 -3.057218e+03 -3.550859e+03 -3.418993e+03 -6.326233e+02 1.896783e+03 1.381694e+03 -9.944582e+02 -4.950441e+02 1.400649e+01 4.259740e+02 -1.575872e+03 1.715548e+02 -2.378370e+03
-2.293933e+02 -1.968892e+03 -2.464514e+03 -3.090867e+03 -3.014468e+03 -3.227855e+03 -4.803330e+02 2.287034e+03 1.225779e+03 -4.831536e+02 -4.369578e+02 2.992558e+02 6.427548e+02 -1.900182e+03 -9.452448e+01 -2.094820e+03
-1.564029e+02 -1.736312e+03 -1.850584e+03 -3.103016e+03 -3.241631e+03 -3.568911e+03 -5.011198e+02 1.536404e+03 1.245906e+03 -6.786570e+02 -3.750640e+02 -1.430059e+02 5.940999e+02 -1.192485e+03 -1.867797e+02 -2.207285e+03
-6.804118e+02 -1.953219e+03 -2.764333e+03 -3.516580e+03 -3.900173e+03 -3.499360e+03 -4.167944e+02 2.246803e+03 1.164649e+03 -1.408318e+03 -2.066059e+02 1.575659e+02 -6.958441e+00 -1.921708e+03 3.048503e+02 -2.134914e+03
-5.851260e+02 -1.810160e+03 -2.086614e+03 -3.208761e+03 -3.361999e+03 -3.513460e+03 -2.681101e+02 1.828289e+03 9.474781e+02 -9.507923e+02 -2.108475e+02 -9.051937e+01 3.383981e+02 -1.295526e+03 -1.386996e+00 -2.112136e+03
-8.614489e+02 -2.039770e+03 -3.025924e+03 -3.747767e+03 -3.685270e+03 -3.692276e+03 -4.885664e+02 2.321459e+03 1.306984e+03 -1.008251e+03 4.886050e+01 -3.887398e+01 -5.961166e+02 -2.088556e+03 3.182179e+02 -1.698415e+03
-3.485738e+02 -1.973782e+03 -2.525995e+03 -3.128333e+03 -3.387192e+03 -3.355180e+03 -4.222494e+02 1.779066e+03 1.324156e+03 -8.072663e+02 -3.018160e+02 -1.524991e+02 5.962480e+02 -1.556357e+03 -1.829288e+01 -1.858266e+03
2.829458e+02 -1.562481e+03 -1.660253e+03 -2.985847e+03 -3.053160e+03 -3.408952e+03 -6.800565e+02 1.878005e+03 1.493446e+03 -8.145812e+02 -4.268387e+02 -6.431095e+01 1.077392e+03 -1.072546e+03 -9.132452e+01 -2.348432e+03
-6.670824e+02 -1.975451e+03 -2.619428e+03 -3.320028e+03 -3.414757e+03 -3.271876e+03 -4.503982e+02 1.977597e+03 1.083288e+03 -8.744721e+02 -3.407650e+02 -2.015498e+01 1.097918e+02 -1.880092e+03 -4.419301e+01 -2.020715e+03
-4.335693e+02 -2.071918e+03 -2.707291e+03 -3.100855e+03 -3.262725e+03 -3.239713e+03 -3.916878e+02 2.132449e+03 1.177776e+03 -6.613189e+02 -3.966694e+02 2.168143e+02 3.531310e+02 -2.031606e+03 -1.356407e+02 -2.083819e+03
-5.442192e+02 -2.092179e+03 -2.672344e+03 -3.206930e+03 -3.578935e+03 -3.470749e+03 -4.382457e+02 1.861598e+03 1.284338e+03 -9.680050e+02 -2.373303e+02 -6.426878e+01 3.363407e+02 -1.758684e+03 1.654636e+01 -1.880565e+03
-1.167822e+03 -2.150093e+03 -4.359830e+03 -3.711709e+03 -4.324476e+03 -4.626473e+03 -3.193230e+02 2.122976e+03 1.681397e+03 -1.346215e+03 4.929396e+02 -4.352453e+02 -1.360415e+03 -2.294507e+03 6.342923e+02 -1.194550e+03
-2.062560e+02 -2.176583e+03 -2.831552e+03 -2.973972e+03 -3.317983e+03 -3.238416e+03 -3.378171e+02 2.183249e+03 1.285245e+03 -7.693091e+02 -5.094990e+02 4.539335e+01 5.558573e+02 -1.927523e+03 1.633824e+01 -2.180281e+03
-1.050431e+03 -1.975880e+03 -3.414624e+03 -3.565478e+03 -3.762781e+03 -4.322472e+03 -3.112741e+02 2.233366e+03 1.666676e+03 -7.589385e+02 2.754916e+02 -3.409510e+02 -9.295799e+02 -1.924583e+03 3.055731e+02 -1.312701e+03
-3.609308e+02 -1.802660e+03 -2.088380e+03 -3.047361e+03 -3.353604e+03 -3.698878e+03 -4.661283e+02 1.757321e+03 1.336272e+03 -6.416092e+02 -2.793513e+02 -7.717389e-01 4.346602e+02 -1.224483e+03 -1.194387e+02 -2.310714e+03
-2.843465e+02 -2.202057e+03 -3.083552e+03 -2.968156e+03 -3.179229e+03 -3.312304e+03 -1.415797e+02 2.291031e+03 1.253388e+03 -5.721472e+02 -4.641454e+02 2.310319e+02 5.230152e+02 -2.005277e+03 -7.976947e+01 -2.039844e+03
-1.591014e+02 -2.000750e+03 -2.233886e+03 -3.073973e+03 -3.270418e+03 -3.269127e+03 -4.336404e+02 2.096040e+03 1.255785e+03 -8.908898e+02 -4.082158e+02 2.595288e+00 6.983766e+02 -1.495069e+03 -3.897818e+00 -2.200911e+03
-9.482605e+02 -2.139361e+03 -3.641138e+03 -3.767502e+03 -4.288492e+03 -3.642011e+03 -3.046977e+02 2.436295e+03 1.194473e+03 -1.707384e+03 1.042200e+02 -5.912383e+01 -6.480389e+02 -2.260972e+03 6.433942e+02 -1.593065e+03
-1.228292e+02 -2.055170e+03 -2.698844e+03 -3.067657e+03 -3.051735e+03 -3.247154e+03 -3.698689e+02 2.257268e+03 1.262587e+03 -5.165538e+02 -4.313544e+02 1.871077e+02 6.125620e+02 -1.871217e+03 -1.430528e+02 -1.979503e+03
-3.080705e+02 -1.746913e+03 -2.055124e+03 -3.147820e+03 -3.461958e+03 -3.686764e+03 -5.527450e+02 1.797471e+03 1.317630e+03 -7.652543e+02 -2.914610e+02 -8.127893e+00 3.159015e+02 -1.266879e+03 -7.119235e+01 -2.372903e+03
-4.496582e+02 -2.087130e+03 -3.006836e+03 -2.971064e+03 -3.147441e+03 -3.209623e+03 -2.200627e+02 2.299153e+03 1.250084e+03 -6.115974e+02 -2.677678e+02 2.896269e+02 4.886869e+02 -2.143488e+03 -8.177906e+01 -1.956055e+03
-9.682881e+02 -2.011871e+03 -2.986350e+03 -3.564435e+03 -3.929076e+03 -3.929779e+03 -5.303167e+02 1.849014e+03 1.382145e+03 -1.053088e+03 -1.139141e+02 -2.846353e+02 -3.176263e+02 -1.857863e+03 1.308816e+02 -1.832934e+03
-1.504327e+02 -2.108699e+03 -2.593298e+03 -2.854951e+03 -3.316282e+03 -3.234076e+03 -3.980674e+02 1.943183e+03 1.410467e+03 -7.321417e+02 -3.511645e+02 1.239246e+02 6.728455e+02 -1.665858e+03 5.225699e+00 -2.269713e+03
-2.025854e+01 -1.672335e+03 -2.009108e+03 -2.997951e+03 -3.180183e+03 -3.334463e+03 -5.420972e+02 1.728987e+03 1.421150e+03 -7.065819e+02 -4.479245e+02 -1.861772e+02 9.417376e+02 -1.285800e+03 -9.967584e+01 -2.094612e+03
1.809597e+02 -1.985126e+03 -2.119560e+03 -2.890404e+03 -3.036196e+03 -3.193809e+03 -4.825928e+02 2.169643e+03 1.385353e+03 -5.348450e+02 -6.571546e+02 2.506809e+02 1.078560e+03 -1.633504e+03 1.765026e+01 -2.433171e+03
-1.266932e+02 -1.744118e+03 -1.558773e+03 -3.664362e+03 -3.342871e+03 -3.696050e+03 -4.852243e+02 1.899022e+03 1.190878e+03 -8.958341e+02 -8.078936e+02 -2.471920e+02 7.527105e+02 -7.741989e+02 -3.541029e+02 -2.224769e+03
-1.162901e+03 -2.350864e+03 -3.831237e+03 -3.627656e+03 -3.786489e+03 -4.232225e+03 -2.178963e+02 2.274105e+03 1.611512e+03 -8.298657e+02 2.250030e+02 -4.202154e+02 -7.565112e+02 -2.201298e+03 3.894411e+02 -1.220412e+03
-8.203860e+02 -2.252446e+03 -3.258748e+03 -3.576856e+03 -3.712548e+03 -3.918532e+03 -4.935123e+02 2.440510e+03 1.542475e+03 -6.915844e+02 -3.482982e+01 -1.974131e+02 -2.912704e+02 -2.099820e+03 3.726662e+02 -1.686793e+03
-4.845654e+02 -2.078302e+03 -2.498912e+03 -3.128851e+03 -3.449220e+03 -3.426562e+03 -4.667830e+02 2.076575e+03 1.326766e+03 -6.931021e+02 -3.772536e+02 5.543215e+01 2.958817e+02 -1.874285e+03 8.906615e+01 -2.124453e+03
-2.666347e+02 -1.843769e+03 -2.029094e+03 -3.008784e+03 -3.232771e+03 -3.561474e+03 -4.679477e+02 1.690972e+03 1.304611e+03 -6.045902e+02 -3.251314e+02 1.082557e+01 5.938616e+02 -1.256271e+03 -1.883087e+02 -2.263446e+03
-3.028509e+02 -1.907431e+03 -2.301885e+03 -3.121959e+03 -3.414444e+03 -3.422330e+03 -5.413914e+02 2.035281e+03 1.245642e+03 -9.527273e+02 -2.328026e+02 -6.825639e+00 4.261398e+02 -1.644553e+03 5.931812e+01 -2.081120e+03
-1.460068e+02 -2.012684e+03 -2.294584e+03 -2.991427e+03 -3.418416e+03 -3.469942e+03 -6.124594e+02 2.050608e+03 1.507651e+03 -6.376726e+02 -4.459974e+02 1.542520e+02 4.885266e+02 -1.655493e+03 1.011576e+02 -2.419731e+03
-1.343839e+02 -1.885384e+03 -2.320377e+03 -3.035983e+03 -3.498072e+03 -3.530669e+03 -5.786755e+02 2.088160e+03 1.473732e+03 -7.852965e+02 -2.516044e+02 1.448352e+02 4.386635e+02 -1.516039e+03 1.119536e+02 -2.423795e+03
-4.164936e+02 -1.863549e+03 -2.368601e+03 -3.074773e+03 -3.773937e+03 -3.592299e+03 -4.446490e+02 1.887210e+03 1.316822e+03 -1.094657e+03 -2.472387e+02 2.078252e+02 3.693809e+02 -1.467910e+03 7.767542e+01 -2.429240e+03
-5.064507e+02 -1.986684e+03 -2.807576e+03 -3.201423e+03 -3.849485e+03 -3.523969e+03 -4.819808e+02 1.942567e+03 1.370919e+03 -1.253838e+03 -1.953473e+02 1.442260e+02 1.200228e+02 -1.806441e+03 2.599728e+02 -2.180303e+03
-4.276405e+02 -1.861627e+03 -2.261630e+03 -3.178495e+03 -3.596429e+03 -3.530467e+03 -4.805423e+02 1.855458e+03 1.253010e+03 -8.467239e+02 -3.342585e+02 1.349735e+02 2.688168e+02 -1.538461e+03 1.373559e+01 -2.387194e+03
-6.531683e+02 -1.991679e+03 -2.648469e+03 -3.209281e+03 -3.493731e+03 -3.645743e+03 -5.566766e+02 1.936737e+03 1.385159e+03 -7.335268e+02 -1.991890e+02 -2.088312e+02 1.704398e+02 -1.698018e+03 -3.100646e+01 -1.944387e+03
-8.498829e+02 -2.122400e+03 -3.289666e+03 -3.631238e+03 -3.996633e+03 -3.675265e+03 -4.332724e+02 2.238949e+03 1.274811e+03 -1.378998e+03 -5.961244e+01 -2.632824e+02 -4.881081e+02 -2.108615e+03 3.935984e+02 -1.661943e+03
-7.572365e+02 -2.002842e+03 -2.564300e+03 -3.231964e+03 -3.705221e+03 -3.712246e+03 -4.670069e+02 1.696272e+03 1.246121e+03 -8.547681e+02 -1.273407e+02 -1.018832e+02 8.999923e+01 -1.616813e+03 -8.758765e+01 -2.046871e+03
-2.430501e+02 -1.859571e+03 -2.105597e+03 -3.035715e+03 -3.503091e+03 -3.409154e+03 -4.709450e+02 2.006183e+03 1.257563e+03 -9.624510e+02 -3.169006e+02 1.643357e+02 5.284487e+02 -1.475418e+03 1.185499e+02 -2.515134e+03
-5.672519e+02 -1.981344e+03 -2.645468e+03 -3.131623e+03 -3.651695e+03 -3.336250e+03 -4.153321e+02 2.026811e+03 1.238423e+03 -1.106651e+03 -2.586276e+02 -1.036778e+01 1.505644e+02 -1.852954e+03 2.511722e+02 -1.970684e+03
-8.042950e+02 -1.854921e+03 -2.890869e+03 -3.342528e+03 -4.091570e+03 -3.642435e+03 -3.976159e+02 1.990610e+03 1.219543e+03 -1.571508e+03 -1.081438e+02 5.047812e+01 -2.158024e+02 -1.822560e+03 3.301033e+02 -2.124623e+03
-2.839726e+02 -1.826347e+03 -2.123824e+03 -3.028469e+03 -3.460881e+03 -3.458385e+03 -4.892064e+02 1.960351e+03 1.333321e+03 -8.802888e+02 -2.613677e+02 1.544158e+02 4.399173e+02 -1.415918e+03 7.099491e+01 -2.426063e+03
-5.934253e+01 -1.877552e+03 -2.259215e+03 -2.947837e+03 -3.272145e+03 -3.236487e+03 -4.403083e+02 2.061357e+03 1.255900e+03 -8.880321e+02 -3.928484e+02 2.679843e+02 6.928431e+02 -1.686692e+03 2.839643e+01 -2.491875e+03
-4.667566e+02 -1.924765e+03 -2.332795e+03 -3.064834e+03 -3.494984e+03 -3.614871e+03 -3.428597e+02 1.556460e+03 1.221593e+03 -8.521399e+02 -3.119304e+02 -5.678609e+01 3.365656e+02 -1.431623e+03 -1.079417e+02 -2.055908e+03
-3.549122e+02 -1.806747e+03 -2.229938e+03 -3.153544e+03 -3.557636e+03 -3.507875e+03 -5.109440e+02 1.833733e+03 1.303962e+03 -9.288309e+02 -3.122402e+02 -6.834395e+00 2.841880e+02 -1.534114e+03 3.778068e+01 -2.238446e+03
-3.809002e+02 -2.126131e+03 -2.871417e+03 -3.260591e+03 -3.332053e+03 -3.600032e+03 -5.401453e+02 2.073373e+03 1.565732e+03 -5.052470e+02 -2.360805e+02 -5.568345e+01 4.366194e+02 -1.908923e+03 -7.788684e+00 -1.899651e+03
-1.651341e+01 -2.110644e+03 -2.343034e+03 -3.018687e+03 -3.301543e+03 -3.311634e+03 -5.491807e+02 2.210546e+03 1.427866e+03 -6.368259e+02 -6.313157e+02 2.012345e+02 8.308252e+02 -1.817576e+03 9.708204e+01 -2.488470e+03
-3.482835e+03 -2.802185e+03 -7.319023e+03 -4.755094e+03 -5.194237e+03 -4.943117e+03 7.169394e+02 2.560443e+03 9.415322e+02 -2.104961e+03 1.762518e+03 -9.317072e+02 -4.029499e+03 -3.513396e+03 1.252693e+03 8.668807e+02
-1.563360e+02 -1.813259e+03 -1.914455e+03 -3.046906e+03 -3.152856e+03 -3.376465e+03 -5.138515e+02 1.968053e+03 1.275087e+03 -6.614022e+02 -3.479329e+02 3.877969e+01 6.644599e+02 -1.327994e+03 -2.007279e+01 -2.414029e+03
-2.677125e+02 -2.019746e+03 -2.654931e+03 -2.994651e+03 -3.190368e+03 -3.066551e+03 -1.898317e+02 2.263581e+03 1.015999e+03 -9.476008e+02 -3.480667e+02 1.350890e+02 5.234262e+02 -1.858313e+03 3.015199e+01 -2.027031e+03
7.377262e+01 -1.657062e+03 -1.655787e+03 -2.938957e+03 -3.129119e+03 -3.465063e+03 -5.655183e+02 2.020300e+03 1.382749e+03 -7.020512e+02 -4.379710e+02 8.106590e+01 6.650440e+02 -1.093365e+03 -7.061239e+00 -2.630196e+03
-2.450577e+02 -1.753378e+03 -2.313148e+03 -2.986774e+03 -3.608640e+03 -3.472723e+03 -5.077968e+02 1.902408e+03 1.305861e+03 -9.767589e+02 -2.686664e+02 2.106660e+02 3.069091e+02 -1.549067e+03 1.678494e+02 -2.540224e+03
5.611946e+01 -1.412690e+03 -2.048689e+03 -2.891955e+03 -2.769328e+03 -3.109911e+03 -3.997854e+02 2.057522e+03 1.200326e+03 -7.518755e+02 -4.517936e+02 3.018697e+02 4.580016e+02 -1.574183e+03 -1.675728e+02 -2.133921e+03
-2.694098e+02 -2.011678e+03 -2.746280e+03 -3.043757e+03 -3.384554e+03 -3.245005e+03 -3.438632e+02 2.017261e+03 1.166791e+03 -9.911018e+02 -3.991260e+02 1.106813e+02 3.891459e+02 -1.829978e+03 3.390480e+01 -2.325535e+03
-3.930823e+02 -1.825825e+03 -2.597964e+03 -3.330959e+03 -3.420223e+03 -3.151854e+03 -5.113167e+02 2.308679e+03 1.057105e+03 -1.219133e+03 -3.601824e+02 1.009384e+02 1.120164e+02 -1.996772e+03 3.064339e+02 -2.063764e+03
-3.639097e+01 -1.264954e+03 -1.764653e+03 -3.644425e+03 -2.876517e+03 -3.218194e+03 -2.410657e+02 2.266031e+03 5.745321e+02 -1.054750e+03 -6.658690e+02 3.281817e+02 2.484441e+02 -1.485073e+03 -2.654698e+02 -2.019491e+03
-4.600667e+02 -2.008211e+03 -2.772140e+03 -3.056465e+03 -3.661117e+03 -3.435042e+03 -3.329851e+02 1.835109e+03 1.237232e+03 -9.866215e+02 -2.553159e+02 1.023322e+02 3.418800e+02 -1.716122e+03 2.598359e+01 -2.218092e+03
-3.267265e+02 -1.676609e+03 -2.315854e+03 -3.303451e+03 -3.206289e+03 -3.351144e+03 -4.792389e+02 2.005117e+03 1.133091e+03 -9.254747e+02 -1.951909e+02 -3.102772e+02 5.691838e+02 -1.439764e+03 -6.280200e+00 -1.872690e+03
-7.974305e+02 -1.929072e+03 -3.096273e+03 -3.595421e+03 -3.487681e+03 -3.955018e+03 -4.945468e+02 2.449779e+03 1.578589e+03 -7.573695e+02 2.222301e+02 -1.019131e+02 -4.070136e+02 -1.861116e+03 1.642298e+02 -1.667289e+03
-4.842496e+02 -1.518286e+03 -2.417916e+03 -3.554466e+03 -3.120980e+03 -3.280636e+03 -4.096621e+02 2.422102e+03 8.240437e+02 -8.315290e+02 -1.578640e+02 1.708087e+02 -5.079509e+01 -1.924313e+03 -7.680454e+01 -1.810576e+03
-4.350910e+02 -2.086524e+03 -2.661203e+03 -3.092084e+03 -3.593841e+03 -3.426771e+03 -3.622091e+02 2.075281e+03 1.286592e+03 -1.057629e+03 -2.338251e+02 1.796486e+02 4.057884e+02 -1.826050e+03 5.833072e+01 -2.248809e+03
-7.628933e+02 -1.988942e+03 -3.089422e+03 -3.478360e+03 -3.378671e+03 -3.534288e+03 -3.728233e+02 2.364867e+03 1.291211e+03 -5.167306e+02 -3.281467e+01 3.289635e+01 -7.545381e+01 -2.124908e+03 -6.937962e+00 -1.630592e+03
-4.663758e+02 -1.889152e+03 -2.704903e+03 -3.286830e+03 -3.716599e+03 -3.908290e+03 -4.342986e+02 1.869916e+03 1.398373e+03 -1.018118e+03 -2.446872e+02 -7.738305e+01 1.022830e+02 -1.478208e+03 -5.478121e+01 -2.090595e+03
-4.016748e+02 -2.094077e+03 -2.615894e+03 -3.024621e+03 -3.454819e+03 -3.411370e+03 -4.884893e+02 1.970612e+03 1.415058e+03 -5.963215e+02 -3.830156e+02 -5.763726e+01 4.401235e+02 -1.816773e+03 -2.514782e+00 -2.118531e+03
-4.160322e+02 -2.048501e+03 -2.879747e+03 -3.056710e+03 -3.100259e+03 -3.287323e+03 -2.445189e+02 2.322200e+03 1.187491e+03 -6.014863e+02 -3.976637e+02 2.884161e+02 5.424452e+02 -2.069968e+03 -7.141229e+01 -1.997682e+03
-6.844752e+02 -1.896285e+03 -2.833050e+03 -3.397842e+03 -3.723025e+03 -3.324981e+03 -3.447657e+02 2.232646e+03 1.062002e+03 -1.300762e+03 -2.702159e+02 4.359521e+00 -1.095310e+02 -2.059923e+03 2.558800e+02 -1.818862e+03
-5.894214e+02 -1.914410e+03 -2.641486e+03 -3.222211e+03 -3.660123e+03 -3.469027e+03 -3.789787e+02 1.980357e+03 1.197260e+03 -1.199813e+03 -2.525044e+02 3.941758e+01 1.326166e+02 -1.784085e+03 1.168173e+02 -2.084354e+03
-7.954975e+02 -2.058046e+03 -2.855710e+03 -3.436040e+03 -3.489570e+03 -3.768445e+03 -4.704116e+02 2.248343e+03 1.511403e+03 -5.176216e+02 -1.671465e+02 -4.184369e+02 -2.372515e+01 -1.828366e+03 1.178488e+02 -1.605599e+03
-1.043366e+03 -2.244364e+03 -3.593030e+03 -3.598072e+03 -3.874490e+03 -3.943300e+03 -3.523854e+02 2.256957e+03 1.348389e+03 -9.740906e+02 1.596553e+02 -2.292529e+02 -6.231803e+02 -2.145622e+03 3.139420e+02 -1.489487e+03
-4.822808e+02 -1.915263e+03 -2.686048e+03 -3.510627e+03 -3.766304e+03 -3.543464e+03 -5.423703e+02 2.311243e+03 1.310809e+03 -1.422175e+03 -2.014138e+02 -2.378627e+02 -7.903688e+01 -1.739946e+03 4.877168e+02 -1.984636e+03
-3.939989e+02 -2.073422e+03 -2.691090e+03 -2.956027e+03 -3.368693e+03 -3.190390e+03 -1.804049e+02 2.009865e+03 1.169115e+03 -8.504962e+02 -3.611258e+02 4.627819e+01 5.200328e+02 -1.846284e+03 -5.995682e+01 -2.068055e+03
-7.191328e+02 -1.897785e+03 -2.811855e+03 -3.427864e+03 -3.934217e+03 -3.847410e+03 -3.827383e+02 2.028390e+03 1.286367e+03 -1.246804e+03 -4.195009e+01 -6.110905e+01 -1.033744e+02 -1.636940e+03 1.826961e+02 -2.032242e+03
-4.401649e+02 -1.876114e+03 -2.395363e+03 -3.139420e+03 -3.456376e+03 -3.467076e+03 -3.955301e+02 2.012908e+03 1.259420e+03 -9.490834e+02 -1.915237e+02 1.387544e+02 4.024868e+02 -1.631845e+03 -1.228268e+01 -2.110492e+03
-2.675675e+02 -1.780630e+03 -2.099071e+03 -2.961892e+03 -3.406065e+03 -3.535546e+03 -4.780780e+02 1.692487e+03 1.401731e+03 -6.677515e+02 -2.540874e+02 -2.984375e+01 3.552477e+02 -1.266441e+03 -1.426972e+01 -2.266369e+03
-3.525535e+02 -1.999550e+03 -2.561986e+03 -3.197051e+03 -3.337328e+03 -3.390865e+03 -5.031695e+02 2.003401e+03 1.347670e+03 -7.767834e+02 -2.839814e+02 -3.196951e+00 4.695532e+02 -1.797317e+03 -9.582884e+00 -2.045509e+03
-9.727229e+01 -1.704172e+03 -1.755290e+03 -2.882149e+03 -3.159457e+03 -3.368478e+03 -4.472009e+02 1.675665e+03 1.214225e+03 -6.593434e+02 -4.137165e+02 6.237877e+01 7.241765e+02 -1.159625e+03 -1.318928e+02 -2.334684e+03
-1.185657e+03 -1.975433e+03 -3.487123e+03 -3.802320e+03 -3.782631e+03 -4.414681e+03 -3.581702e+02 2.316317e+03 1.576764e+03 -8.827228e+02 3.065024e+02 -4.370602e+02 -1.004277e+03 -2.049522e+03 2.536946e+02 -1.358649e+03
-3.770976e+02 -1.912739e+03 -2.630867e+03 -3.236522e+03 -3.737313e+03 -3.369838e+03 -5.006514e+02 2.117759e+03 1.297171e+03 -1.278184e+03 -4.072332e+02 -6.593665e+01 2.140173e+02 -1.857203e+03 2.618396e+02 -2.103603e+03
-4.777704e+02 -2.027481e+03 -2.733318e+03 -3.016703e+03 -3.370602e+03 -3.387947e+03 -3.673567e+02 2.088492e+03 1.373010e+03 -8.384243e+02 -2.074168e+02 8.019741e+01 3.399633e+02 -1.931018e+03 6.033069e+01 -1.873171e+03
-4.083440e+02 -1.659495e+03 -2.704619e+03 -3.512080e+03 -3.684151e+03 -4.116704e+03 -3.453886e+02 1.851550e+03 1.355479e+03 -1.156448e+03 -1.650536e+02 -6.438891e+01 6.357952e+00 -1.338539e+03 -9.870850e+01 -2.292404e+03
-8.455545e+01 -2.084235e+03 -2.541768e+03 -2.882869e+03 -3.070413e+03 -3.160047e+03 -3.355905e+02 2.174901e+03 1.209420e+03 -6.360302e+02 -5.279420e+02 1.581737e+02 7.506993e+02 -1.815936e+03 -7.846500e+01 -2.097294e+03
1.514027e+02 -1.917707e+03 -1.887594e+03 -3.058066e+03 -2.912743e+03 -3.251850e+03 -5.979904e+02 2.188056e+03 1.518455e+03 -2.841931e+02 -6.181755e+02 -1.470546e+01 1.130373e+03 -1.385213e+03 -1.350560e+02 -2.200661e+03
-5.553771e+02 -2.055578e+03 -2.976047e+03 -3.063582e+03 -3.713298e+03 -3.481846e+03 -4.759919e+02 1.877518e+03 1.450789e+03 -9.193656e+02 -2.467209e+02 4.588508e+01 1.755677e+02 -1.997868e+03 1.260711e+02 -2.022982e+03
-2.455837e+02 -2.053872e+03 -2.587961e+03 -2.893396e+03 -3.215943e+03 -3.191264e+03 -2.794434e+02 1.943942e+03 1.227309e+03 -7.819775e+02 -5.085749e+02 -1.136240e+01 6.326592e+02 -1.795040e+03 -9.376122e+01 -2.148337e+03
-4.458107e+02 -1.880090e+03 -2.312263e+03 -3.218754e+03 -3.486418e+03 -3.617434e+03 -2.529232e+02 1.743356e+03 1.125867e+03 -9.971091e+02 -2.380598e+02 -3.719520e+01 2.989206e+02 -1.306840e+03 -4.657305e+01 -2.114770e+03
-2.466523e+03 -2.035155e+03 -5.586347e+03 -4.667178e+03 -4.461908e+03 -4.478174e+03 5.481306e+02 2.482451e+03 5.278646e+02 -2.087194e+03 1.011165e+03 -3.327087e+02 -3.031730e+03 -3.028138e+03 6.202298e+02 -3.619880e+01
-2.869506e+02 -2.113329e+03 -2.856746e+03 -2.989735e+03 -3.273576e+03 -3.296094e+03 -2.757265e+02 2.117960e+03 1.157727e+03 -7.562823e+02 -3.884982e+02 1.432849e+02 3.918187e+02 -1.974052e+03 -5.070923e+01 -2.176917e+03
-5.617432e+01 -2.012264e+03 -2.604975e+03 -2.947453e+03 -3.017138e+03 -3.205898e+03 -4.255212e+02 2.103328e+03 1.298722e+03 -4.466736e+02 -5.113357e+02 1.405527e+02 8.047105e+02 -1.857410e+03 -1.767928e+02 -2.127137e+03
-5.629753e+02 -1.935407e+03 -2.455597e+03 -3.126566e+03 -3.455526e+03 -3.685542e+03 -3.896658e+02 1.593397e+03 1.301025e+03 -7.290781e+02 -2.125204e+02 -1.259763e+02 3.443024e+02 -1.470746e+03 -1.725868e+02 -1.983752e+03
-3.504127e+02 -2.155594e+03 -2.587321e+03 -2.976141e+03 -3.255634e+03 -3.212390e+03 -4.474513e+02 2.074797e+03 1.264740e+03 -3.649904e+02 -4.802292e+02 4.996551e+01 6.192553e+02 -1.861143e+03 -8.300200e+01 -2.212514e+03
7.071281e+00 -1.676788e+03 -1.675549e+03 -2.784248e+03 -3.066574e+03 -3.404557e+03 -4.859449e+02 1.810116e+03 1.362843e+03 -5.187363e+02 -4.188205e+02 5.564809e+01 8.242592e+02 -1.088474e+03 -9.899791e+01 -2.464639e+03
-2.366724e+03 -2.361163e+03 -5.474771e+03 -4.263952e+03 -4.724369e+03 -4.536880e+03 2.342463e+02 2.137608e+03 1.124029e+03 -1.946136e+03 9.368253e+02 -7.820302e+02 -2.355992e+03 -2.797701e+03 8.557689e+02 -2.372067e+02
-2.666103e+03 -2.424512e+03 -5.923516e+03 -4.303417e+03 -5.334196e+03 -4.643162e+03 5.049736e+02 1.900123e+03 8.514644e+02 -2.382469e+03 1.058106e+03 -6.077321e+02 -2.888305e+03 -2.948000e+03 9.831904e+02 -3.308004e+02
4.249909e+01 -1.762568e+03 -2.273140e+03 -2.928033e+03 -3.049057e+03 -3.140059e+03 -3.402709e+02 2.050221e+03 1.186723e+03 -7.496546e+02 -3.900878e+02 1.278630e+02 7.651919e+02 -1.497004e+03 -9.793371e+01 -2.185641e+03
-6.791425e+01 -1.777593e+03 -2.440166e+03 -3.071511e+03 -3.336701e+03 -3.336608e+03 -5.319557e+02 2.098228e+03 1.292269e+03 -9.068303e+02 -5.778320e+02 2.250758e+02 4.462108e+02 -1.932229e+03 1.750197e+02 -2.562567e+03
-4.708505e+02 -1.688265e+03 -2.171039e+03 -3.222360e+03 -3.681254e+03 -3.619249e+03 -3.435304e+02 1.952173e+03 1.148138e+03 -1.085206e+03 -2.012375e+02 1.599315e+02 7.134069e+01 -1.386106e+03 1.037297e+02 -2.422413e+03
-2.226681e+02 -1.780770e+03 -1.993282e+03 -3.122414e+03 -3.261341e+03 -3.553399e+03 -5.903100e+02 1.735796e+03 1.359255e+03 -7.248402e+02 -3.961848e+02 -1.726232e+02 6.082752e+02 -1.317194e+03 -1.067572e+02 -2.154665e+03
-4.831316e+02 -2.085444e+03 -2.634198e+03 -3.002367e+03 -3.423586e+03 -3.213405e+03 -3.873466e+02 1.954400e+03 1.226143e+03 -7.335323e+02 -3.378397e+02 1.088788e+02 4.862199e+02 -1.982883e+03 -7.299334e+01 -2.137072e+03
-3.323954e+02 -1.746574e+03 -2.111593e+03 -3.160413e+03 -3.577579e+03 -3.624569e+03 -4.985330e+02 1.838220e+03 1.321055e+03 -8.873400e+02 -2.775652e+02 3.920086e+01 3.465339e+02 -1.382693e+03 4.983386e+01 -2.350437e+03
-8.429499e+02 -2.098155e+03 -2.933708e+03 -3.549605e+03 -3.765477e+03 -4.088084e+03 -6.209175e+02 2.075091e+03 1.630271e+03 -7.493463e+02 -6.420582e+01 -4.577490e+02 -2.520955e+02 -1.806360e+03 1.759799e+02 -1.911220e+03
-1.270254e+02 -1.588411e+03 -1.958588e+03 -2.895298e+03 -3.329804e+03 -3.442127e+03 -2.469863e+02 2.003947e+03 1.226343e+03 -9.471349e+02 -2.520662e+02 2.402459e+02 6.215714e+02 -1.095484e+03 3.460921e+01 -2.542298e+03
-1.039182e+02 -1.975543e+03 -2.139302e+03 -2.976106e+03 -3.183281e+03 -3.271457e+03 -5.951868e+02 1.965335e+03 1.514067e+03 -4.688062e+02 -5.553618e+02 -1.360091e+01 7.849908e+02 -1.599081e+03 -3.890533e+01 -2.152472e+03
-3.554828e+02 -2.067451e+03 -2.565433e+03 -3.180792e+03 -3.759588e+03 -3.659869e+03 -6.366226e+02 1.897804e+03 1.567409e+03 -8.481102e+02 -3.397845e+02 2.001393e+01 3.553238e+02 -1.754302e+03 1.775454e+02 -2.225841e+03
-6.326205e+01 -1.883108e+03 -1.965030e+03 -2.924559e+03 -3.245646e+03 -3.307728e+03 -4.620553e+02 1.997300e+03 1.327026e+03 -6.006498e+02 -3.274627e+02 3.495288e+02 7.779121e+02 -1.300018e+03 -7.388992e+01 -2.657428e+03
-3.551371e+02 -1.939711e+03 -2.231340e+03 -3.073679e+03 -3.558105e+03 -3.457687e+03 -4.981331e+02 1.849427e+03 1.291296e+03 -8.186634e+02 -2.998011e+02 1.545143e+02 4.563767e+02 -1.570973e+03 -2.193728e+01 -2.320516e+03
-2.923200e+02 -1.795608e+03 -2.226382e+03 -3.049918e+03 -3.420052e+03 -3.511868e+03 -5.208108e+02 1.776525e+03 1.279886e+03 -8.969600e+02 -2.358657e+02 -2.949485e+01 4.719753e+02 -1.409582e+03 8.366338e+00 -2.174955e+03
1.196751e+01 -1.583729e+03 -1.599266e+03 -3.042086e+03 -3.087586e+03 -3.529646e+03 -4.152937e+02 1.803101e+03 1.228484e+03 -8.528455e+02 -5.052906e+02 1.060408e+01 6.659392e+02 -9.770483e+02 -1.910727e+02 -2.482203e+03
-1.003354e+03 -2.085323e+03 -3.052810e+03 -3.468146e+03 -3.631010e+03 -3.721419e+03 -4.366703e+02 2.085055e+03 1.313207e+03 -7.981740e+02 -8.340627e+01 -3.025094e+02 -2.574029e+02 -2.009529e+03 1.335388e+02 -1.492054e+03
-1.757025e+02 -1.997251e+03 -2.386945e+03 -2.949546e+03 -3.225497e+03 -3.317509e+03 -5.010198e+02 2.083894e+03 1.352602e+03 -5.465937e+02 -4.157074e+02 1.967460e+02 7.007323e+02 -1.746189e+03 -1.109327e+02 -2.348826e+03
-3.049266e+02 -1.783558e+03 -2.374493e+03 -3.070466e+03 -3.621955e+03 -3.425450e+03 -5.188561e+02 1.921392e+03 1.299101e+03 -1.098492e+03 -2.735552e+02 1.694389e+02 2.368824e+02 -1.617049e+03 2.403634e+02 -2.485479e+03
-2.460662e+02 -1.948870e+03 -2.372129e+03 -2.887376e+03 -3.304882e+03 -3.362652e+03 -4.069652e+02 1.882761e+03 1.402233e+03 -8.229205e+02 -2.568168e+02 -7.845729e+01 6.577259e+02 -1.482099e+03 1.391891e+01 -1.886807e+03
-1.072426e+02 -1.721653e+03 -1.855381e+03 -2.974985e+03 -3.239384e+03 -3.300868e+03 -4.856384e+02 1.863141e+03 1.217984e+03 -6.351489e+02 -3.159016e+02 6.642711e+01 7.063323e+02 -1.367790e+03 -2.804081e+01 -2.259698e+03
-1.380787e+02 -2.141587e+03 -2.662986e+03 -3.007509e+03 -3.307677e+03 -3.293196e+03 -3.817240e+02 2.188077e+03 1.305535e+03 -7.967554e+02 -5.385634e+02 1.347788e+02 6.911419e+02 -1.878468e+03 2.091930e+00 -2.327530e+03
-3.960334e+02 -1.849986e+03 -2.105396e+03 -3.199185e+03 -3.302977e+03 -3.682228e+03 -4.838900e+02 1.595349e+03 1.265630e+03 -7.748001e+02 -3.107683e+02 -2.434062e+02 4.609472e+02 -1.304425e+03 -1.724995e+02 -2.082988e+03
-1.848499e+02 -1.731852e+03 -2.145469e+03 -3.078912e+03 -3.437271e+03 -3.577049e+03 -3.198252e+02 1.888660e+03 1.222214e+03 -1.008243e+03 -3.139208e+02 1.749048e+02 5.534495e+02 -1.226722e+03 -9.082698e+01 -2.394744e+03
-2.466318e+02 -1.951279e+03 -2.475653e+03 -2.926221e+03 -3.498187e+03 -3.518064e+03 -5.112698e+02 1.789557e+03 1.447010e+03 -7.246840e+02 -3.545656e+02 1.145828e+02 5.015452e+02 -1.581533e+03 -2.595107e+01 -2.444269e+03
-4.181372e+02 -1.913990e+03 -3.094741e+03 -3.260226e+03 -3.759132e+03 -3.488223e+03 -4.036081e+02 2.041003e+03 1.362784e+03 -1.287499e+03 -2.677536e+02 1.717742e+02 1.261069e+02 -1.990878e+03 2.641437e+02 -2.085099e+03
-2.752433e+02 -1.744603e+03 -2.098884e+03 -3.180681e+03 -3.317073e+03 -3.717541e+03 -3.713613e+02 1.724308e+03 1.304046e+03 -9.432273e+02 -3.540891e+02 -1.281541e+02 4.815213e+02 -1.313587e+03 -1.953267e+02 -2.171457e+03
-2.115639e+01 -1.931218e+03 -2.314563e+03 -3.058697e+03 -3.208731e+03 -3.217252e+03 -5.377684e+02 2.169761e+03 1.297786e+03 -7.521663e+02 -6.473205e+02 1.198252e+02 6.796988e+02 -1.830447e+03 1.502867e+02 -2.438089e+03
-1.293570e+02 -1.693574e+03 -1.885126e+03 -3.147183e+03 -3.234969e+03 -3.788782e+03 -4.528063e+02 1.614900e+03 1.335697e+03 -6.984385e+02 -4.058534e+02 -7.491539e+01 5.715339e+02 -1.111289e+03 -3.322511e+02 -2.399262e+03
-4.084256e+02 -1.965136e+03 -2.466329e+03 -3.481783e+03 -3.653837e+03 -3.802568e+03 -5.481503e+02 2.040862e+03 1.419321e+03 -1.042186e+03 -1.914630e+02 -6.846152e+01 4.053612e+02 -1.396279e+03 -4.898467e+01 -2.245648e+03
-1.041390e+03 -2.062091e+03 -3.109351e+03 -3.759532e+03 -3.787605e+03 -4.320065e+03 -5.201864e+02 2.207618e+03 1.540105e+03 -8.863353e+02 2.162678e+02 -4.093716e+02 -2.425642e+02 -1.673019e+03 1.420266e+02 -1.827424e+03
-7.045615e+02 -2.288477e+03 -3.264787e+03 -3.304073e+03 -3.504700e+03 -3.469314e+03 -2.860704e+02 2.384776e+03 1.299577e+03 -7.084082e+02 -2.908715e+02 1.423260e+02 8.850229e+01 -2.262924e+03 5.257522e+01 -1.822322e+03
-3.248253e+02 -1.940953e+03 -2.420800e+03 -3.053516e+03 -3.391399e+03 -3.310194e+03 -5.221173e+02 2.004473e+03 1.309174e+03 -8.060585e+02 -3.784141e+02 2.169091e+02 5.241938e+02 -1.778008e+03 -3.763417e+01 -2.412933e+03
-1.290858e+02 -1.864646e+03 -2.553542e+03 -3.198251e+03 -3.485708e+03 -3.312612e+03 -4.362254e+02 2.133456e+03 1.305581e+03 -1.188177e+03 -5.612342e+02 7.658198e+01 4.603028e+02 -1.936487e+03 3.583705e+02 -2.363583e+03
-5.074295e+02 -1.997380e+03 -2.579509e+03 -3.153025e+03 -3.650028e+03 -3.547080e+03 -3.402452e+02 1.860328e+03 1.206096e+03 -1.103012e+03 -1.650465e+02 -1.729804e+01 2.478969e+02 -1.582125e+03 4.785669e+01 -1.957412e+03
-3.509598e+02 -1.925258e+03 -2.373174e+03 -3.125210e+03 -3.525035e+03 -3.580585e+03 -5.920490e+02 2.001480e+03 1.458569e+03 -7.133071e+02 -3.347917e+02 1.462473e+02 3.643863e+02 -1.654007e+03 3.830236e+01 -2.338632e+03
-5.984436e+02 -1.983751e+03 -2.899415e+03 -3.182750e+03 -3.747896e+03 -3.394822e+03 -3.824163e+02 1.906887e+03 1.229558e+03 -1.131303e+03 -2.877122e+02 2.158402e+02 9.516433e+01 -2.049016e+03 9.865665e+01 -2.181316e+03
-1.704201e+02 -1.865398e+03 -2.554448e+03 -3.159240e+03 -3.440377e+03 -3.141629e+03 -3.381632e+02 2.143685e+03 1.162063e+03 -1.258733e+03 -5.273671e+02 1.557534e+02 4.454443e+02 -1.921263e+03 3.050229e+02 -2.320957e+03
-4.677329e+02 -1.922000e+03 -2.336068e+03 -3.141586e+03 -3.516138e+03 -3.712644e+03 -5.286618e+02 1.791821e+03 1.390561e+03 -7.102785e+02 -2.460985e+02 -1.768975e+01 3.422092e+02 -1.474789e+03 -7.263876e+01 -2.197656e+03
-3.566029e+02 -1.895514e+03 -2.542995e+03 -2.963951e+03 -3.457062e+03 -3.246246e+03 -4.887299e+02 2.014923e+03 1.372606e+03 -9.396241e+02 -3.282614e+02 1.374025e+02 4.072778e+02 -1.819806e+03 1.970113e+02 -2.135908e+03
-7.954033e+01 -1.897214e+03 -1.805329e+03 -3.229204e+03 -3.131174e+03 -3.726097e+03 -4.511133e+02 1.492496e+03 1.249040e+03 -7.925533e+02 -5.882385e+02 -2.695871e+02 6.761836e+02 -1.089858e+03 -4.268092e+02 -2.110871e+03
-1.138534e+03 -2.041238e+03 -3.229775e+03 -3.415107e+03 -4.047392e+03 -3.679838e+03 -2.466701e+02 1.964815e+03 1.166118e+03 -1.231876e+03 -1.500556e+02 -1.395834e+02 -4.233791e+02 -2.057379e+03 1.972941e+02 -1.660995e+03
-8.863929e+02 -2.191965e+03 -3.421535e+03 -3.613510e+03 -3.724276e+03 -3.986888e+03 -3.390055e+02 2.320195e+03 1.475692e+03 -1.004125e+03 1.573652e+02 -2.804920e+02 -5.004942e+02 -2.150853e+03 3.073280e+02 -1.414628e+03
-1.793901e+02 -1.998458e+03 -2.872466e+03 -3.161420e+03 -3.413576e+03 -3.347980e+03 -3.444454e+02 2.193673e+03 1.224529e+03 -1.088155e+03 -5.467141e+02 1.362591e+02 4.705094e+02 -1.949671e+03 2.205572e+02 -2.305491e+03
-1.031260e+03 -2.158762e+03 -3.360414e+03 -3.631386e+03 -3.827612e+03 -3.622096e+03 -3.498070e+02 2.314686e+03 1.152690e+03 -1.199987e+03 5.748120e+00 -1.270075e+02 -6.143542e+02 -2.230905e+03 3.545479e+02 -1.539171e+03
-9.153956e+02 -1.909635e+03 -3.184158e+03 -3.671399e+03 -4.267038e+03 -3.865285e+03 -4.643609e+02 2.203137e+03 1.360401e+03 -1.581905e+03 1.124952e+02 -5.140141e+01 -5.079598e+02 -1.929033e+03 4.555182e+02 -1.964525e+03
-4.438676e+02 -1.961972e+03 -2.525323e+03 -3.101950e+03 -3.361355e+03 -3.313727e+03 -3.540129e+02 2.035882e+03 1.145235e+03 -8.712474e+02 -3.503354e+02 -7.301718e+01 4.113825e+02 -1.741899e+03 -6.901747e+00 -1.962226e+03
-6.462857e+02 -2.230663e+03 -2.743831e+03 -3.449362e+03 -3.503532e+03 -3.342496e+03 -4.805598e+02 2.311615e+03 1.262311e+03 -6.752372e+02 -2.997484e+02 -1.967153e+02 1.941436e+02 -1.919138e+03 1.225908e+02 -1.799300e+03
-4.164936e+02 -1.863549e+03 -2.368601e+03 -3.074773e+03 -3.773937e+03 -3.592299e+03 -4.446490e+02 1.887210e+03 1.316822e+03 -1.094657e+03 -2.472387e+02 2.078252e+02 3.693809e+02 -1.467910e+03 7.767542e+01 -2.429240e+03
