-2.846050e+03 2.271318e+03
-2.050587e+03 2.289924e+03
-1.806087e+03 1.837902e+03
-2.190193e+03 2.110701e+03
-2.309701e+03 2.116026e+03
-1.759704e+03 2.564564e+03
-2.715329e+03 1.922460e+03
-2.559337e+03 2.047412e+03
-2.787639e+03 1.889645e+03
-2.348807e+03 1.966912e+03
-3.951267e+03 2.888787e+03
-3.537010e+03 2.135489e+03
-2.482501e+03 1.587346e+03
-2.598981e+03 1.205191e+03
-4.285321e+03 2.921195e+03
-3.228994e+03 2.159625e+03
-4.081720e+03 2.938128e+03
-3.904492e+03 3.034863e+03
-3.697187e+03 2.502611e+03
-3.395257e+03 2.312444e+03
-3.163299e+03 2.704291e+03
-3.219658e+03 1.395940e+03
-4.297889e+03 2.715636e+03
-2.773036e+03 1.136783e+03
-2.885669e+03 2.392386e+03
-1.596248e+03 1.259483e+03
-3.234549e+03 1.141868e+03
-4.230420e+03 3.183649e+03
-4.201062e+03 3.198298e+03
-2.503821e+03 1.547215e+03
-1.869432e+03 2.148297e+03
-3.248391e+03 2.129760e+03
-3.709284e+03 2.214295e+03
-3.437529e+03 1.882088e+03
-3.971904e+03 2.520828e+03
-4.258278e+03 3.097722e+03
-3.124906e+03 2.514557e+03
-3.493645e+03 2.065435e+03
-3.181569e+03 2.322462e+03
-2.433825e+03 2.473634e+03
-3.013459e+03 2.324586e+03
-4.235210e+03 2.711554e+03
-3.441607e+03 2.659536e+03
-2.712846e+03 2.548488e+03
-2.716546e+03 2.138977e+03
-4.557513e+03 3.577881e+03
-3.067217e+03 1.854137e+03
-3.512192e+03 2.886036e+03
-3.639811e+03 2.322084e+03
-4.057047e+03 2.477463e+03
-4.144409e+03 2.514209e+03
-2.671548e+03 2.542922e+03
-2.991433e+03 1.722419e+03
-4.188654e+03 3.146469e+03
-2.977687e+03 1.533235e+03
-2.822699e+03 1.966952e+03
-2.992287e+03 1.734869e+03
-2.344946e+03 2.598373e+03
-3.990525e+03 2.858191e+03
-2.569585e+03 2.405272e+03
-3.255511e+03 2.854743e+03
-4.181750e+03 2.705788e+03
-3.843096e+03 2.765312e+03
-1.977151e+03 2.434800e+03
-3.414237e+03 2.415952e+03
-3.441092e+03 2.478357e+03
-4.107301e+03 3.705726e+03
-4.237544e+03 2.542612e+03
-4.046959e+03 2.789377e+03
-2.549422e+03 2.224496e+03
-2.246000e+03 1.913982e+03
-3.499197e+03 2.497058e+03
-3.625292e+03 2.463660e+03
-2.326896e+03 2.436299e+03
-2.046651e+03 2.663994e+03
-2.366451e+03 2.470984e+03
-3.081972e+03 2.451643e+03
-2.376427e+03 2.291325e+03
-4.234318e+03 3.060703e+03
-2.899381e+03 1.936257e+03
-2.028990e+03 2.207237e+03
-3.512192e+03 2.886036e+03
-2.366451e+03 2.470984e+03
-3.081783e+03 2.138944e+03
-3.256666e+03 2.827042e+03
-4.155568e+03 2.884494e+03
-3.951360e+03 2.811704e+03
-3.025362e+03 2.288710e+03
-3.248262e+03 2.515014e+03
-3.916847e+03 2.861425e+03
-3.290743e+03 2.996760e+03
-1.660242e+03 2.349626e+03
-3.352431e+03 2.701702e+03
-2.515798e+03 1.992151e+03
-3.838818e+03 2.561663e+03
-3.969774e+03 2.669256e+03
-3.573715e+03 2.570840e+03
-2.240362e+03 1.523554e+03
-3.866301e+03 2.225924e+03
-2.461819e+03 2.529442e+03
-4.237546e+03 2.581786e+03
-3.975361e+03 2.789624e+03
-3.543480e+03 2.317908e+03
-4.704062e+03 3.728321e+03
-4.155624e+03 2.827468e+03
-3.255450e+03 2.175756e+03
-4.199553e+03 3.559128e+03
-4.054075e+03 3.710275e+03
-2.374019e+03 2.457227e+03
-2.253032e+03 1.696021e+03
-3.423476e+03 2.096110e+03
-2.445230e+03 2.182505e+03
-3.759284e+03 2.285158e+03
-3.747986e+03 2.769530e+03
-3.191923e+03 2.133262e+03
-3.830515e+03 2.838284e+03
-3.984584e+03 3.168060e+03
-3.918651e+03 3.471767e+03
-2.601823e+03 1.897042e+03
-3.737587e+03 3.223859e+03
-3.947232e+03 2.869016e+03
-3.703140e+03 2.678980e+03
-4.289639e+03 2.671698e+03
-3.496371e+03 2.425569e+03
-4.218840e+03 2.942106e+03
-3.036823e+03 2.869494e+03
-1.753478e+03 2.592190e+03
-3.166505e+03 1.596574e+03
-3.428190e+03 2.850170e+03
-3.339405e+03 2.740830e+03
-1.727885e+03 1.768424e+03
-3.717630e+03 2.152394e+03
-2.995100e+03 2.695749e+03
-2.659290e+03 1.484893e+03
-1.548905e+03 2.414085e+03
-2.908506e+03 2.580665e+03
-3.702255e+03 2.451226e+03
-3.260768e+03 2.512394e+03
-3.074561e+03 2.249790e+03
-3.948823e+03 3.225103e+03
-2.915828e+03 2.021904e+03
-2.610342e+03 1.808720e+03
-3.282783e+03 2.452464e+03
-3.544249e+03 2.686897e+03
-3.686390e+03 1.886800e+03
-2.254176e+03 2.370535e+03
-2.265452e+03 2.165553e+03
-3.405155e+03 2.035434e+03
-4.111180e+03 3.634590e+03
-2.590579e+03 1.390789e+03
-2.652531e+03 2.072887e+03
-3.938070e+03 2.953851e+03
-3.057565e+03 2.744978e+03
-3.572978e+03 2.560904e+03
-3.897199e+03 3.248977e+03
-4.005438e+03 2.930958e+03
-3.803248e+03 2.639828e+03
-3.174164e+03 2.191793e+03
-3.500340e+03 2.099157e+03
-2.452942e+03 1.921144e+03
-3.928426e+03 2.380240e+03
-2.428622e+03 1.338839e+03
-2.218305e+03 1.594508e+03
-3.195408e+03 2.502549e+03
-2.853196e+03 1.758445e+03
-4.116479e+03 2.560740e+03
-3.937306e+03 2.397775e+03
-3.451866e+03 2.826789e+03
-3.841198e+03 2.201100e+03
-2.638515e+03 2.611537e+03
-3.386327e+03 2.023579e+03
-2.948908e+03 2.137664e+03
-3.252607e+03 2.418235e+03
-3.426099e+03 2.532888e+03
-4.131525e+03 3.000813e+03
-3.386539e+03 2.046096e+03
-2.710340e+03 2.395133e+03
-4.630371e+03 3.576040e+03
-3.114136e+03 2.511516e+03
-4.201428e+03 3.267367e+03
-4.061495e+03 3.232200e+03
-2.264092e+03 2.009880e+03
-3.296614e+03 2.219399e+03
-3.467445e+03 2.666557e+03
-2.524480e+03 2.399728e+03
-2.948404e+03 2.753931e+03
-3.584562e+03 2.198459e+03
-2.649096e+03 2.037760e+03
-2.068115e+03 2.327396e+03
-2.636259e+03 2.509392e+03
-2.283945e+03 2.754941e+03
-2.935968e+03 2.138036e+03
-3.574851e+03 2.700624e+03
-4.044829e+03 3.079854e+03
-2.888455e+03 1.503055e+03
-4.074997e+03 2.937946e+03
-3.260755e+03 2.396601e+03
-2.969023e+03 2.538541e+03
-3.980841e+03 2.809248e+03
-3.270645e+03 2.583185e+03
-1.509121e+03 2.451483e+03
-2.608158e+03 1.342038e+03
-4.349803e+03 2.863783e+03
-3.026335e+03 1.684918e+03
-3.910969e+03 2.910819e+03
-3.741604e+03 3.020942e+03
-1.981342e+03 2.565158e+03
-3.389430e+03 1.825670e+03
-3.738659e+03 3.296234e+03
-3.011331e+03 2.259754e+03
-3.044414e+03 2.329334e+03
-2.646413e+03 2.274467e+03
-1.571025e+03 1.566842e+03
-2.583046e+03 2.204611e+03
-2.241529e+03 2.437995e+03
-3.692935e+03 3.572564e+03
-3.660292e+03 3.136092e+03
-1.449056e+03 2.214242e+03
-2.485644e+03 2.043493e+03
-1.962404e+03 1.583235e+03
-2.828897e+03 2.235479e+03
-2.771904e+03 2.150241e+03
-2.854784e+03 2.319951e+03
-2.887605e+03 2.362579e+03
-2.819026e+03 2.287963e+03
-2.038638e+03 2.075279e+03
-1.529366e+03 1.651665e+03
-2.376190e+03 2.309330e+03
-1.862014e+03 1.756463e+03
-1.847123e+03 1.950486e+03
-2.762264e+03 2.588532e+03
-2.894520e+03 2.138248e+03
-2.573850e+03 2.249916e+03
-2.191656e+03 2.020888e+03
-2.396303e+03 2.329687e+03
-1.709960e+03 1.519872e+03
-1.630294e+03 2.787474e+03
-2.937474e+03 2.107514e+03
-3.323731e+03 2.594941e+03
-2.314138e+03 2.022163e+03
-1.623348e+03 1.856943e+03
-2.909136e+03 2.553370e+03
-1.438600e+03 1.468491e+03
-2.667319e+03 1.899879e+03
-1.995863e+03 1.974447e+03
-1.987521e+03 2.052132e+03
-2.309280e+03 1.919160e+03
-3.868947e+03 3.032354e+03
-1.862113e+03 1.210101e+03
-2.057130e+03 1.867799e+03
-3.012303e+03 2.293326e+03
-2.823706e+03 2.322763e+03
-2.050299e+03 2.094808e+03
-2.846197e+03 2.397565e+03
-2.222326e+03 2.035217e+03
-3.093624e+03 2.182226e+03
-2.714041e+03 1.678542e+03
-3.010804e+03 2.492357e+03
-2.063403e+03 1.860028e+03
-1.394223e+03 1.724922e+03
-2.758432e+03 2.525406e+03
-2.162300e+03 1.903336e+03
-2.219585e+03 1.458207e+03
-3.026638e+03 2.406573e+03
-2.513984e+03 2.091636e+03
-3.678841e+03 2.947280e+03
-1.388961e+03 2.048242e+03
-3.226377e+03 2.734633e+03
-2.366646e+03 2.167674e+03
-2.624400e+03 2.439326e+03
-1.790349e+03 1.755556e+03
-3.236637e+03 2.911358e+03
-2.121317e+03 1.926959e+03
-3.205214e+03 2.709866e+03
-1.890663e+03 1.546091e+03
-2.801150e+03 2.196662e+03
-2.809000e+03 2.726738e+03
-2.043138e+03 1.771897e+03
-1.886978e+03 1.803148e+03
-2.859276e+03 2.015842e+03
-1.888885e+03 1.434878e+03
-1.888019e+03 2.041178e+03
-2.157836e+03 1.481424e+03
-3.021914e+03 2.662293e+03
-1.827722e+03 2.191589e+03
-2.845562e+03 2.298631e+03
-1.666522e+03 1.822478e+03
-2.101175e+03 2.063034e+03
-2.945384e+03 2.353853e+03
-1.791295e+03 1.873554e+03
-2.239075e+03 1.956139e+03
-2.232132e+03 2.132183e+03
-2.529970e+03 2.482701e+03
-2.030363e+03 2.061953e+03
-3.672617e+03 3.696279e+03
-1.688307e+03 1.354713e+03
-1.455635e+03 1.371481e+03
-2.226604e+03 1.712367e+03
-3.032893e+03 2.779210e+03
-2.783750e+03 2.093182e+03
-2.327605e+03 1.964845e+03
-2.491241e+03 2.201718e+03
-3.041085e+03 2.527930e+03
-2.286680e+03 2.071276e+03
-2.713771e+03 2.206647e+03
-2.445802e+03 1.936216e+03
-1.867824e+03 1.710779e+03
-3.053259e+03 2.293996e+03
-2.901158e+03 2.408482e+03
-2.157030e+03 1.904177e+03
-2.169773e+03 2.337069e+03
-2.651725e+03 2.207395e+03
-2.621540e+03 2.127878e+03
-3.312902e+03 2.754066e+03
-2.629346e+03 2.151863e+03
-2.151564e+03 1.900183e+03
-1.833801e+03 2.070392e+03
-8.863619e+02 1.785868e+03
-2.651296e+03 2.226811e+03
-2.156218e+03 1.970647e+03
-2.749904e+03 2.311943e+03
-2.750364e+03 2.297852e+03
-2.325723e+03 2.010576e+03
-2.000568e+03 2.140318e+03
-1.638356e+03 1.864528e+03
-2.974832e+03 2.428875e+03
-2.759607e+03 2.058298e+03
-2.343785e+03 2.382677e+03
-2.304003e+03 1.318432e+03
-2.412976e+03 1.532674e+03
-2.614816e+03 1.957767e+03
-2.173134e+03 1.187251e+03
-3.513952e+03 2.389184e+03
-2.102713e+03 1.983752e+03
-1.745776e+03 1.732005e+03
-1.810054e+03 1.925832e+03
-2.424100e+03 1.927783e+03
-1.646082e+03 1.551369e+03
-2.035695e+03 1.400165e+03
-2.067113e+03 2.026721e+03
-2.760125e+03 1.988617e+03
-3.051371e+03 2.060828e+03
-3.123736e+03 1.885213e+03
-2.813015e+03 2.461245e+03
-2.427135e+03 1.964585e+03
-3.079083e+03 2.787069e+03
-2.233205e+03 1.056438e+03
-2.171713e+03 2.133996e+03
-2.418068e+03 1.511216e+03
-3.071816e+03 2.578946e+03
-2.233549e+03 2.014294e+03
-2.072090e+03 2.127285e+03
-1.824216e+03 1.962261e+03
-2.379768e+03 1.901789e+03
-3.279175e+03 2.536021e+03
-1.690100e+03 1.721082e+03
-1.972253e+03 2.097581e+03
-1.950706e+03 2.204680e+03
-3.085696e+03 2.450993e+03
-1.884518e+03 2.047298e+03
-2.778620e+03 2.669170e+03
-1.529320e+03 1.795332e+03
-1.536032e+03 2.497679e+03
-2.827204e+03 2.133918e+03
-1.535696e+03 2.480145e+03
-3.176946e+03 2.364664e+03
-2.887454e+03 2.547744e+03
-2.353076e+03 1.905450e+03
-2.837228e+03 2.494208e+03
-2.076684e+03 1.397146e+03
-3.389221e+03 2.722402e+03
-2.232690e+03 1.922027e+03
-2.190148e+03 2.098756e+03
-2.582261e+03 2.409144e+03
-2.958305e+03 2.051242e+03
-2.826538e+03 2.475540e+03
-3.652520e+03 2.886711e+03
-2.029053e+03 1.589010e+03
-2.249582e+03 1.853937e+03
-2.550556e+03 2.408195e+03
-2.878022e+03 2.122306e+03
-3.060047e+03 2.411599e+03
-2.052827e+03 2.084419e+03
-3.324127e+03 2.607598e+03
-3.431328e+03 2.741797e+03
-2.354850e+03 2.096536e+03
-1.878252e+03 2.089194e+03
-3.624881e+03 2.648505e+03
-1.600011e+03 2.188344e+03
-3.635189e+03 3.045593e+03
-3.042081e+03 2.285476e+03
-2.347408e+03 1.913173e+03
-1.641346e+03 1.613027e+03
-2.236140e+03 1.970375e+03
-1.680880e+03 2.588931e+03
-3.201341e+03 2.312762e+03
-2.322117e+03 2.008496e+03
-1.882962e+03 1.991686e+03
-1.885015e+03 2.343772e+03
-2.574727e+03 2.485738e+03
-1.887766e+03 2.007313e+03
-4.175205e+03 3.300806e+03
-2.095554e+03 1.799773e+03
-2.240509e+03 1.153547e+03
-1.611207e+03 2.248944e+03
-1.821702e+03 1.560019e+03
-1.844923e+03 1.936736e+03
-2.772215e+03 2.081529e+03
-1.835333e+03 1.763759e+03
-3.041085e+03 2.527930e+03
