-5.955874e+03 3.681273e+03 2.236412e+03 -6.137768e+03
-6.205427e+03 3.787423e+03 1.896078e+03 -5.422154e+03
-6.115580e+03 3.599426e+03 1.741998e+03 -5.230573e+03
-6.285779e+03 3.791577e+03 1.813250e+03 -5.825391e+03
-6.048052e+03 3.952245e+03 1.823709e+03 -5.912571e+03
-6.375434e+03 4.504845e+03 1.935725e+03 -5.453768e+03
-6.034036e+03 4.186857e+03 2.065002e+03 -6.052498e+03
-6.027650e+03 3.932987e+03 2.200758e+03 -6.216665e+03
-6.041491e+03 4.206519e+03 2.094946e+03 -6.143345e+03
-6.263947e+03 4.500114e+03 1.562353e+03 -5.553274e+03
-6.134586e+03 7.970913e+03 1.955066e+03 -6.956352e+03
-6.261505e+03 7.236716e+03 1.916923e+03 -6.210156e+03
-6.714476e+03 8.709522e+03 2.855713e+03 -5.969701e+03
-7.526313e+03 9.603543e+03 2.719360e+03 -5.955097e+03
-5.718368e+03 6.974791e+03 1.942180e+03 -6.494114e+03
-5.657128e+03 5.738610e+03 2.271402e+03 -6.282429e+03
-6.181816e+03 7.607096e+03 1.635433e+03 -7.026126e+03
-6.255890e+03 6.492927e+03 1.559579e+03 -6.694755e+03
-5.722170e+03 5.966314e+03 1.950197e+03 -6.050939e+03
-5.469045e+03 6.422448e+03 1.865527e+03 -6.401571e+03
-6.136067e+03 7.288429e+03 1.792316e+03 -6.190070e+03
-6.850593e+03 8.489702e+03 1.970506e+03 -6.004182e+03
-5.884720e+03 6.486468e+03 1.760188e+03 -6.733289e+03
-7.338163e+03 1.071100e+04 3.076124e+03 -5.786489e+03
-6.269685e+03 6.079008e+03 1.609334e+03 -5.786659e+03
-7.234850e+03 1.035340e+04 3.183728e+03 -5.917057e+03
-7.121760e+03 1.017882e+04 2.938886e+03 -5.910240e+03
-6.044448e+03 7.322808e+03 1.518072e+03 -6.779113e+03
-5.920393e+03 6.598134e+03 1.501266e+03 -7.106440e+03
-6.873434e+03 7.871735e+03 2.180071e+03 -6.093797e+03
-7.083172e+03 7.804442e+03 1.637982e+03 -5.547169e+03
-6.078920e+03 6.882133e+03 1.792988e+03 -6.014569e+03
-5.524044e+03 7.122010e+03 1.695593e+03 -5.663525e+03
-6.728033e+03 9.942050e+03 2.543841e+03 -7.122499e+03
-6.103652e+03 6.783286e+03 1.534893e+03 -6.465866e+03
-6.386859e+03 7.379032e+03 1.305338e+03 -6.620503e+03
-6.188424e+03 5.963495e+03 1.431882e+03 -5.863913e+03
-6.327000e+03 6.929418e+03 1.873712e+03 -6.192289e+03
-6.195992e+03 6.827130e+03 1.743275e+03 -6.171556e+03
-5.753521e+03 4.995070e+03 1.784272e+03 -5.658572e+03
-6.293278e+03 7.378430e+03 1.692083e+03 -5.940488e+03
-5.664266e+03 6.063575e+03 1.939556e+03 -6.503632e+03
-6.134204e+03 5.795227e+03 1.300197e+03 -5.943560e+03
-6.226650e+03 6.484046e+03 1.662556e+03 -5.369550e+03
-6.950698e+03 7.781089e+03 1.438961e+03 -5.708702e+03
-6.065367e+03 7.489196e+03 1.672449e+03 -7.429256e+03
-6.663809e+03 8.886742e+03 2.625203e+03 -6.635606e+03
-6.568256e+03 7.540935e+03 1.231957e+03 -6.349893e+03
-6.488236e+03 6.501579e+03 1.354931e+03 -6.245411e+03
-6.380895e+03 7.939296e+03 1.633058e+03 -7.167380e+03
-6.494989e+03 1.010705e+04 2.637556e+03 -7.565380e+03
-6.234341e+03 6.026875e+03 1.568159e+03 -5.506653e+03
-7.001944e+03 7.921614e+03 1.947720e+03 -6.476625e+03
-6.034921e+03 8.471331e+03 1.792501e+03 -7.284006e+03
-7.160523e+03 9.503737e+03 2.517145e+03 -5.743718e+03
-6.806861e+03 7.954254e+03 1.918338e+03 -5.770206e+03
-6.695087e+03 8.547780e+03 2.478312e+03 -6.424079e+03
-6.128320e+03 4.689815e+03 1.576781e+03 -5.749093e+03
-5.902496e+03 6.577733e+03 1.403367e+03 -6.375156e+03
-6.511517e+03 6.082940e+03 1.460524e+03 -5.591237e+03
-6.349651e+03 5.493837e+03 1.337376e+03 -5.663504e+03
-6.503473e+03 7.944427e+03 1.754119e+03 -7.176748e+03
-5.801402e+03 6.825624e+03 1.778166e+03 -6.271758e+03
-6.500485e+03 6.117138e+03 1.628083e+03 -5.358389e+03
-5.958846e+03 5.912739e+03 1.781830e+03 -6.219890e+03
-6.366994e+03 7.135091e+03 1.732139e+03 -5.941885e+03
-6.431535e+03 8.308427e+03 1.531314e+03 -7.637812e+03
-6.529375e+03 9.896468e+03 2.398624e+03 -7.665205e+03
-6.031766e+03 6.453854e+03 1.621432e+03 -6.573453e+03
-6.458442e+03 7.126970e+03 1.727546e+03 -5.734448e+03
-6.511451e+03 7.988510e+03 2.091893e+03 -6.224498e+03
-6.066209e+03 6.838963e+03 1.608883e+03 -6.300087e+03
-5.817420e+03 5.793683e+03 1.831528e+03 -5.817837e+03
-6.521599e+03 6.186696e+03 1.733517e+03 -5.211149e+03
-7.383110e+03 9.743853e+03 1.896414e+03 -6.089062e+03
-6.098289e+03 6.406868e+03 2.124857e+03 -5.645453e+03
-6.585611e+03 6.860032e+03 1.355592e+03 -5.902280e+03
-6.321225e+03 6.279516e+03 1.683985e+03 -5.735646e+03
-5.739218e+03 6.221197e+03 1.497314e+03 -6.471667e+03
-6.656483e+03 8.299702e+03 1.850263e+03 -6.328467e+03
-6.695019e+03 7.643508e+03 1.663083e+03 -5.526052e+03
-6.568256e+03 7.540935e+03 1.231957e+03 -6.349893e+03
-6.098289e+03 6.406868e+03 2.124857e+03 -5.645453e+03
-6.242605e+03 7.700275e+03 2.311090e+03 -6.439385e+03
-6.718954e+03 7.199912e+03 1.493119e+03 -6.085609e+03
-5.887092e+03 7.288313e+03 1.727119e+03 -6.814670e+03
-6.179197e+03 7.061387e+03 1.512432e+03 -6.708146e+03
-6.264714e+03 6.231279e+03 1.777885e+03 -5.863881e+03
-5.790477e+03 5.926306e+03 1.503659e+03 -5.693515e+03
-6.301678e+03 7.701879e+03 1.532447e+03 -6.458133e+03
-6.163307e+03 6.540734e+03 1.419320e+03 -5.985937e+03
-6.505451e+03 5.343706e+03 1.475929e+03 -4.834183e+03
-5.996178e+03 7.025945e+03 2.015291e+03 -6.202138e+03
-6.266518e+03 7.044698e+03 1.958763e+03 -5.711365e+03
-6.351386e+03 7.936814e+03 1.935005e+03 -7.119081e+03
-5.759641e+03 6.514744e+03 1.695774e+03 -5.844980e+03
-5.968135e+03 6.203509e+03 1.579766e+03 -6.138529e+03
-6.945302e+03 8.666208e+03 3.461577e+03 -6.189616e+03
-5.690516e+03 7.711183e+03 1.922079e+03 -6.435126e+03
-6.486761e+03 6.001271e+03 1.546068e+03 -5.479228e+03
-5.520110e+03 6.240491e+03 1.309231e+03 -6.216858e+03
-5.866678e+03 6.772981e+03 1.627269e+03 -6.605015e+03
-5.927693e+03 6.365817e+03 1.690683e+03 -6.283862e+03
-6.013000e+03 7.630893e+03 1.621632e+03 -7.477144e+03
-6.068182e+03 7.101366e+03 1.474456e+03 -6.747815e+03
-6.089707e+03 7.735488e+03 1.947618e+03 -6.170473e+03
-6.632573e+03 7.751425e+03 1.015253e+03 -7.247062e+03
-6.451041e+03 7.464282e+03 1.252998e+03 -7.187466e+03
-6.338125e+03 5.562325e+03 1.567608e+03 -5.547579e+03
-7.996357e+03 9.548934e+03 2.220690e+03 -5.844004e+03
-5.632215e+03 5.723757e+03 1.840268e+03 -5.925152e+03
-6.172683e+03 5.342695e+03 1.538082e+03 -5.595636e+03
-6.530086e+03 8.657271e+03 2.233063e+03 -7.029680e+03
-5.734417e+03 6.734119e+03 1.730588e+03 -6.591722e+03
-6.590730e+03 9.191028e+03 2.230022e+03 -6.931682e+03
-6.064227e+03 7.201011e+03 1.409188e+03 -6.668505e+03
-6.348780e+03 6.542616e+03 1.250451e+03 -6.879403e+03
-6.195904e+03 8.165959e+03 1.644685e+03 -6.899371e+03
-6.415885e+03 6.882152e+03 1.600847e+03 -5.355177e+03
-6.342504e+03 7.539660e+03 1.277898e+03 -6.300503e+03
-6.588483e+03 9.253522e+03 2.096430e+03 -7.432850e+03
-5.845166e+03 6.081823e+03 1.665854e+03 -6.188229e+03
-5.798044e+03 6.954009e+03 1.961107e+03 -6.413214e+03
-6.636528e+03 7.429437e+03 1.394902e+03 -6.844384e+03
-6.148965e+03 7.764949e+03 1.796440e+03 -7.065223e+03
-6.127058e+03 6.309752e+03 1.167264e+03 -5.718752e+03
-6.682164e+03 5.824207e+03 1.762211e+03 -5.212676e+03
-6.904432e+03 9.381732e+03 2.296216e+03 -6.167443e+03
-6.306217e+03 5.952605e+03 1.554158e+03 -6.035587e+03
-6.108511e+03 6.708862e+03 1.770012e+03 -6.228467e+03
-6.881748e+03 7.832018e+03 1.926124e+03 -4.887008e+03
-5.775014e+03 6.846686e+03 1.855734e+03 -6.372239e+03
-6.383011e+03 6.525541e+03 1.597910e+03 -5.998611e+03
-6.816300e+03 9.026759e+03 2.115573e+03 -5.567046e+03
-6.744937e+03 5.801499e+03 1.498116e+03 -5.112175e+03
-6.120094e+03 6.200382e+03 1.668476e+03 -5.765059e+03
-5.757042e+03 5.747344e+03 2.260116e+03 -6.598581e+03
-6.863625e+03 7.296638e+03 1.224551e+03 -6.125426e+03
-5.590591e+03 4.386112e+03 1.501996e+03 -5.946241e+03
-6.316971e+03 7.193175e+03 1.312628e+03 -7.064807e+03
-5.187727e+03 5.812977e+03 1.296915e+03 -5.209405e+03
-6.202756e+03 6.970862e+03 2.259943e+03 -6.098552e+03
-6.142481e+03 7.460109e+03 1.534256e+03 -6.415425e+03
-6.038400e+03 6.102712e+03 1.726816e+03 -6.303638e+03
-6.659103e+03 8.609358e+03 2.096755e+03 -6.335634e+03
-7.090346e+03 1.074104e+04 2.583523e+03 -6.142646e+03
-6.598687e+03 7.862284e+03 2.371576e+03 -6.044822e+03
-5.827770e+03 8.054342e+03 2.320875e+03 -6.001963e+03
-6.098680e+03 7.207876e+03 1.443130e+03 -7.431038e+03
-7.112993e+03 1.011681e+04 2.294130e+03 -5.891362e+03
-6.168687e+03 6.143505e+03 1.721207e+03 -5.881196e+03
-5.794679e+03 5.854582e+03 1.540864e+03 -6.093563e+03
-6.423219e+03 5.270829e+03 1.297038e+03 -5.781462e+03
-6.007393e+03 6.533391e+03 1.647594e+03 -6.485929e+03
-6.226065e+03 6.723229e+03 1.298203e+03 -6.732507e+03
-5.080390e+03 6.000724e+03 1.127853e+03 -6.034365e+03
-6.547898e+03 6.549505e+03 1.336142e+03 -6.435984e+03
-6.518110e+03 6.692743e+03 1.651133e+03 -6.170907e+03
-6.091978e+03 8.103176e+03 2.162717e+03 -6.485288e+03
-6.644914e+03 7.838013e+03 2.218178e+03 -5.931964e+03
-5.610413e+03 7.616109e+03 2.075655e+03 -6.568727e+03
-6.997159e+03 9.588249e+03 2.232057e+03 -5.559519e+03
-6.894992e+03 8.646430e+03 2.947353e+03 -5.973639e+03
-5.714883e+03 5.499286e+03 1.692047e+03 -5.859905e+03
-6.236251e+03 6.164036e+03 1.904885e+03 -6.206034e+03
-5.625239e+03 7.485516e+03 1.640196e+03 -6.541843e+03
-6.410700e+03 8.232425e+03 1.800891e+03 -6.957278e+03
-6.371679e+03 6.490058e+03 1.441854e+03 -6.221980e+03
-5.654062e+03 6.811931e+03 1.873663e+03 -6.480365e+03
-6.804025e+03 1.278791e+04 3.932151e+03 -5.935574e+03
-6.579724e+03 7.176021e+03 2.023036e+03 -6.054330e+03
-6.353770e+03 8.204792e+03 1.834667e+03 -5.987347e+03
-6.890040e+03 9.354347e+03 2.115496e+03 -7.069390e+03
-5.824620e+03 5.795378e+03 1.676667e+03 -6.097677e+03
-5.761319e+03 7.532964e+03 1.650757e+03 -7.188203e+03
-5.929538e+03 7.516590e+03 2.034729e+03 -6.092016e+03
-6.635479e+03 7.147454e+03 1.587817e+03 -6.165163e+03
-5.942235e+03 7.568696e+03 1.554970e+03 -7.386726e+03
-5.824475e+03 6.162046e+03 1.889676e+03 -5.827494e+03
-6.512046e+03 8.309774e+03 1.353153e+03 -7.057141e+03
-5.561846e+03 7.536497e+03 1.635956e+03 -7.197131e+03
-6.301878e+03 6.516409e+03 1.770200e+03 -5.432907e+03
-6.469146e+03 7.222811e+03 1.406085e+03 -6.575931e+03
-6.592460e+03 7.754145e+03 1.625286e+03 -6.704309e+03
-6.175366e+03 5.286658e+03 1.692955e+03 -5.692392e+03
-6.110895e+03 5.331842e+03 1.474227e+03 -5.716281e+03
-5.966692e+03 6.786146e+03 1.754000e+03 -5.915851e+03
-6.137613e+03 6.585335e+03 2.099683e+03 -6.109528e+03
-7.138506e+03 6.508813e+03 1.567574e+03 -5.710413e+03
-6.093332e+03 5.831778e+03 1.846247e+03 -5.384518e+03
-6.764150e+03 6.346579e+03 1.412605e+03 -5.235897e+03
-6.246612e+03 6.967129e+03 1.797615e+03 -5.839333e+03
-6.514355e+03 8.237805e+03 1.901583e+03 -6.821748e+03
-5.929628e+03 6.065684e+03 1.446723e+03 -6.414147e+03
-7.005479e+03 9.593103e+03 2.468075e+03 -5.847503e+03
-5.671892e+03 5.974599e+03 1.473668e+03 -5.855500e+03
-6.255427e+03 7.264640e+03 1.622128e+03 -5.805349e+03
-6.501679e+03 5.644630e+03 1.192989e+03 -5.725921e+03
-6.127808e+03 6.608616e+03 1.511069e+03 -6.861084e+03
-6.291089e+03 6.151798e+03 1.708261e+03 -6.000273e+03
-6.752594e+03 6.298132e+03 1.936591e+03 -5.262656e+03
-6.873573e+03 8.684065e+03 2.594668e+03 -6.163062e+03
-5.493623e+03 6.369410e+03 1.722468e+03 -6.396216e+03
-7.020747e+03 9.707752e+03 2.510617e+03 -6.386525e+03
-5.728005e+03 6.436405e+03 1.553904e+03 -6.209816e+03
-6.541207e+03 7.075004e+03 1.430732e+03 -6.264634e+03
-6.357257e+03 5.420697e+03 1.668966e+03 -5.455424e+03
-5.971593e+03 8.288690e+03 2.581630e+03 -5.661804e+03
-6.238186e+03 7.229656e+03 1.430472e+03 -7.082030e+03
-6.378876e+03 7.032643e+03 1.724685e+03 -6.225799e+03
-6.178487e+03 6.014901e+03 2.320157e+03 -5.625433e+03
-6.166960e+03 5.564712e+03 1.876027e+03 -5.321936e+03
-6.890629e+03 8.800770e+03 2.558194e+03 -5.052427e+03
-6.354612e+03 6.181994e+03 1.973544e+03 -5.589081e+03
-7.106691e+03 1.057918e+04 2.841869e+03 -5.924516e+03
-6.822431e+03 5.978400e+03 2.195421e+03 -6.398017e+03
-6.333096e+03 6.951473e+03 2.388851e+03 -6.770808e+03
-6.184056e+03 5.393706e+03 1.199560e+03 -5.061180e+03
-6.469260e+03 6.313016e+03 2.012695e+03 -5.211567e+03
-6.354646e+03 5.956141e+03 1.684782e+03 -4.695305e+03
-6.571648e+03 6.813167e+03 1.913504e+03 -5.667016e+03
-6.964371e+03 7.109691e+03 1.468694e+03 -5.654130e+03
-6.879503e+03 7.767495e+03 2.668766e+03 -5.824780e+03
-6.415145e+03 5.617766e+03 1.724401e+03 -5.338145e+03
-7.354743e+03 7.669745e+03 2.217066e+03 -5.711118e+03
-6.640664e+03 6.576797e+03 1.556787e+03 -5.187877e+03
-6.491849e+03 6.934935e+03 1.800961e+03 -5.134666e+03
-6.544270e+03 5.758658e+03 1.879448e+03 -5.074265e+03
-6.244214e+03 7.055406e+03 1.970212e+03 -4.639722e+03
-6.253851e+03 5.633341e+03 1.015752e+03 -5.424155e+03
-6.260994e+03 5.833218e+03 1.315743e+03 -5.075866e+03
-6.698286e+03 7.914057e+03 2.428969e+03 -5.752369e+03
-6.237061e+03 4.945606e+03 2.148419e+03 -5.273012e+03
-6.469011e+03 5.764350e+03 1.612763e+03 -4.903228e+03
-6.499152e+03 5.851551e+03 1.720863e+03 -5.072431e+03
-6.989208e+03 8.102201e+03 2.856479e+03 -5.154112e+03
-6.303834e+03 6.285778e+03 1.183545e+03 -5.227960e+03
-6.577821e+03 5.681906e+03 1.572285e+03 -5.428225e+03
-7.116362e+03 7.975920e+03 2.239678e+03 -6.335098e+03
-6.254042e+03 5.170849e+03 2.024030e+03 -4.973751e+03
-6.579658e+03 8.136579e+03 1.778088e+03 -5.375940e+03
-6.503139e+03 5.553526e+03 1.621600e+03 -5.478977e+03
-7.105208e+03 9.758935e+03 3.465580e+03 -4.876186e+03
-6.761039e+03 5.946446e+03 2.000279e+03 -4.828779e+03
-6.254591e+03 5.396283e+03 1.792839e+03 -5.024780e+03
-6.599621e+03 5.824763e+03 1.529286e+03 -4.767019e+03
-6.648346e+03 7.805094e+03 2.534902e+03 -5.534336e+03
-6.264374e+03 6.625422e+03 2.743897e+03 -6.542819e+03
-6.713679e+03 8.846073e+03 2.215203e+03 -4.703716e+03
-6.687207e+03 7.398698e+03 2.586717e+03 -4.714053e+03
-6.476642e+03 7.882072e+03 2.766703e+03 -6.084446e+03
-6.282800e+03 6.495164e+03 2.799547e+03 -5.763458e+03
-6.463671e+03 5.171038e+03 1.670363e+03 -4.656159e+03
-6.629922e+03 6.967724e+03 2.019594e+03 -5.952419e+03
-6.683848e+03 5.876947e+03 1.700743e+03 -4.665303e+03
-6.543972e+03 5.425887e+03 2.206592e+03 -5.544592e+03
-7.577361e+03 9.709829e+03 2.590124e+03 -5.959506e+03
-6.615056e+03 6.243916e+03 1.777776e+03 -5.588433e+03
-6.588103e+03 6.993941e+03 1.571464e+03 -5.322748e+03
-6.644150e+03 8.803104e+03 2.194437e+03 -5.170126e+03
-6.224537e+03 5.116961e+03 1.834978e+03 -5.459865e+03
-6.726697e+03 7.212035e+03 2.505340e+03 -5.002585e+03
-7.062188e+03 8.982903e+03 2.773255e+03 -5.023902e+03
-6.538144e+03 6.225325e+03 2.228252e+03 -5.689502e+03
-6.409085e+03 6.043531e+03 2.337112e+03 -5.322387e+03
-6.693174e+03 6.466293e+03 2.734461e+03 -6.282619e+03
-7.392416e+03 1.411180e+04 4.363952e+03 -4.967715e+03
-6.250707e+03 4.919675e+03 1.838595e+03 -5.976220e+03
-6.759269e+03 6.892903e+03 1.641112e+03 -5.369730e+03
-6.217981e+03 6.034148e+03 1.359812e+03 -5.684120e+03
-6.373862e+03 5.727185e+03 1.660776e+03 -4.548151e+03
-6.380914e+03 5.780196e+03 2.209285e+03 -6.276434e+03
-6.758689e+03 7.350507e+03 1.898684e+03 -5.525440e+03
-6.159196e+03 5.976871e+03 2.241446e+03 -5.806265e+03
-6.626648e+03 8.025245e+03 1.890522e+03 -4.733972e+03
-6.445136e+03 5.918002e+03 2.433065e+03 -5.486967e+03
-6.402604e+03 4.813507e+03 1.805263e+03 -5.873686e+03
-6.356392e+03 6.472278e+03 1.927883e+03 -5.251740e+03
-6.531084e+03 6.199754e+03 1.709443e+03 -4.753749e+03
-6.561732e+03 6.546654e+03 2.248605e+03 -5.451134e+03
-7.593903e+03 1.101951e+04 2.819882e+03 -5.151148e+03
-6.490790e+03 5.904903e+03 1.652520e+03 -4.809104e+03
-6.675318e+03 8.868690e+03 2.337595e+03 -4.747784e+03
-6.525997e+03 6.050407e+03 2.026271e+03 -5.671735e+03
-6.502111e+03 6.441059e+03 1.450930e+03 -4.633920e+03
-6.382852e+03 5.479285e+03 1.797786e+03 -5.530087e+03
-6.851804e+03 8.576641e+03 2.134288e+03 -5.449375e+03
-6.416511e+03 5.860436e+03 1.744818e+03 -4.769563e+03
-6.477214e+03 5.981154e+03 1.942052e+03 -5.588110e+03
-6.416016e+03 6.490353e+03 1.850130e+03 -4.694359e+03
-6.601342e+03 7.719124e+03 2.609748e+03 -5.576974e+03
-6.598708e+03 5.861318e+03 1.583963e+03 -4.927089e+03
-6.360154e+03 5.052056e+03 2.241663e+03 -5.482175e+03
-6.462587e+03 5.183804e+03 1.157974e+03 -4.663253e+03
-6.089435e+03 5.593284e+03 2.418424e+03 -6.427750e+03
-7.051899e+03 9.063122e+03 2.812511e+03 -4.684700e+03
-6.856516e+03 7.656805e+03 2.399147e+03 -4.598199e+03
-6.555302e+03 6.332745e+03 2.007117e+03 -4.765024e+03
-6.516430e+03 5.666261e+03 2.078209e+03 -5.639821e+03
-6.471631e+03 6.133067e+03 1.901755e+03 -5.249308e+03
-6.624395e+03 6.023890e+03 1.464105e+03 -4.931916e+03
-6.721738e+03 6.035312e+03 1.541000e+03 -5.223075e+03
-6.776752e+03 7.130003e+03 1.437793e+03 -6.093309e+03
-6.761584e+03 7.197538e+03 1.775218e+03 -5.378566e+03
-6.472305e+03 6.197740e+03 1.886144e+03 -5.493464e+03
-6.477566e+03 6.676828e+03 2.195361e+03 -5.284870e+03
-6.619693e+03 7.941999e+03 2.310916e+03 -5.445782e+03
-6.649699e+03 7.114370e+03 2.325245e+03 -5.676332e+03
-6.527514e+03 6.091147e+03 1.378575e+03 -5.588638e+03
-6.251719e+03 6.654932e+03 1.839949e+03 -5.343474e+03
-6.603406e+03 7.911615e+03 1.807309e+03 -5.861373e+03
-6.566404e+03 6.014466e+03 1.617184e+03 -5.499385e+03
-6.691658e+03 5.968168e+03 1.262716e+03 -5.233395e+03
-6.395511e+03 6.413145e+03 2.352808e+03 -5.774943e+03
-6.423169e+03 6.154819e+03 1.866125e+03 -5.572747e+03
-6.905933e+03 6.663617e+03 2.435073e+03 -4.710380e+03
-6.547873e+03 5.589708e+03 1.354331e+03 -4.741677e+03
-7.469287e+03 1.488566e+04 4.789841e+03 -4.407181e+03
-6.461391e+03 5.135850e+03 1.918283e+03 -5.181221e+03
-6.461413e+03 5.996726e+03 1.719610e+03 -5.220458e+03
-6.303082e+03 5.029822e+03 1.466713e+03 -5.427370e+03
-6.588171e+03 6.474355e+03 1.170165e+03 -5.631283e+03
-5.758693e+03 5.689043e+03 5.979612e+02 -4.942892e+03
-6.425336e+03 6.406674e+03 1.391015e+03 -5.257112e+03
-6.230298e+03 6.605199e+03 1.233910e+03 -5.166703e+03
-5.385316e+03 5.406027e+03 6.661065e+02 -5.284447e+03
-6.677603e+03 6.793634e+03 1.849619e+03 -5.343625e+03
-6.231949e+03 5.697063e+03 2.386706e+03 -5.469008e+03
-6.879266e+03 8.220709e+03 1.996045e+03 -4.672566e+03
-5.873342e+03 6.407505e+03 1.306274e+03 -4.646674e+03
-6.732421e+03 6.954191e+03 1.676780e+03 -5.503637e+03
-6.641027e+03 7.371839e+03 2.046050e+03 -4.578376e+03
-6.974666e+03 7.902400e+03 2.177640e+03 -6.101403e+03
-6.409280e+03 5.878501e+03 2.084791e+03 -4.760060e+03
-6.491150e+03 6.454247e+03 1.696282e+03 -4.644082e+03
-6.266295e+03 7.041460e+03 1.757925e+03 -5.380794e+03
-6.411462e+03 6.827573e+03 1.948262e+03 -5.608316e+03
-6.414557e+03 6.434717e+03 2.627478e+03 -4.798039e+03
-7.001811e+03 8.594744e+03 2.615526e+03 -4.644120e+03
-6.595059e+03 7.143633e+03 1.682502e+03 -5.529132e+03
-6.428574e+03 6.177845e+03 2.075069e+03 -5.325147e+03
-6.849755e+03 7.789197e+03 2.314663e+03 -5.701218e+03
-6.717716e+03 6.710519e+03 1.957806e+03 -5.499546e+03
-6.304780e+03 5.576801e+03 1.931388e+03 -5.508209e+03
-6.739346e+03 6.154289e+03 2.273112e+03 -5.060412e+03
-6.221680e+03 4.852775e+03 1.918989e+03 -5.606845e+03
-6.850599e+03 9.492527e+03 2.409162e+03 -4.918702e+03
-6.340859e+03 6.750981e+03 1.529070e+03 -5.459152e+03
-6.649143e+03 6.713595e+03 1.951759e+03 -4.726476e+03
-7.087619e+03 8.083519e+03 2.203592e+03 -6.279186e+03
-6.405814e+03 5.542597e+03 1.646951e+03 -4.499567e+03
-6.466175e+03 4.149152e+03 2.001278e+03 -4.951511e+03
-6.519884e+03 6.896068e+03 2.005881e+03 -4.992582e+03
-6.270150e+03 5.809150e+03 1.744985e+03 -5.185115e+03
-6.418319e+03 6.409455e+03 2.221648e+03 -5.871101e+03
-6.591290e+03 1.271495e+04 3.036879e+03 -5.226051e+03
-6.480340e+03 6.304504e+03 1.500309e+03 -5.164231e+03
-6.348020e+03 5.544393e+03 1.863296e+03 -4.502255e+03
-6.661636e+03 6.579899e+03 2.369813e+03 -5.705924e+03
-6.302622e+03 5.290969e+03 1.867124e+03 -4.653633e+03
-6.200426e+03 4.665242e+03 1.617899e+03 -5.308016e+03
-7.198325e+03 1.188887e+04 4.113665e+03 -5.332792e+03
-7.206334e+03 1.309375e+04 3.996653e+03 -6.053450e+03
-6.363607e+03 5.463995e+03 1.546744e+03 -5.248252e+03
-6.161060e+03 5.936429e+03 7.635736e+02 -5.220855e+03
-6.600568e+03 6.915892e+03 1.599401e+03 -6.230097e+03
-6.297411e+03 5.339162e+03 2.340775e+03 -5.676228e+03
-6.546271e+03 6.182655e+03 1.925787e+03 -4.988331e+03
-6.510247e+03 6.148414e+03 1.896759e+03 -5.644157e+03
-6.784262e+03 7.574274e+03 2.577033e+03 -5.112820e+03
-6.416830e+03 5.951970e+03 1.323463e+03 -5.916286e+03
-6.434467e+03 4.953962e+03 1.944068e+03 -4.994883e+03
-6.741482e+03 6.587160e+03 1.838549e+03 -5.164088e+03
-6.656675e+03 5.479935e+03 1.466538e+03 -5.132434e+03
-6.583720e+03 6.201547e+03 1.828040e+03 -5.397832e+03
-6.410858e+03 6.022200e+03 1.963304e+03 -5.564179e+03
-6.333035e+03 5.375452e+03 1.851474e+03 -6.269661e+03
-6.460189e+03 7.231073e+03 2.669507e+03 -4.953681e+03
-6.661892e+03 5.790343e+03 1.612241e+03 -4.674500e+03
-6.486603e+03 6.508912e+03 1.391732e+03 -5.396081e+03
-6.383060e+03 5.720479e+03 2.152028e+03 -5.355450e+03
-6.381748e+03 5.178091e+03 1.835476e+03 -5.385648e+03
-6.595326e+03 6.100748e+03 1.482594e+03 -4.871987e+03
-6.453466e+03 6.040810e+03 2.590637e+03 -5.846340e+03
-6.652481e+03 6.483012e+03 1.624818e+03 -6.248529e+03
-6.566526e+03 6.139872e+03 1.543555e+03 -5.088060e+03
-6.739451e+03 7.244366e+03 1.600752e+03 -5.255484e+03
-6.500056e+03 6.547887e+03 2.111470e+03 -6.247724e+03
-6.215970e+03 5.460580e+03 1.136312e+03 -4.933768e+03
-6.620477e+03 6.258876e+03 2.130875e+03 -6.223938e+03
-7.035650e+03 7.044520e+03 2.344549e+03 -5.970308e+03
-7.209071e+03 8.291517e+03 2.875246e+03 -5.444767e+03
-6.655987e+03 7.095161e+03 2.197035e+03 -4.430304e+03
-6.618160e+03 6.368466e+03 1.473906e+03 -5.190250e+03
-6.185269e+03 6.260785e+03 9.921840e+02 -5.379868e+03
-6.567572e+03 7.049167e+03 2.004116e+03 -5.853855e+03
-6.694625e+03 6.282187e+03 1.816605e+03 -5.093614e+03
-6.646701e+03 7.226878e+03 1.652835e+03 -5.315587e+03
-6.299994e+03 6.173754e+03 1.159337e+03 -5.362106e+03
-6.567928e+03 6.167053e+03 2.189919e+03 -5.411713e+03
-6.363142e+03 6.364922e+03 1.384578e+03 -5.018491e+03
-6.377510e+03 5.905575e+03 2.610415e+03 -6.866651e+03
-6.462406e+03 7.975096e+03 2.391665e+03 -5.562639e+03
-7.108736e+03 8.462890e+03 2.795258e+03 -4.760189e+03
-6.345057e+03 6.475442e+03 1.075276e+03 -5.253340e+03
-6.575097e+03 8.191691e+03 2.211147e+03 -4.970513e+03
-7.110715e+03 8.652045e+03 2.205942e+03 -5.585709e+03
-6.353074e+03 6.167570e+03 2.038559e+03 -5.385412e+03
-6.295058e+03 5.910378e+03 2.289557e+03 -4.608364e+03
-6.776752e+03 7.130003e+03 1.437793e+03 -6.093309e+03
