2.525071e+03 -2.277682e+03 1.177144e+03 -3.485963e+02 -9.790022e+02 2.169790e+03 1.314311e+03 -2.999356e+03
2.308928e+03 -2.168000e+03 1.298018e+03 -2.469493e+02 -8.933095e+02 2.348910e+03 1.212639e+03 -3.004801e+03
2.401154e+03 -2.295469e+03 1.081520e+03 -2.781270e+02 -1.034332e+03 2.226684e+03 1.368939e+03 -2.782109e+03
2.568241e+03 -2.221065e+03 1.289170e+03 -2.600057e+02 -1.343857e+03 2.557264e+03 1.109163e+03 -2.832228e+03
2.542528e+03 -2.218844e+03 1.328247e+03 -4.777333e+02 -8.782859e+02 2.447711e+03 1.189578e+03 -3.077523e+03
2.696609e+03 -2.442871e+03 1.970953e+03 1.921316e+02 -1.296285e+03 2.697827e+03 1.793343e+02 -2.663405e+03
2.493718e+03 -2.156230e+03 1.221123e+03 -2.274627e+02 -9.419528e+02 2.202725e+03 1.184795e+03 -3.118228e+03
2.414540e+03 -2.517603e+03 1.056636e+03 -3.344659e+02 -8.437307e+02 2.346686e+03 1.361391e+03 -2.967430e+03
2.498000e+03 -2.169291e+03 1.204628e+03 -2.294965e+02 -9.042752e+02 2.119905e+03 1.276468e+03 -3.306345e+03
2.442307e+03 -2.041382e+03 1.259047e+03 -1.990342e+02 -1.226608e+03 2.277678e+03 1.105001e+03 -2.937054e+03
4.450645e+03 -2.151436e+03 4.520423e+03 -1.847145e+03 -1.429625e+03 2.942976e+03 -2.793402e+02 -1.920089e+03
4.041027e+03 -1.880712e+03 4.087610e+03 -1.589915e+03 -9.109834e+02 2.748665e+03 -1.369796e+02 -2.509191e+03
4.139176e+03 -2.457031e+03 4.455246e+03 -1.644213e+03 -1.443048e+03 2.939507e+03 -5.087769e+02 -2.158792e+03
4.237170e+03 -2.361214e+03 4.506560e+03 -1.467985e+03 -1.619939e+03 3.271980e+03 -4.202766e+02 -2.304975e+03
3.914553e+03 -1.845838e+03 3.816962e+03 -1.527655e+03 -1.186446e+03 2.616060e+03 6.003248e+01 -2.380861e+03
3.732082e+03 -2.146917e+03 3.028456e+03 -1.219199e+03 -1.074944e+03 2.509609e+03 4.953938e+02 -2.786072e+03
4.004898e+03 -2.014449e+03 3.783529e+03 -1.342879e+03 -1.382882e+03 2.750024e+03 -1.328823e+02 -2.425195e+03
3.550879e+03 -2.330994e+03 3.412226e+03 -7.932642e+02 -1.296692e+03 2.810360e+03 -4.573310e+01 -2.363636e+03
3.672264e+03 -1.718753e+03 3.402474e+03 -1.213570e+03 -8.732145e+02 2.424237e+03 2.693724e+02 -2.739785e+03
3.832071e+03 -2.188811e+03 3.330361e+03 -1.191113e+03 -1.531113e+03 2.544680e+03 4.231426e+02 -2.575242e+03
4.073999e+03 -2.006235e+03 4.495875e+03 -1.654695e+03 -1.247887e+03 2.737543e+03 -5.224507e+02 -2.031874e+03
3.747544e+03 -2.446717e+03 4.137735e+03 -1.027667e+03 -1.652311e+03 2.822268e+03 -5.418678e+02 -2.057529e+03
3.557790e+03 -2.125954e+03 3.220912e+03 -9.326319e+02 -1.243751e+03 2.530622e+03 2.297651e+02 -2.593214e+03
4.566083e+03 -2.234307e+03 5.026756e+03 -1.955549e+03 -1.488450e+03 3.329441e+03 -5.607598e+02 -1.854752e+03
3.478417e+03 -2.184213e+03 3.414009e+03 -8.955993e+02 -9.555467e+02 2.545852e+03 -2.687458e+02 -2.609879e+03
5.044513e+03 -2.297208e+03 4.747874e+03 -2.185091e+03 -1.651740e+03 3.469200e+03 -5.242669e+02 -1.970651e+03
4.416345e+03 -2.161657e+03 4.926919e+03 -1.890647e+03 -1.282991e+03 3.067775e+03 -4.273503e+02 -2.079085e+03
3.998858e+03 -1.979132e+03 3.907460e+03 -1.364062e+03 -1.467186e+03 2.670842e+03 -3.377026e+02 -2.362600e+03
3.777309e+03 -2.151199e+03 3.371159e+03 -8.958207e+02 -1.439798e+03 2.828768e+03 1.335476e+02 -2.431372e+03
3.837097e+03 -2.507988e+03 4.112690e+03 -1.190892e+03 -1.472251e+03 3.043178e+03 -3.797974e+02 -2.306363e+03
3.456740e+03 -2.142742e+03 3.650286e+03 -7.106593e+02 -1.693817e+03 3.014308e+03 -6.785735e+02 -2.574031e+03
3.868035e+03 -2.018206e+03 3.853806e+03 -1.445631e+03 -8.717404e+02 2.605924e+03 -2.555397e+02 -2.681951e+03
3.687674e+03 -2.332108e+03 4.077106e+03 -1.256395e+03 -1.779138e+03 2.434870e+03 -4.160254e+02 -1.714344e+03
4.960718e+03 -2.121217e+03 4.932422e+03 -2.113778e+03 -1.530974e+03 3.340078e+03 -5.163426e+02 -2.080222e+03
3.605807e+03 -2.169814e+03 3.115045e+03 -9.354093e+02 -1.243790e+03 2.563302e+03 2.061387e+02 -2.834830e+03
3.687099e+03 -2.128857e+03 3.489249e+03 -9.794419e+02 -1.398920e+03 2.667126e+03 -3.403303e+02 -2.570534e+03
3.321718e+03 -2.278049e+03 3.184081e+03 -8.065615e+02 -1.220765e+03 2.425844e+03 -1.517410e+02 -2.675769e+03
3.750439e+03 -2.221664e+03 3.640985e+03 -1.310732e+03 -1.132438e+03 2.776128e+03 4.583868e+01 -2.439403e+03
3.860200e+03 -2.270779e+03 4.018885e+03 -1.171129e+03 -1.354752e+03 2.574650e+03 -5.122658e+02 -2.375010e+03
3.177086e+03 -2.256338e+03 2.692582e+03 -8.559301e+02 -9.234761e+02 2.331805e+03 2.604187e+02 -2.901919e+03
3.865592e+03 -2.101388e+03 4.120719e+03 -1.515669e+03 -1.110409e+03 2.699273e+03 -4.894755e+02 -2.448310e+03
3.699045e+03 -1.824190e+03 3.365792e+03 -1.261304e+03 -8.588344e+02 2.551742e+03 3.504134e+02 -2.720311e+03
3.379018e+03 -2.293022e+03 3.421321e+03 -7.585205e+02 -1.083459e+03 2.532407e+03 -1.660267e+02 -2.544689e+03
3.377614e+03 -2.053424e+03 3.837490e+03 -1.176742e+03 -1.109395e+03 2.493113e+03 -5.675057e+02 -2.453561e+03
3.576197e+03 -1.966879e+03 4.192858e+03 -1.027703e+03 -1.322346e+03 2.697227e+03 -6.603275e+02 -2.516939e+03
4.137563e+03 -2.152301e+03 3.865099e+03 -1.365610e+03 -1.435564e+03 2.892808e+03 -9.690249e+01 -2.181164e+03
4.329177e+03 -2.299215e+03 4.702522e+03 -1.750361e+03 -1.369799e+03 3.215098e+03 -5.067660e+02 -2.080622e+03
3.763774e+03 -2.152741e+03 4.125994e+03 -1.194744e+03 -1.385540e+03 2.661563e+03 -6.258783e+02 -2.401171e+03
3.537012e+03 -2.204619e+03 3.319478e+03 -9.448472e+02 -1.247488e+03 2.705142e+03 9.428948e+01 -2.586096e+03
4.323613e+03 -2.041686e+03 4.086721e+03 -1.537693e+03 -1.274555e+03 3.000025e+03 -1.391668e+02 -2.267332e+03
5.145349e+03 -2.037442e+03 5.266807e+03 -2.122749e+03 -1.656139e+03 3.298001e+03 -6.649074e+02 -1.841690e+03
3.416206e+03 -2.348937e+03 3.461964e+03 -1.020564e+03 -1.101657e+03 2.558559e+03 -1.680906e+02 -2.559154e+03
3.462617e+03 -2.226782e+03 4.154002e+03 -1.042699e+03 -1.268189e+03 3.220608e+03 -4.002165e+02 -2.300613e+03
4.397449e+03 -2.061422e+03 4.028363e+03 -1.515871e+03 -1.639965e+03 2.881839e+03 -1.659415e+02 -2.158913e+03
4.365486e+03 -1.990705e+03 4.545465e+03 -1.893114e+03 -1.285566e+03 2.986856e+03 -3.434994e+02 -2.150622e+03
3.741666e+03 -2.141264e+03 4.215597e+03 -1.310642e+03 -1.098190e+03 2.896266e+03 -6.515539e+02 -2.335026e+03
4.188982e+03 -2.356919e+03 4.133874e+03 -1.463323e+03 -1.535603e+03 3.121093e+03 -8.663019e+01 -2.217509e+03
2.866930e+03 -2.230844e+03 2.341208e+03 -3.651485e+02 -1.039566e+03 2.438891e+03 2.416418e+02 -2.809427e+03
3.616564e+03 -2.100016e+03 3.465892e+03 -1.046899e+03 -1.089859e+03 2.500930e+03 -5.620349e+01 -2.626567e+03
3.338216e+03 -2.418206e+03 3.423155e+03 -7.307560e+02 -1.427616e+03 2.771160e+03 -4.409418e+02 -2.526408e+03
3.175669e+03 -2.297496e+03 3.218068e+03 -7.578701e+02 -1.233009e+03 2.511001e+03 -1.465728e+02 -2.405769e+03
4.251627e+03 -2.082512e+03 4.464503e+03 -1.451602e+03 -1.500605e+03 3.101144e+03 -5.351114e+02 -2.057666e+03
3.949737e+03 -1.833310e+03 4.010229e+03 -1.763102e+03 -1.063346e+03 2.516313e+03 -1.703739e+01 -2.521239e+03
3.359431e+03 -2.434218e+03 3.264802e+03 -7.243508e+02 -1.346101e+03 2.678219e+03 -2.808022e+02 -2.681727e+03
3.387122e+03 -2.299641e+03 3.017260e+03 -9.844109e+02 -9.811908e+02 2.584957e+03 1.786530e+02 -2.741522e+03
3.525796e+03 -2.102870e+03 3.751910e+03 -1.311953e+03 -1.024552e+03 2.627141e+03 -2.653760e+02 -2.422086e+03
4.050191e+03 -2.134323e+03 4.054390e+03 -1.232768e+03 -1.797231e+03 2.859087e+03 -3.831148e+02 -2.129195e+03
5.097546e+03 -2.222316e+03 5.193748e+03 -2.226207e+03 -1.630501e+03 3.313287e+03 -5.793641e+02 -1.914045e+03
3.611568e+03 -2.216331e+03 3.350856e+03 -1.004426e+03 -1.119420e+03 2.623465e+03 1.157177e+02 -2.562631e+03
3.781558e+03 -2.369953e+03 4.049470e+03 -1.257821e+03 -1.213510e+03 2.574360e+03 -6.389739e+02 -2.546392e+03
4.256499e+03 -2.301662e+03 4.441697e+03 -1.512452e+03 -1.393275e+03 3.129148e+03 -6.218679e+02 -2.395506e+03
3.826104e+03 -2.313571e+03 3.310738e+03 -1.017439e+03 -1.462853e+03 2.560869e+03 1.402872e+02 -2.874708e+03
3.479730e+03 -2.334624e+03 3.462823e+03 -1.140459e+03 -9.090089e+02 2.509155e+03 -1.295668e+02 -2.600433e+03
3.165611e+03 -2.267397e+03 3.485371e+03 -7.441408e+02 -1.228673e+03 2.608038e+03 -4.270645e+02 -2.493397e+03
4.654494e+03 -2.255226e+03 5.021913e+03 -1.625842e+03 -2.076094e+03 3.385621e+03 -1.460037e+03 -2.072260e+03
3.582304e+03 -2.245762e+03 3.805488e+03 -1.249233e+03 -1.047986e+03 2.582272e+03 -4.932618e+02 -2.461409e+03
3.727594e+03 -2.384771e+03 3.422214e+03 -9.471360e+02 -1.379300e+03 2.796992e+03 -3.347256e+02 -2.653488e+03
3.603789e+03 -2.424538e+03 3.459365e+03 -1.003203e+03 -1.250089e+03 2.745529e+03 -2.139751e+02 -2.652954e+03
3.574971e+03 -2.050579e+03 3.571564e+03 -9.639345e+02 -1.323126e+03 2.560107e+03 -1.574316e+02 -2.089824e+03
3.923374e+03 -2.108568e+03 4.269174e+03 -1.415930e+03 -1.165520e+03 3.108540e+03 -5.385649e+02 -2.541658e+03
3.619702e+03 -2.162136e+03 4.101881e+03 -9.899127e+02 -1.335071e+03 2.817744e+03 -7.749789e+02 -2.559907e+03
3.763774e+03 -2.152741e+03 4.125994e+03 -1.194744e+03 -1.385540e+03 2.661563e+03 -6.258783e+02 -2.401171e+03
3.582304e+03 -2.245762e+03 3.805488e+03 -1.249233e+03 -1.047986e+03 2.582272e+03 -4.932618e+02 -2.461409e+03
4.277420e+03 -2.380476e+03 4.043680e+03 -1.639118e+03 -1.176930e+03 2.819210e+03 -2.750992e+02 -2.523965e+03
3.673765e+03 -2.272894e+03 4.056422e+03 -1.131105e+03 -1.495791e+03 2.853339e+03 -8.057991e+02 -2.149595e+03
4.027612e+03 -2.000257e+03 3.780845e+03 -1.249768e+03 -1.483836e+03 2.622350e+03 -9.368986e+01 -2.561295e+03
3.760652e+03 -2.272667e+03 3.682734e+03 -1.140834e+03 -1.387954e+03 2.737627e+03 -1.699954e+02 -2.440361e+03
3.542867e+03 -2.241680e+03 3.589645e+03 -1.121451e+03 -9.245937e+02 2.717943e+03 -1.669039e+02 -2.575608e+03
3.371688e+03 -1.931889e+03 3.375878e+03 -1.180752e+03 -8.079079e+02 2.354778e+03 -7.191187e+01 -2.598427e+03
3.779068e+03 -1.901904e+03 3.943813e+03 -1.623491e+03 -1.144712e+03 2.624041e+03 -3.340664e+02 -2.429612e+03
3.479460e+03 -2.190420e+03 3.802125e+03 -1.023266e+03 -1.498460e+03 2.276138e+03 -5.701979e+02 -2.520276e+03
2.793870e+03 -2.036168e+03 2.530536e+03 -2.685240e+02 -1.201049e+03 2.314401e+03 -3.766776e+01 -2.939922e+03
3.930266e+03 -2.137164e+03 4.233137e+03 -1.655760e+03 -1.187773e+03 2.605786e+03 -5.423822e+02 -2.286181e+03
3.899413e+03 -2.074541e+03 3.796128e+03 -1.538919e+03 -8.806917e+02 2.626407e+03 -1.614277e+02 -2.786985e+03
4.330419e+03 -2.099352e+03 4.271517e+03 -1.552491e+03 -1.469947e+03 3.098500e+03 -2.155152e+02 -2.060429e+03
3.264914e+03 -1.794031e+03 3.354930e+03 -1.243834e+03 -9.230237e+02 2.256427e+03 1.544652e+02 -2.749262e+03
3.689992e+03 -1.912478e+03 3.148955e+03 -9.782642e+02 -1.066063e+03 2.403096e+03 1.245289e+02 -2.820326e+03
4.630091e+03 -2.486331e+03 4.379883e+03 -1.467795e+03 -1.628637e+03 3.201447e+03 -6.818384e+02 -2.160150e+03
3.963926e+03 -2.039420e+03 3.622594e+03 -1.421624e+03 -1.444703e+03 2.530376e+03 3.464139e+02 -2.377407e+03
3.331232e+03 -2.452916e+03 3.465421e+03 -6.886540e+02 -1.358764e+03 2.577703e+03 -4.474260e+02 -2.517943e+03
3.564894e+03 -1.897481e+03 3.448569e+03 -1.135510e+03 -1.387342e+03 2.362725e+03 8.242854e+01 -2.581014e+03
3.940013e+03 -1.913815e+03 3.587159e+03 -1.288572e+03 -1.179765e+03 2.655022e+03 1.021529e+02 -2.596294e+03
3.711353e+03 -2.302395e+03 3.492134e+03 -1.255441e+03 -1.141344e+03 2.586392e+03 5.118186e+01 -2.663217e+03
3.963211e+03 -1.940073e+03 3.800541e+03 -1.130948e+03 -1.559084e+03 2.696744e+03 -1.367815e+02 -2.243269e+03
3.834384e+03 -1.962650e+03 3.520118e+03 -1.216705e+03 -1.233590e+03 2.669720e+03 1.493725e+02 -2.528209e+03
4.196324e+03 -2.435497e+03 4.180039e+03 -1.341839e+03 -1.676992e+03 2.902480e+03 -3.439886e+02 -1.861223e+03
4.104864e+03 -2.011661e+03 3.850550e+03 -1.027322e+03 -1.710686e+03 2.867175e+03 -5.657601e+02 -2.397968e+03
3.982248e+03 -2.159991e+03 3.867067e+03 -1.017738e+03 -1.558675e+03 2.888839e+03 -5.263330e+02 -2.238830e+03
3.264598e+03 -2.366488e+03 3.085705e+03 -6.815761e+02 -1.167600e+03 2.495574e+03 -2.231368e+02 -2.669568e+03
3.910520e+03 -2.447100e+03 4.592207e+03 -8.684151e+02 -1.983171e+03 3.266812e+03 -1.029438e+03 -2.265540e+03
3.316202e+03 -2.182357e+03 2.994055e+03 -9.240255e+02 -1.304839e+03 2.350093e+03 2.818586e+02 -2.351710e+03
3.277183e+03 -2.298109e+03 3.026857e+03 -6.918527e+02 -1.156310e+03 2.598269e+03 2.433869e+01 -2.722395e+03
4.651539e+03 -2.052141e+03 4.831291e+03 -1.873833e+03 -1.410809e+03 3.139170e+03 -5.009462e+02 -2.156570e+03
3.922479e+03 -2.152987e+03 3.527107e+03 -1.339142e+03 -1.318942e+03 2.581746e+03 6.472825e+01 -2.715407e+03
4.646615e+03 -2.202454e+03 5.069378e+03 -2.082606e+03 -1.442842e+03 3.196432e+03 -7.056723e+02 -2.005212e+03
3.953806e+03 -2.118982e+03 3.787051e+03 -1.317846e+03 -1.305507e+03 2.683287e+03 -7.568482e+01 -2.290547e+03
3.879512e+03 -2.191083e+03 3.822583e+03 -9.758330e+02 -1.351593e+03 2.876554e+03 -3.085746e+02 -2.273827e+03
4.564503e+03 -2.102101e+03 4.660404e+03 -1.909422e+03 -1.454413e+03 2.942033e+03 -5.466517e+02 -2.297597e+03
3.466485e+03 -2.173126e+03 3.513083e+03 -1.156198e+03 -1.041126e+03 2.551172e+03 -1.930871e+02 -2.681955e+03
3.802602e+03 -2.251112e+03 3.847346e+03 -1.380843e+03 -1.439346e+03 2.521059e+03 -4.433827e+02 -2.566766e+03
4.828994e+03 -2.194953e+03 4.838116e+03 -1.931457e+03 -1.670043e+03 3.224546e+03 -5.256817e+02 -1.897783e+03
3.635203e+03 -2.201891e+03 3.730069e+03 -1.117132e+03 -9.821590e+02 2.598832e+03 -3.331995e+02 -2.484221e+03
3.704155e+03 -1.708294e+03 3.410442e+03 -1.301436e+03 -1.012912e+03 2.487630e+03 3.774136e+02 -2.430614e+03
4.138588e+03 -2.247643e+03 3.869231e+03 -1.140630e+03 -1.440507e+03 3.245674e+03 -2.830184e+02 -2.505143e+03
4.220257e+03 -2.031119e+03 4.169041e+03 -1.450008e+03 -1.437982e+03 2.871967e+03 -1.540744e+02 -1.890602e+03
3.391809e+03 -2.408023e+03 3.250217e+03 -1.027554e+03 -1.309353e+03 2.289178e+03 -2.359244e+02 -2.797607e+03
3.107671e+03 -2.236306e+03 3.149469e+03 -3.413133e+02 -1.377279e+03 2.604500e+03 -5.372453e+02 -2.674475e+03
4.346900e+03 -2.412653e+03 4.678892e+03 -1.523789e+03 -1.822146e+03 3.079639e+03 -6.460007e+02 -1.939575e+03
3.136359e+03 -2.419913e+03 3.103346e+03 -7.332216e+02 -1.208744e+03 2.584201e+03 -3.430941e+01 -2.459996e+03
3.716076e+03 -2.399989e+03 3.741884e+03 -1.154744e+03 -1.350392e+03 2.694541e+03 -3.068419e+02 -2.398492e+03
3.235826e+03 -1.984694e+03 3.466006e+03 -8.108395e+02 -1.158872e+03 2.626045e+03 -3.160275e+02 -2.662566e+03
3.875741e+03 -2.252421e+03 3.507634e+03 -1.051080e+03 -1.586829e+03 2.672751e+03 5.226692e+01 -2.422012e+03
3.628446e+03 -2.337940e+03 3.709732e+03 -1.101212e+03 -1.371127e+03 2.860835e+03 -4.033882e+02 -2.409677e+03
4.121295e+03 -2.678338e+03 4.510982e+03 -1.290182e+03 -2.020976e+03 3.052894e+03 -6.960078e+02 -1.914460e+03
3.010424e+03 -2.343634e+03 2.963130e+03 -2.774841e+02 -1.334119e+03 2.572329e+03 -2.736447e+02 -2.796346e+03
3.534504e+03 -2.209806e+03 3.515916e+03 -1.016843e+03 -1.031153e+03 2.523495e+03 -2.725631e+02 -2.531897e+03
3.619382e+03 -2.689769e+03 3.481839e+03 -1.000545e+03 -1.474577e+03 2.548227e+03 -8.929185e+01 -2.319212e+03
3.695006e+03 -2.321140e+03 3.676871e+03 -8.964019e+02 -1.512555e+03 2.719094e+03 -4.046118e+02 -2.611146e+03
2.953788e+03 -2.510938e+03 2.397627e+03 -6.052420e+02 -1.225593e+03 2.370781e+03 5.581545e+02 -2.538993e+03
4.101988e+03 -2.239959e+03 3.946519e+03 -1.309331e+03 -1.402762e+03 2.931660e+03 -2.716172e+02 -2.283500e+03
2.761119e+03 -2.169021e+03 3.452028e+03 -9.260214e+02 -1.831809e+03 2.155551e+03 -5.498952e+02 -1.577807e+03
3.850652e+03 -2.484509e+03 3.762123e+03 -1.344236e+03 -1.412556e+03 2.835386e+03 -1.152613e+02 -2.143199e+03
4.133506e+03 -2.066304e+03 3.885517e+03 -1.513220e+03 -1.189402e+03 2.800325e+03 -2.018300e+02 -2.538885e+03
3.613972e+03 -2.195523e+03 3.530889e+03 -1.094068e+03 -1.014301e+03 2.713295e+03 -1.059950e+02 -2.497832e+03
3.990355e+03 -2.041372e+03 4.161302e+03 -1.321336e+03 -1.337197e+03 2.869523e+03 -2.189013e+02 -2.201402e+03
5.307193e+03 -2.094491e+03 5.834968e+03 -2.288465e+03 -1.537593e+03 3.374693e+03 -1.549258e+03 -1.878699e+03
4.152196e+03 -2.234643e+03 4.557459e+03 -1.587194e+03 -1.124065e+03 3.025005e+03 -6.907145e+02 -2.307610e+03
4.177128e+03 -1.995059e+03 3.961740e+03 -1.790036e+03 -1.072667e+03 2.536185e+03 8.594267e+01 -2.669238e+03
3.913063e+03 -2.244767e+03 3.628431e+03 -1.004308e+03 -1.736607e+03 2.867446e+03 -1.308141e+02 -2.254499e+03
4.392602e+03 -2.520155e+03 4.832965e+03 -1.668233e+03 -1.985808e+03 3.123839e+03 -7.543736e+02 -1.985185e+03
3.566277e+03 -2.383992e+03 3.593322e+03 -1.072623e+03 -1.149343e+03 2.703809e+03 -2.692215e+02 -2.534572e+03
3.335181e+03 -1.898014e+03 3.387489e+03 -1.161780e+03 -9.843271e+02 2.488848e+03 1.881615e-01 -2.333780e+03
2.978201e+03 -2.372264e+03 3.084345e+03 -4.603058e+02 -1.376696e+03 2.700173e+03 -1.592757e+02 -2.365583e+03
3.626460e+03 -2.269575e+03 3.325380e+03 -9.515862e+02 -1.373371e+03 2.635162e+03 6.589578e+01 -2.593811e+03
3.807228e+03 -2.201269e+03 3.578874e+03 -9.435786e+02 -1.404922e+03 2.839400e+03 -2.570230e+02 -2.409767e+03
3.491592e+03 -2.336641e+03 3.917695e+03 -9.490577e+02 -2.155979e+03 2.493174e+03 -5.011108e+02 -1.608749e+03
3.578168e+03 -2.320107e+03 3.398154e+03 -7.713692e+02 -1.295868e+03 2.779720e+03 -2.317445e+02 -2.518987e+03
3.672488e+03 -2.349270e+03 3.458131e+03 -9.977352e+02 -1.278190e+03 2.919703e+03 -6.228435e+00 -2.556285e+03
4.196783e+03 -2.088934e+03 3.996869e+03 -1.747341e+03 -1.366512e+03 2.787001e+03 1.666765e+02 -2.401425e+03
3.665688e+03 -2.236273e+03 4.274942e+03 -1.124190e+03 -1.113090e+03 2.939492e+03 -5.944377e+02 -2.403668e+03
3.964747e+03 -1.997929e+03 3.656636e+03 -1.480749e+03 -1.252973e+03 2.503907e+03 3.850355e+02 -2.526270e+03
4.217562e+03 -2.438179e+03 4.700026e+03 -1.522843e+03 -1.994461e+03 2.972953e+03 -9.239899e+02 -1.746783e+03
4.448920e+03 -2.304311e+03 4.297561e+03 -1.491083e+03 -1.707640e+03 3.016985e+03 -6.112265e+02 -2.004104e+03
3.380300e+03 -2.213736e+03 3.091404e+03 -1.091053e+03 -9.148858e+02 2.412180e+03 1.051130e+02 -2.815963e+03
3.484656e+03 -2.323198e+03 2.857597e+03 -1.007239e+03 -1.233114e+03 2.763619e+03 4.668093e+02 -2.780432e+03
4.061597e+03 -1.852831e+03 3.649122e+03 -1.354873e+03 -1.482759e+03 2.550398e+03 2.410707e+02 -2.601643e+03
4.440894e+03 -2.083778e+03 4.488431e+03 -1.782971e+03 -1.396087e+03 3.043494e+03 -3.893339e+02 -2.011991e+03
3.512288e+03 -2.264099e+03 3.655557e+03 -9.568404e+02 -1.274862e+03 2.731656e+03 -4.045518e+02 -2.341612e+03
3.686537e+03 -2.216935e+03 3.216470e+03 -9.910104e+02 -1.437576e+03 2.600295e+03 4.734972e+02 -2.531729e+03
6.849658e+03 -2.294107e+03 7.475803e+03 -3.075382e+03 -1.971101e+03 3.725788e+03 -2.540594e+03 -1.310424e+03
3.945946e+03 -2.040786e+03 3.623120e+03 -1.209870e+03 -9.444599e+02 2.778899e+03 -2.318457e+02 -2.538116e+03
4.021789e+03 -1.864181e+03 4.568592e+03 -1.808017e+03 -1.010569e+03 2.782972e+03 -5.332130e+02 -2.497042e+03
4.617571e+03 -2.373890e+03 4.950561e+03 -1.839627e+03 -1.572457e+03 3.430615e+03 -7.835364e+02 -2.031946e+03
3.411761e+03 -1.881424e+03 3.271999e+03 -1.306255e+03 -6.720647e+02 2.472584e+03 1.115385e+02 -2.731798e+03
4.056487e+03 -2.024845e+03 3.732206e+03 -1.100552e+03 -1.575470e+03 2.734848e+03 -1.328206e+02 -2.237646e+03
4.038928e+03 -2.191415e+03 3.758486e+03 -1.799376e+03 -1.107350e+03 2.588469e+03 1.278897e+02 -2.840832e+03
3.713548e+03 -2.356220e+03 4.058831e+03 -1.024634e+03 -1.457677e+03 2.998775e+03 -7.366184e+02 -2.357939e+03
4.027396e+03 -1.909286e+03 3.771615e+03 -1.131754e+03 -1.524106e+03 2.672346e+03 -9.636621e+01 -2.318082e+03
3.493320e+03 -2.035552e+03 3.771197e+03 -1.384701e+03 -7.447322e+02 2.388034e+03 -2.044141e+02 -2.511292e+03
3.982308e+03 -2.021500e+03 3.885166e+03 -1.175131e+03 -1.666178e+03 2.694442e+03 -3.875923e+02 -2.309580e+03
4.069529e+03 -1.891467e+03 3.576864e+03 -1.131915e+03 -1.524637e+03 2.648463e+03 1.547692e+02 -2.190057e+03
3.617621e+03 -2.230931e+03 3.387002e+03 -1.119678e+03 -1.167308e+03 2.483713e+03 -3.310320e+02 -2.846801e+03
3.899323e+03 -2.265610e+03 3.645412e+03 -1.128640e+03 -1.273855e+03 2.979468e+03 -1.310028e+02 -2.593637e+03
3.985707e+03 -2.246736e+03 4.075745e+03 -1.342327e+03 -1.326841e+03 3.064227e+03 -4.606136e+02 -2.373763e+03
3.212153e+03 -2.324962e+03 3.206533e+03 -7.126309e+02 -1.077494e+03 2.607152e+03 -1.351464e+02 -2.610019e+03
3.221323e+03 -2.360369e+03 3.218590e+03 -8.223361e+02 -1.211969e+03 2.639729e+03 -7.469186e+01 -2.464115e+03
3.796389e+03 -2.059009e+03 3.447886e+03 -1.417725e+03 -9.056898e+02 2.573306e+03 2.239510e+02 -2.746624e+03
3.797952e+03 -2.300162e+03 3.803951e+03 -1.355314e+03 -1.011356e+03 2.639498e+03 -3.374893e+02 -2.532943e+03
3.050572e+03 -2.173691e+03 3.372932e+03 -4.025706e+02 -1.589833e+03 2.907437e+03 -5.626654e+02 -2.475664e+03
3.313242e+03 -2.198223e+03 3.615556e+03 -1.105551e+03 -9.905566e+02 2.424578e+03 -3.811702e+02 -2.512762e+03
2.972504e+03 -1.937171e+03 3.301727e+03 -5.724632e+02 -1.334632e+03 2.469843e+03 -4.859982e+02 -2.567627e+03
3.820000e+03 -2.286316e+03 3.706072e+03 -1.505118e+03 -1.097138e+03 2.666209e+03 -1.090373e+02 -2.640089e+03
4.216664e+03 -2.199961e+03 4.510197e+03 -1.792387e+03 -1.352703e+03 3.095588e+03 -4.350004e+02 -2.093223e+03
3.473299e+03 -1.987162e+03 3.625689e+03 -1.189644e+03 -1.091293e+03 2.448666e+03 -2.176548e+02 -2.382889e+03
4.302057e+03 -2.375987e+03 4.812093e+03 -1.655941e+03 -1.721849e+03 3.026090e+03 -8.457573e+02 -1.859027e+03
3.354350e+03 -1.859081e+03 3.374525e+03 -1.146785e+03 -1.059043e+03 2.259836e+03 1.145562e+01 -2.656615e+03
3.737511e+03 -1.863459e+03 4.134418e+03 -1.502484e+03 -9.189247e+02 2.523410e+03 -4.284195e+02 -2.545375e+03
3.244090e+03 -2.426059e+03 3.191015e+03 -5.608407e+02 -1.419781e+03 2.649821e+03 -2.453906e+02 -2.563756e+03
3.570391e+03 -2.157481e+03 3.174545e+03 -9.074168e+02 -1.247148e+03 2.815795e+03 3.111032e+02 -2.597488e+03
3.609535e+03 -2.397819e+03 3.324014e+03 -1.100763e+03 -1.236802e+03 2.796363e+03 -8.760718e+00 -2.577948e+03
3.513326e+03 -1.821479e+03 3.274306e+03 -6.558936e+02 -1.255960e+03 2.690451e+03 -4.941153e+02 -2.768888e+03
4.245995e+03 -2.554564e+03 4.355684e+03 -1.501334e+03 -1.631845e+03 3.050740e+03 -5.328549e+02 -2.154536e+03
3.833221e+03 -1.870193e+03 3.480122e+03 -1.159359e+03 -1.291530e+03 2.484235e+03 2.914044e+02 -2.513102e+03
4.485867e+03 -2.161147e+03 5.057519e+03 -1.803758e+03 -1.372581e+03 3.176532e+03 -9.141630e+02 -2.228147e+03
3.767864e+03 -1.938341e+03 3.655052e+03 -1.379368e+03 -1.117009e+03 2.498795e+03 -9.721369e+00 -2.444618e+03
3.750977e+03 -2.190847e+03 3.813360e+03 -1.085404e+03 -1.314468e+03 2.780081e+03 -4.501687e+02 -2.312795e+03
3.193351e+03 -2.182731e+03 3.057316e+03 -5.993303e+02 -1.114464e+03 2.418799e+03 -3.543164e+02 -2.715385e+03
4.270040e+03 -2.367140e+03 4.641370e+03 -1.778471e+03 -1.537032e+03 2.760416e+03 -7.187837e+02 -1.738926e+03
4.130185e+03 -2.250965e+03 3.598992e+03 -1.073743e+03 -1.541196e+03 3.064971e+03 6.031342e+00 -2.338102e+03
3.672696e+03 -2.387050e+03 4.070010e+03 -1.277972e+03 -1.232216e+03 2.643797e+03 -6.051329e+02 -2.452994e+03
2.588757e+03 -2.347279e+03 3.120043e+03 -1.000996e+03 -1.742376e+03 2.335658e+03 -7.804461e+02 -1.821544e+03
2.561861e+03 -2.403032e+03 3.104256e+03 -8.150835e+02 -2.021077e+03 2.465537e+03 -8.235514e+02 -1.818498e+03
4.017969e+03 -1.819611e+03 4.206607e+03 -1.550399e+03 -2.581514e+03 3.044644e+03 -1.230904e+03 -1.709380e+03
2.621795e+03 -2.226582e+03 3.315965e+03 -9.456305e+02 -1.894950e+03 2.591659e+03 -9.130694e+02 -1.706653e+03
4.098601e+03 -2.302826e+03 5.235236e+03 -2.030183e+03 -2.436210e+03 3.170519e+03 -2.038908e+03 -9.573796e+02
2.555654e+03 -2.541541e+03 2.893895e+03 -1.203395e+02 -1.556157e+03 2.578727e+03 -6.503679e+02 -2.121771e+03
2.931121e+03 -2.360855e+03 3.183919e+03 -8.209201e+02 -1.568359e+03 2.620947e+03 -5.592769e+02 -1.996604e+03
2.688482e+03 -1.485490e+03 3.169692e+03 -4.773748e+02 -2.431299e+03 2.111163e+03 -8.558537e+02 -1.887778e+03
2.598615e+03 -2.238513e+03 3.190911e+03 -6.963515e+02 -2.221229e+03 2.522768e+03 -8.555156e+02 -1.597614e+03
2.772799e+03 -1.663185e+03 3.160931e+03 -6.204758e+02 -2.231398e+03 2.360064e+03 -7.096106e+02 -1.936300e+03
2.721038e+03 -2.442065e+03 3.317430e+03 -9.157119e+02 -2.128625e+03 2.629305e+03 -8.723014e+02 -1.597779e+03
2.433080e+03 -2.506705e+03 3.244886e+03 -7.171746e+02 -2.468749e+03 2.653900e+03 -7.606441e+02 -1.610023e+03
3.020518e+03 -2.056707e+03 3.594026e+03 -1.103667e+03 -1.634240e+03 2.708356e+03 -9.972003e+02 -1.641381e+03
2.250741e+03 -2.519955e+03 2.814570e+03 -4.742976e+02 -2.115649e+03 2.440596e+03 -5.885591e+02 -1.742124e+03
2.856265e+03 -1.927765e+03 3.528700e+03 -7.807146e+02 -1.870392e+03 2.979568e+03 -9.873498e+02 -1.688510e+03
2.834582e+03 -1.599771e+03 3.387823e+03 -6.808217e+02 -2.451062e+03 2.462275e+03 -9.535078e+02 -1.849659e+03
3.266706e+03 -1.840878e+03 3.543473e+03 -1.158797e+03 -2.523876e+03 2.894204e+03 -7.172163e+02 -1.780347e+03
2.295015e+03 -2.558269e+03 2.894067e+03 -6.873018e+02 -2.258831e+03 2.413195e+03 -7.235402e+02 -1.792631e+03
3.226039e+03 -1.999930e+03 3.691637e+03 -9.861858e+02 -2.445233e+03 2.696372e+03 -7.223010e+02 -1.494136e+03
2.443342e+03 -1.686597e+03 3.039054e+03 -3.655325e+02 -2.304310e+03 2.304881e+03 -8.842921e+02 -1.893826e+03
2.658508e+03 -1.630453e+03 3.239473e+03 -6.697107e+02 -1.996189e+03 2.060548e+03 -9.307950e+02 -1.765717e+03
3.175212e+03 -2.126884e+03 3.792592e+03 -1.373910e+03 -2.020737e+03 2.565499e+03 -1.273758e+03 -1.597734e+03
2.565293e+03 -2.070137e+03 2.609461e+03 -7.224240e+02 -1.732132e+03 2.271825e+03 -4.001613e+02 -2.019645e+03
2.412369e+03 -1.903203e+03 2.923169e+03 -5.286628e+02 -2.181899e+03 2.417280e+03 -5.839452e+02 -1.912567e+03
2.465705e+03 -1.878550e+03 2.769967e+03 -5.385435e+02 -2.078065e+03 2.259150e+03 -6.687077e+02 -1.965798e+03
3.751935e+03 -1.866995e+03 3.814117e+03 -1.457482e+03 -2.047964e+03 3.027860e+03 -8.372877e+02 -1.827092e+03
2.824519e+03 -2.154835e+03 3.236799e+03 -6.109550e+02 -2.714194e+03 2.555804e+03 -8.444244e+02 -1.890973e+03
2.158373e+03 -2.434585e+03 2.688207e+03 -1.980396e+02 -2.060748e+03 2.403261e+03 -6.634885e+02 -1.715020e+03
2.846626e+03 -2.203779e+03 3.698902e+03 -9.067141e+02 -1.780150e+03 2.710147e+03 -1.107965e+03 -1.657930e+03
2.679741e+03 -1.807633e+03 2.812134e+03 -6.978348e+02 -1.874571e+03 2.329853e+03 -5.453770e+02 -1.990498e+03
3.581151e+03 -1.768348e+03 4.060604e+03 -1.518898e+03 -2.717177e+03 2.977936e+03 -1.018105e+03 -1.645184e+03
2.085055e+03 -2.803457e+03 2.818214e+03 -4.081080e+02 -2.301790e+03 2.479472e+03 -5.965470e+02 -1.685853e+03
4.560120e+03 -2.170488e+03 4.224192e+03 -1.696098e+03 -2.369706e+03 3.384400e+03 -8.028667e+02 -1.840161e+03
2.493720e+03 -1.992538e+03 2.684922e+03 -4.672131e+02 -1.901102e+03 2.392616e+03 -5.934129e+02 -2.015577e+03
2.486107e+03 -2.085834e+03 2.957582e+03 -6.211116e+02 -2.290977e+03 2.483015e+03 -7.045959e+02 -1.774911e+03
2.489593e+03 -1.662298e+03 3.112943e+03 -4.347067e+02 -2.310416e+03 2.369953e+03 -7.438830e+02 -1.966013e+03
3.408912e+03 -2.091221e+03 3.744483e+03 -1.429636e+03 -2.073798e+03 2.690504e+03 -1.099580e+03 -1.561753e+03
2.872802e+03 -2.583715e+03 2.980495e+03 -8.206809e+02 -1.655886e+03 2.592055e+03 -5.825726e+02 -1.990609e+03
3.617924e+03 -1.738407e+03 3.812583e+03 -1.391618e+03 -2.363827e+03 3.015497e+03 -5.543550e+02 -1.921545e+03
3.131629e+03 -1.880995e+03 3.573115e+03 -1.102395e+03 -2.106165e+03 2.177363e+03 -1.142781e+03 -1.706241e+03
3.396982e+03 -2.255569e+03 3.747746e+03 -1.498667e+03 -1.826843e+03 2.861000e+03 -9.520928e+02 -1.789189e+03
3.026290e+03 -2.421366e+03 2.913970e+03 -9.934646e+02 -1.536601e+03 2.550054e+03 -6.009620e+02 -2.003398e+03
2.145494e+03 -2.103883e+03 2.639049e+03 -2.089675e+02 -2.211280e+03 2.229880e+03 -5.280152e+02 -1.939140e+03
2.609428e+03 -2.390404e+03 3.372763e+03 -9.727738e+02 -2.166535e+03 2.749386e+03 -9.549021e+02 -1.561163e+03
2.367152e+03 -1.995787e+03 2.881358e+03 -5.402804e+02 -2.248645e+03 2.294626e+03 -5.394288e+02 -1.990166e+03
2.404925e+03 -2.469100e+03 2.498094e+03 -4.984206e+02 -1.686708e+03 2.246437e+03 -7.449616e+02 -2.059218e+03
3.363157e+03 -2.116600e+03 4.068485e+03 -1.239686e+03 -2.213583e+03 3.293963e+03 -6.013841e+02 -1.681359e+03
2.404811e+03 -2.539647e+03 3.021015e+03 -6.612941e+02 -2.083305e+03 2.449631e+03 -8.711866e+02 -1.687155e+03
3.184329e+03 -1.852701e+03 3.444976e+03 -1.043916e+03 -2.441994e+03 2.768645e+03 -8.564986e+02 -1.796087e+03
4.042100e+03 -1.542570e+03 4.571161e+03 -1.650572e+03 -2.664517e+03 2.996625e+03 -1.260315e+03 -1.731901e+03
2.206876e+03 -2.811937e+03 2.697081e+03 -5.309461e+02 -2.094213e+03 2.446969e+03 -5.525391e+02 -1.822824e+03
3.124308e+03 -2.253069e+03 3.475330e+03 -1.083823e+03 -2.287388e+03 2.604744e+03 -9.996871e+02 -1.761717e+03
3.742068e+03 -2.012078e+03 3.620067e+03 -1.499291e+03 -2.186796e+03 2.962384e+03 -6.588881e+02 -2.101773e+03
2.404716e+03 -2.548291e+03 2.949047e+03 -8.239865e+02 -1.645661e+03 2.487776e+03 -6.100548e+02 -1.759649e+03
2.603935e+03 -2.566859e+03 2.910281e+03 -7.672907e+02 -2.090372e+03 2.509310e+03 -7.026949e+02 -1.826166e+03
2.693118e+03 -2.679143e+03 2.793201e+03 -4.778991e+02 -1.680183e+03 2.612274e+03 -4.020303e+02 -2.074050e+03
6.199921e+03 -2.148503e+03 7.599334e+03 -3.101067e+03 -2.889308e+03 3.770767e+03 -3.203899e+03 -6.985904e+02
2.122042e+03 -2.793302e+03 2.346138e+03 -7.630307e+01 -1.734355e+03 2.272799e+03 -4.067500e+02 -2.038304e+03
2.711651e+03 -2.159837e+03 3.403729e+03 -8.880101e+02 -2.428707e+03 2.569602e+03 -1.048165e+03 -1.625806e+03
2.524497e+03 -2.223214e+03 3.217022e+03 -6.660098e+02 -2.473107e+03 2.623874e+03 -6.905352e+02 -1.648338e+03
2.488329e+03 -1.755826e+03 2.917194e+03 -2.987815e+02 -2.295904e+03 2.115626e+03 -6.451184e+02 -2.024722e+03
2.271131e+03 -2.679795e+03 2.679036e+03 -5.311385e+02 -1.713602e+03 2.307265e+03 -6.879692e+02 -1.804790e+03
3.218030e+03 -2.095503e+03 3.773874e+03 -1.267334e+03 -2.356017e+03 2.831299e+03 -1.113529e+03 -1.571521e+03
2.485359e+03 -2.676267e+03 3.341428e+03 -9.536856e+02 -1.845925e+03 2.496579e+03 -8.606184e+02 -1.613536e+03
3.489031e+03 -1.561080e+03 3.859671e+03 -1.254619e+03 -2.357577e+03 2.900432e+03 -7.973242e+02 -1.718953e+03
2.720035e+03 -2.320096e+03 2.930958e+03 -8.123034e+02 -1.682943e+03 2.370501e+03 -8.303586e+02 -1.903050e+03
2.182961e+03 -2.503129e+03 2.283053e+03 -2.434984e+02 -1.612537e+03 2.347073e+03 -2.487658e+02 -2.077992e+03
2.930551e+03 -1.979918e+03 3.446511e+03 -1.036378e+03 -2.356577e+03 2.645837e+03 -9.403711e+02 -1.704612e+03
2.787593e+03 -1.805066e+03 3.183071e+03 -6.943153e+02 -2.469443e+03 2.416845e+03 -7.982011e+02 -1.871738e+03
2.851605e+03 -2.151546e+03 3.093235e+03 -9.385399e+02 -1.866459e+03 2.531464e+03 -8.607534e+02 -1.869664e+03
4.135206e+03 -1.797226e+03 4.246380e+03 -1.698854e+03 -2.445165e+03 3.228931e+03 -8.890505e+02 -1.886526e+03
2.746095e+03 -1.682888e+03 3.227411e+03 -6.845994e+02 -2.299265e+03 2.431237e+03 -7.788320e+02 -1.927387e+03
3.699816e+03 -2.083677e+03 3.770260e+03 -1.287258e+03 -2.410982e+03 3.074081e+03 -5.033591e+02 -1.797619e+03
2.270130e+03 -2.757476e+03 2.968205e+03 -6.051324e+02 -2.098730e+03 2.497915e+03 -6.672826e+02 -1.656848e+03
2.806264e+03 -1.424442e+03 3.460767e+03 -5.780584e+02 -2.422659e+03 2.077904e+03 -9.565712e+02 -1.851776e+03
2.566645e+03 -2.007277e+03 3.030021e+03 -6.677572e+02 -1.937606e+03 2.401261e+03 -6.613247e+02 -1.905036e+03
3.985377e+03 -1.803249e+03 4.386650e+03 -1.699148e+03 -2.719420e+03 3.042397e+03 -1.370178e+03 -1.689936e+03
2.648636e+03 -1.552453e+03 3.028405e+03 -4.888104e+02 -2.134788e+03 2.123262e+03 -6.804738e+02 -2.149810e+03
2.287499e+03 -2.654145e+03 2.907390e+03 -6.539484e+02 -2.044490e+03 2.551955e+03 -6.308306e+02 -1.753084e+03
2.776270e+03 -1.615581e+03 3.265470e+03 -6.849341e+02 -2.178052e+03 2.005959e+03 -8.553194e+02 -1.925673e+03
3.297782e+03 -2.295091e+03 3.671507e+03 -1.280437e+03 -2.277427e+03 2.858290e+03 -9.624529e+02 -1.596912e+03
2.454320e+03 -1.916107e+03 3.012755e+03 -4.640163e+02 -2.203156e+03 2.292021e+03 -8.648407e+02 -1.821289e+03
2.337764e+03 -2.411530e+03 2.408621e+03 -6.010505e+02 -1.610283e+03 2.185539e+03 -4.288045e+02 -1.883431e+03
2.229693e+03 -1.892434e+03 2.541288e+03 -6.559754e+00 -2.291645e+03 2.216657e+03 -5.576453e+02 -2.142407e+03
2.737515e+03 -2.316111e+03 3.146910e+03 -3.808445e+02 -1.741636e+03 2.607679e+03 -7.997207e+02 -2.020440e+03
3.834545e+03 -1.958985e+03 3.727681e+03 -1.443963e+03 -2.380538e+03 3.059558e+03 -6.571139e+02 -2.075553e+03
3.372860e+03 -1.970707e+03 3.487930e+03 -9.372698e+02 -2.402039e+03 2.857477e+03 -4.460690e+02 -2.149452e+03
2.656990e+03 -2.203276e+03 3.019373e+03 -8.570559e+02 -2.260694e+03 2.588730e+03 -5.477643e+02 -1.888452e+03
2.181450e+03 -2.793404e+03 2.738853e+03 -4.562683e+02 -1.933474e+03 2.357048e+03 -7.110632e+02 -1.764013e+03
2.570579e+03 -2.061396e+03 3.015113e+03 -7.916325e+02 -1.904030e+03 2.569336e+03 -4.943257e+02 -1.912417e+03
2.381077e+03 -2.256800e+03 2.826115e+03 -5.326397e+02 -2.379874e+03 2.594892e+03 -4.542474e+02 -1.922192e+03
2.439885e+03 -2.320000e+03 3.035844e+03 -4.915044e+02 -2.258302e+03 2.580495e+03 -6.182684e+02 -1.811290e+03
2.624403e+03 -2.346806e+03 3.621268e+03 -8.238555e+02 -2.284271e+03 2.586960e+03 -1.114424e+03 -1.577694e+03
2.926114e+03 -2.098150e+03 3.543183e+03 -1.166209e+03 -2.216427e+03 2.689236e+03 -1.108477e+03 -1.619480e+03
2.487491e+03 -2.539263e+03 3.266587e+03 -7.110346e+02 -2.265003e+03 2.607985e+03 -8.639916e+02 -1.667900e+03
2.761842e+03 -2.128425e+03 3.301396e+03 -9.383863e+02 -2.178642e+03 2.604126e+03 -7.042488e+02 -1.677263e+03
3.622987e+03 -1.728257e+03 3.946010e+03 -1.633448e+03 -2.365731e+03 2.996842e+03 -8.393831e+02 -1.799536e+03
2.669882e+03 -2.546378e+03 3.358440e+03 -1.032265e+03 -2.125484e+03 2.562883e+03 -9.589565e+02 -1.604618e+03
2.420496e+03 -2.223397e+03 3.249557e+03 -7.176391e+02 -2.209826e+03 2.531874e+03 -8.380937e+02 -1.703177e+03
2.947421e+03 -2.009440e+03 3.469133e+03 -1.206435e+03 -2.208116e+03 2.615763e+03 -9.157207e+02 -1.620479e+03
3.249778e+03 -2.156106e+03 4.157385e+03 -1.453593e+03 -2.552737e+03 2.923227e+03 -1.275060e+03 -1.318696e+03
2.410144e+03 -2.421534e+03 3.151604e+03 -6.359167e+02 -2.190577e+03 2.594955e+03 -7.863567e+02 -1.624040e+03
2.444853e+03 -1.886532e+03 2.999881e+03 -5.684512e+02 -2.196791e+03 2.470283e+03 -7.426349e+02 -1.838117e+03
2.456263e+03 -2.694472e+03 3.103399e+03 -8.666024e+02 -1.928177e+03 2.349877e+03 -8.301438e+02 -1.697123e+03
2.558984e+03 -2.508065e+03 3.092730e+03 -8.667512e+02 -2.174465e+03 2.608434e+03 -7.857027e+02 -1.712332e+03
2.887152e+03 -2.075115e+03 2.849638e+03 -4.793530e+02 -2.164778e+03 2.417940e+03 -6.208714e+02 -2.081630e+03
2.424697e+03 -1.819293e+03 2.849432e+03 -3.366013e+02 -2.398829e+03 2.455753e+03 -5.670826e+02 -2.016850e+03
6.958674e+03 -1.929038e+03 7.797457e+03 -3.386077e+03 -3.108319e+03 4.003690e+03 -3.134061e+03 -8.481685e+02
2.168514e+03 -2.525931e+03 2.644837e+03 -5.237725e+02 -1.840631e+03 2.402465e+03 -4.982677e+02 -2.021539e+03
2.922871e+03 -1.608849e+03 3.280466e+03 -9.470721e+02 -2.079916e+03 2.390178e+03 -9.404759e+02 -1.994439e+03
2.002330e+03 -2.571900e+03 2.631816e+03 -3.359745e+02 -2.056709e+03 2.541792e+03 -3.485657e+02 -1.886281e+03
2.431166e+03 -2.277456e+03 3.364553e+03 -6.411955e+02 -2.469698e+03 2.637914e+03 -8.868392e+02 -1.628153e+03
2.446544e+03 -1.502249e+03 2.929895e+03 -3.527788e+02 -2.284034e+03 2.136584e+03 -7.468881e+02 -1.565901e+03
2.784098e+03 -1.672626e+03 3.448882e+03 -8.378862e+02 -2.488568e+03 2.463469e+03 -9.846342e+02 -1.731594e+03
3.073905e+03 -1.592273e+03 3.632793e+03 -9.838266e+02 -2.405007e+03 2.666249e+03 -7.638973e+02 -1.742569e+03
2.834306e+03 -1.785531e+03 3.770670e+03 -5.918215e+02 -2.197645e+03 2.176681e+03 -1.025331e+03 -1.301195e+03
2.675706e+03 -2.199444e+03 3.424179e+03 -9.067282e+02 -2.129229e+03 2.456971e+03 -1.072226e+03 -1.639663e+03
2.777499e+03 -2.155116e+03 2.936160e+03 -9.104477e+02 -1.848372e+03 2.290328e+03 -6.571882e+02 -1.766975e+03
3.218282e+03 -1.696426e+03 3.519130e+03 -9.525282e+02 -2.027824e+03 2.804553e+03 -5.646413e+02 -1.836443e+03
2.999684e+03 -1.709904e+03 3.756233e+03 -8.468519e+02 -2.132802e+03 2.322226e+03 -8.916638e+02 -1.460724e+03
2.769783e+03 -1.890921e+03 3.423927e+03 -9.110914e+02 -2.160596e+03 2.455935e+03 -1.088416e+03 -1.733740e+03
3.211634e+03 -1.811688e+03 3.490258e+03 -9.983018e+02 -2.335036e+03 2.475119e+03 -7.131156e+02 -1.909669e+03
2.840527e+03 -2.229377e+03 3.409640e+03 -9.748495e+02 -2.050060e+03 2.697650e+03 -8.874904e+02 -1.618983e+03
2.534821e+03 -2.160521e+03 3.014343e+03 -8.428118e+02 -2.251219e+03 2.413599e+03 -5.947640e+02 -1.838472e+03
2.769310e+03 -1.694325e+03 3.255057e+03 -5.807970e+02 -2.363644e+03 2.099865e+03 -8.697486e+02 -1.813044e+03
3.304474e+03 -1.931646e+03 3.800352e+03 -1.409357e+03 -2.407296e+03 2.738310e+03 -8.570736e+02 -1.584030e+03
2.957882e+03 -2.216573e+03 3.562861e+03 -1.151255e+03 -2.166829e+03 2.658640e+03 -1.003055e+03 -1.564985e+03
3.261718e+03 -2.439551e+03 3.199320e+03 -9.980978e+02 -2.321295e+03 2.782395e+03 -4.187159e+02 -1.944923e+03
3.455831e+03 -1.946057e+03 3.839812e+03 -1.405850e+03 -2.211382e+03 2.922819e+03 -7.365863e+02 -1.892805e+03
3.279847e+03 -1.577593e+03 3.610093e+03 -1.347620e+03 -2.265658e+03 2.998758e+03 -7.606532e+02 -1.823491e+03
2.731848e+03 -1.950698e+03 3.208308e+03 -9.928657e+02 -1.933583e+03 2.262529e+03 -9.129553e+02 -1.841404e+03
2.879570e+03 -2.202760e+03 3.589770e+03 -1.208631e+03 -1.732930e+03 2.651039e+03 -9.877343e+02 -1.641374e+03
2.686280e+03 -2.227828e+03 3.120936e+03 -6.951511e+02 -1.875549e+03 2.532091e+03 -8.684081e+02 -1.842290e+03
2.230714e+03 -2.809053e+03 2.839892e+03 -5.118482e+02 -2.213413e+03 2.449140e+03 -7.215740e+02 -1.639869e+03
2.759645e+03 -2.115096e+03 2.864718e+03 -6.577365e+02 -1.930975e+03 2.526974e+03 -6.663374e+02 -1.971858e+03
1.986109e+03 -2.902995e+03 2.571807e+03 -3.590445e+02 -1.858342e+03 2.276387e+03 -5.969651e+02 -1.830046e+03
3.931529e+03 -1.911521e+03 3.972047e+03 -1.519230e+03 -2.327450e+03 3.179454e+03 -5.504191e+02 -1.665359e+03
2.967056e+03 -1.890247e+03 3.483681e+03 -1.173064e+03 -2.484250e+03 2.677973e+03 -7.114863e+02 -1.701427e+03
2.837991e+03 -2.009030e+03 2.986872e+03 -8.160218e+02 -2.056333e+03 2.502797e+03 -6.761039e+02 -1.955236e+03
2.841169e+03 -2.300795e+03 3.571763e+03 -7.219950e+02 -1.892414e+03 2.599194e+03 -9.274661e+02 -1.698674e+03
2.479563e+03 -1.752571e+03 2.877175e+03 -4.446298e+02 -2.132398e+03 2.220316e+03 -5.876232e+02 -2.026013e+03
2.297676e+03 -2.476112e+03 1.988510e+03 -1.026422e+01 -1.982357e+03 2.249443e+03 -2.389467e+02 -2.263155e+03
2.907854e+03 -2.066395e+03 3.352999e+03 -9.959595e+02 -2.386173e+03 2.570844e+03 -8.794353e+02 -1.642031e+03
2.676661e+03 -1.838139e+03 3.033843e+03 -7.759632e+02 -2.151426e+03 2.293244e+03 -7.832158e+02 -1.772574e+03
2.508163e+03 -2.568712e+03 3.212876e+03 -9.692079e+02 -1.807073e+03 2.378268e+03 -9.244955e+02 -1.684893e+03
6.205380e+03 -1.664407e+03 7.224834e+03 -2.696387e+03 -2.812276e+03 3.447816e+03 -2.994342e+03 -6.064341e+02
2.697036e+03 -1.609096e+03 3.378838e+03 -6.928801e+02 -2.432794e+03 2.337577e+03 -9.235797e+02 -1.927147e+03
2.298419e+03 -1.677691e+03 2.786000e+03 -4.452459e+02 -2.043060e+03 1.922712e+03 -5.441077e+02 -2.003171e+03
2.565204e+03 -2.643578e+03 3.077707e+03 -8.598422e+02 -1.889716e+03 2.383205e+03 -8.994378e+02 -1.773646e+03
2.395240e+03 -1.940369e+03 3.064910e+03 -5.096226e+02 -2.377327e+03 2.263286e+03 -7.451368e+02 -1.984874e+03
1.901560e+03 -2.863846e+03 2.527322e+03 -2.551996e+02 -2.156411e+03 2.302258e+03 -4.614518e+02 -1.819404e+03
5.535666e+03 -2.009591e+03 5.865500e+03 -2.775067e+03 -2.444598e+03 3.652646e+03 -2.067376e+03 -1.240872e+03
5.789101e+03 -2.501508e+03 7.081019e+03 -3.345196e+03 -2.872278e+03 3.694637e+03 -3.032346e+03 -6.692597e+02
2.404953e+03 -1.901704e+03 2.801098e+03 -5.983665e+02 -1.986212e+03 2.180194e+03 -7.477369e+02 -2.036312e+03
2.516197e+03 -1.625359e+03 3.305233e+03 -5.151586e+02 -2.746443e+03 2.488916e+03 -7.025840e+02 -1.843280e+03
2.573924e+03 -2.574473e+03 3.645055e+03 -9.213845e+02 -2.170230e+03 2.707160e+03 -1.110732e+03 -1.570841e+03
2.299058e+03 -2.675781e+03 2.533233e+03 -5.371613e+02 -1.790648e+03 2.401006e+03 -4.572461e+02 -1.932211e+03
2.626610e+03 -2.008930e+03 3.142847e+03 -8.770933e+02 -2.169224e+03 2.346479e+03 -9.018952e+02 -1.811350e+03
2.307544e+03 -2.613763e+03 3.011008e+03 -7.941087e+02 -2.032021e+03 2.534408e+03 -7.573225e+02 -1.714872e+03
3.124778e+03 -2.063015e+03 3.255350e+03 -1.134831e+03 -2.141651e+03 2.913031e+03 -4.266008e+02 -1.889206e+03
2.163216e+03 -2.584226e+03 3.188011e+03 -5.161076e+02 -1.833705e+03 2.338755e+03 -7.365836e+02 -1.639690e+03
2.475351e+03 -2.462902e+03 2.379828e+03 -3.992928e+02 -2.104554e+03 2.400569e+03 -4.138407e+02 -2.053260e+03
2.717511e+03 -2.240722e+03 3.022954e+03 -7.181721e+02 -2.465148e+03 2.664356e+03 -7.283218e+02 -1.796677e+03
1.985684e+03 -2.438768e+03 2.887911e+03 -2.183938e+02 -2.050092e+03 2.300572e+03 -7.299415e+02 -1.786162e+03
2.398028e+03 -2.495216e+03 3.027918e+03 -6.216986e+02 -2.081224e+03 2.494959e+03 -8.071446e+02 -1.790826e+03
2.285055e+03 -2.464925e+03 2.897701e+03 -7.614638e+02 -1.807565e+03 2.422023e+03 -6.727820e+02 -1.789797e+03
2.195340e+03 -2.805024e+03 2.625901e+03 -3.200943e+02 -1.750349e+03 2.471174e+03 -4.362758e+02 -1.901676e+03
3.397618e+03 -2.229710e+03 3.452845e+03 -1.254109e+03 -2.232012e+03 2.820103e+03 -6.738872e+02 -1.747491e+03
2.331019e+03 -1.968875e+03 2.860850e+03 -3.591639e+02 -2.247123e+03 2.349464e+03 -6.188873e+02 -1.993129e+03
2.499392e+03 -2.261215e+03 3.384876e+03 -8.906257e+02 -2.286019e+03 2.573261e+03 -8.413401e+02 -1.581626e+03
2.548350e+03 -2.270497e+03 2.832070e+03 -6.924725e+02 -1.754878e+03 2.334535e+03 -6.431086e+02 -1.847136e+03
2.045793e+03 -2.678074e+03 2.614355e+03 -5.082740e+02 -1.810902e+03 2.230642e+03 -6.468329e+02 -1.888251e+03
2.671176e+03 -1.575366e+03 3.154064e+03 -5.869583e+02 -2.327668e+03 2.383559e+03 -7.010748e+02 -1.921752e+03
2.473562e+03 -2.600843e+03 2.749356e+03 -7.110367e+02 -1.675212e+03 2.397245e+03 -5.946016e+02 -1.837226e+03
2.401361e+03 -2.615618e+03 3.202469e+03 -6.867884e+02 -1.878270e+03 2.399182e+03 -8.706680e+02 -1.762819e+03
2.339765e+03 -2.295776e+03 3.028629e+03 -5.249718e+02 -2.451558e+03 2.471221e+03 -7.593629e+02 -1.725990e+03
3.158551e+03 -2.003703e+03 3.594414e+03 -9.883182e+02 -2.553819e+03 2.660430e+03 -1.144531e+03 -1.671611e+03
2.514395e+03 -2.484890e+03 2.835331e+03 -6.900679e+02 -1.588282e+03 2.442934e+03 -5.966476e+02 -2.048694e+03
2.524308e+03 -1.710626e+03 3.023502e+03 -4.358984e+02 -2.544824e+03 2.475592e+03 -5.869504e+02 -1.975384e+03
2.242431e+03 -2.657795e+03 2.722052e+03 -3.216383e+02 -1.668172e+03 2.350810e+03 -4.170240e+02 -1.899510e+03
2.817013e+03 -2.158772e+03 3.218874e+03 -6.338557e+02 -1.719262e+03 2.792451e+03 -8.386784e+02 -1.848722e+03
3.321543e+03 -2.240832e+03 3.699902e+03 -9.675291e+02 -1.964350e+03 3.041823e+03 -7.769788e+02 -1.851474e+03
3.162142e+03 -1.748821e+03 3.603671e+03 -9.687522e+02 -2.396798e+03 2.465705e+03 -8.305223e+02 -1.765738e+03
2.560745e+03 -2.029744e+03 3.199901e+03 -5.504939e+02 -2.475282e+03 2.521499e+03 -8.920679e+02 -1.712669e+03
2.916980e+03 -1.652553e+03 3.457994e+03 -7.545866e+02 -2.653927e+03 2.537305e+03 -8.726796e+02 -1.884959e+03
2.746903e+03 -2.277384e+03 3.390549e+03 -1.129548e+03 -1.949737e+03 2.471568e+03 -1.057540e+03 -1.725809e+03
2.466392e+03 -2.405023e+03 2.978926e+03 -6.187657e+02 -2.287110e+03 2.629553e+03 -6.058254e+02 -1.817503e+03
2.997619e+03 -1.974516e+03 3.667589e+03 -1.100029e+03 -2.595947e+03 2.687810e+03 -1.147793e+03 -1.528970e+03
2.990258e+03 -1.717300e+03 3.427120e+03 -8.428109e+02 -2.530063e+03 2.552022e+03 -9.382289e+02 -1.785812e+03
2.461746e+03 -2.699678e+03 2.999084e+03 -6.906870e+02 -2.155986e+03 2.521011e+03 -7.393464e+02 -1.734262e+03
2.714581e+03 -1.868745e+03 3.189663e+03 -8.213178e+02 -2.418774e+03 2.493027e+03 -7.351539e+02 -1.693030e+03
2.660325e+03 -2.620232e+03 2.554421e+03 -2.352833e+02 -1.500945e+03 2.550904e+03 -4.372750e+02 -2.282361e+03
3.472092e+03 -2.293445e+03 4.178288e+03 -1.539510e+03 -2.439431e+03 2.807135e+03 -1.254643e+03 -1.357773e+03
3.670318e+03 -1.908726e+03 3.374564e+03 -1.223948e+03 -2.046584e+03 3.018132e+03 -4.470693e+02 -2.212970e+03
2.969830e+03 -1.477215e+03 3.560638e+03 -6.589846e+02 -2.606380e+03 2.439547e+03 -1.021369e+03 -1.838700e+03
3.546760e+03 -1.856170e+03 4.014211e+03 -1.391260e+03 -2.408865e+03 2.888307e+03 -1.046104e+03 -1.689041e+03
3.505488e+03 -1.952294e+03 4.153739e+03 -1.585239e+03 -2.379965e+03 3.082425e+03 -1.160889e+03 -1.488656e+03
2.766284e+03 -1.973767e+03 3.227088e+03 -1.016521e+03 -1.999711e+03 2.481737e+03 -7.819094e+02 -1.840786e+03
3.009775e+03 -2.005563e+03 3.362763e+03 -8.928942e+02 -2.237052e+03 2.675287e+03 -5.536862e+02 -1.966593e+03
2.624403e+03 -2.346806e+03 3.621268e+03 -8.238555e+02 -2.284271e+03 2.586960e+03 -1.114424e+03 -1.577694e+03
