3.789628e+02 4.414148e+03 -1.770752e+03 -2.229709e+03
4.478800e+02 3.961715e+03 -1.284842e+03 -2.244352e+03
1.271959e+02 3.710932e+03 -1.237012e+03 -2.122338e+03
-1.053631e+02 4.122306e+03 -1.686556e+03 -2.418579e+03
-2.239962e+01 4.127145e+03 -1.066561e+03 -2.505742e+03
-4.352559e+02 3.873882e+03 -1.749541e+03 -3.246485e+03
2.916104e+01 4.600071e+03 -2.010012e+03 -2.352077e+03
3.073877e+02 4.002627e+03 -1.255355e+03 -2.449261e+03
3.339733e+02 4.574055e+03 -2.136086e+03 -2.381711e+03
-8.974768e+01 4.294773e+03 -1.693136e+03 -2.274000e+03
-1.050738e+03 5.445835e+03 -1.783397e+03 -3.570230e+03
-1.018203e+03 5.516755e+03 -1.465451e+03 -3.221544e+03
-1.391649e+03 5.880899e+03 -2.804319e+03 -3.570391e+03
-1.505099e+03 6.177777e+03 -3.195077e+03 -3.858920e+03
-8.425664e+02 5.543449e+03 -1.206140e+03 -3.610536e+03
-2.571160e+02 5.216405e+03 -1.933543e+03 -3.021450e+03
-7.554124e+02 5.541816e+03 -1.457456e+03 -3.615846e+03
-3.738453e+02 4.861792e+03 -1.547642e+03 -3.076911e+03
-5.386436e+02 5.516395e+03 -1.501614e+03 -3.174370e+03
-3.678510e+02 5.418706e+03 -1.714420e+03 -3.186913e+03
-1.152006e+03 5.072828e+03 -1.775139e+03 -3.268521e+03
-1.403677e+03 5.474386e+03 -2.237803e+03 -3.440736e+03
-4.957147e+02 5.372011e+03 -1.235187e+03 -3.298828e+03
-1.866775e+03 6.344895e+03 -2.811323e+03 -4.367935e+03
-6.023074e+02 4.796867e+03 -1.407753e+03 -3.042994e+03
-1.685198e+03 6.467132e+03 -3.496567e+03 -3.945713e+03
-1.618278e+03 6.377405e+03 -2.656241e+03 -4.197741e+03
-8.324264e+02 5.414731e+03 -1.491129e+03 -3.386641e+03
-3.072746e+02 5.223426e+03 -1.795329e+03 -3.093121e+03
-9.913684e+02 5.224641e+03 -2.585866e+03 -3.366282e+03
-1.095983e+03 4.763080e+03 -2.209055e+03 -3.940733e+03
-8.331037e+02 5.321374e+03 -1.258834e+03 -3.157305e+03
-1.420890e+03 5.320911e+03 -1.623284e+03 -3.609520e+03
-1.267697e+03 6.431698e+03 -2.580274e+03 -3.969776e+03
-4.845427e+02 5.437982e+03 -1.367560e+03 -3.140721e+03
-7.161068e+02 5.293547e+03 -1.491837e+03 -3.344383e+03
-5.825261e+02 4.884748e+03 -1.487943e+03 -2.940017e+03
-6.170912e+02 5.253341e+03 -1.463143e+03 -3.160314e+03
-1.005003e+03 4.913980e+03 -1.746347e+03 -3.141807e+03
-1.911766e+02 4.498964e+03 -1.163464e+03 -2.629928e+03
-9.662986e+02 5.254517e+03 -1.373281e+03 -3.361062e+03
-5.350888e+02 5.500310e+03 -1.188081e+03 -3.308425e+03
-5.336413e+02 4.555189e+03 -1.507273e+03 -2.635030e+03
-9.195106e+02 4.671036e+03 -1.210902e+03 -3.185363e+03
-1.411004e+03 4.950314e+03 -1.624538e+03 -3.434791e+03
-6.822990e+02 5.549827e+03 -1.592573e+03 -3.540775e+03
-1.240474e+03 5.653507e+03 -2.380607e+03 -3.756144e+03
-9.937314e+02 5.009085e+03 -1.379783e+03 -3.316392e+03
-4.215947e+02 5.092019e+03 -1.536183e+03 -2.914036e+03
-6.368957e+02 5.575593e+03 -1.653777e+03 -3.368059e+03
-1.375024e+03 6.534559e+03 -2.747253e+03 -4.247931e+03
-4.773442e+02 4.670205e+03 -1.447369e+03 -2.826539e+03
-6.163866e+02 4.978158e+03 -1.749367e+03 -3.811618e+03
-7.264097e+02 5.998636e+03 -1.950477e+03 -3.862296e+03
-1.573905e+03 6.407439e+03 -2.449298e+03 -3.884663e+03
-1.139579e+03 5.122741e+03 -1.806600e+03 -3.705634e+03
-8.877660e+02 5.963984e+03 -2.763668e+03 -3.357043e+03
-1.117974e+02 4.279363e+03 -1.236622e+03 -2.703704e+03
-4.562266e+02 5.102403e+03 -1.253987e+03 -2.776457e+03
-6.979278e+02 4.318099e+03 -1.769701e+03 -3.028320e+03
-5.901922e+02 4.484677e+03 -1.335112e+03 -2.912205e+03
-1.122447e+03 5.404923e+03 -2.155253e+03 -3.539246e+03
-9.519145e+02 5.530627e+03 -1.242610e+03 -3.448419e+03
-5.945442e+02 4.465773e+03 -1.788445e+03 -3.068049e+03
-2.312818e+02 5.052310e+03 -1.180350e+03 -3.048932e+03
-6.845883e+02 5.075076e+03 -1.139800e+03 -3.297184e+03
-9.063181e+02 5.735193e+03 -1.618321e+03 -3.947115e+03
-1.332438e+03 6.212232e+03 -2.338152e+03 -4.227882e+03
-4.700605e+02 5.058850e+03 -1.234742e+03 -3.144613e+03
-1.051803e+03 4.865270e+03 -1.570070e+03 -3.186270e+03
-1.046068e+03 5.139456e+03 -2.264252e+03 -3.531016e+03
-5.512740e+02 5.449813e+03 -1.819474e+03 -3.006354e+03
-4.698111e+02 4.910007e+03 -1.253005e+03 -2.945891e+03
-8.109318e+02 4.483653e+03 -1.490803e+03 -3.239232e+03
-1.857072e+03 5.554717e+03 -2.805800e+03 -4.418826e+03
-8.055451e+02 4.801866e+03 -1.634708e+03 -3.245774e+03
-6.608882e+02 4.824230e+03 -1.676330e+03 -3.085945e+03
-5.155687e+02 4.720825e+03 -1.776145e+03 -2.982137e+03
-7.960022e+02 4.954814e+03 -1.445458e+03 -2.982662e+03
-8.743930e+02 5.326472e+03 -1.571296e+03 -3.740584e+03
-1.173909e+03 4.731955e+03 -1.804053e+03 -3.620935e+03
-9.937314e+02 5.009085e+03 -1.379783e+03 -3.316392e+03
-8.055451e+02 4.801866e+03 -1.634708e+03 -3.245774e+03
-8.280340e+02 5.665408e+03 -1.851034e+03 -3.399635e+03
-1.000193e+03 4.842515e+03 -1.784702e+03 -3.585366e+03
-8.741996e+02 5.693048e+03 -1.681704e+03 -3.501296e+03
-6.300976e+02 5.080166e+03 -1.391238e+03 -3.250414e+03
-5.057675e+02 4.919458e+03 -1.314639e+03 -3.027706e+03
-5.702784e+02 4.900885e+03 -1.089629e+03 -2.676226e+03
-7.914530e+02 5.378053e+03 -1.123171e+03 -3.436701e+03
-1.229190e+03 4.864370e+03 -1.233949e+03 -3.184874e+03
-5.291745e+02 4.384428e+03 -1.469618e+03 -2.987018e+03
-1.045708e+03 5.149942e+03 -1.436642e+03 -3.514364e+03
-7.855342e+02 5.415095e+03 -1.589627e+03 -3.082798e+03
-7.681596e+02 5.503978e+03 -2.005987e+03 -3.456734e+03
-5.711139e+02 5.248825e+03 -9.089678e+02 -3.256116e+03
-5.327568e+02 5.433911e+03 -1.406034e+03 -3.095967e+03
-1.385564e+03 6.090583e+03 -3.179284e+03 -4.067933e+03
-5.962667e+02 5.994967e+03 -1.489917e+03 -3.651448e+03
-8.299344e+02 4.310539e+03 -1.700290e+03 -2.984305e+03
-9.660183e+02 5.362733e+03 -1.145794e+03 -3.397824e+03
-5.807747e+02 5.595970e+03 -1.528848e+03 -3.193894e+03
-4.378653e+02 5.098615e+03 -1.442793e+03 -2.919519e+03
-7.378431e+02 5.828804e+03 -1.567163e+03 -3.725808e+03
-5.299507e+02 5.589339e+03 -1.408232e+03 -3.202733e+03
-1.266711e+03 5.448704e+03 -2.257446e+03 -3.413271e+03
-1.014229e+03 5.646939e+03 -2.252163e+03 -3.368282e+03
-7.102172e+02 5.312697e+03 -1.851083e+03 -3.346254e+03
-4.730683e+02 4.502851e+03 -1.452090e+03 -2.907207e+03
-1.931432e+03 5.409662e+03 -3.220613e+03 -4.063960e+03
-6.504642e+02 4.841583e+03 -1.441044e+03 -3.216304e+03
-3.549638e+02 4.469921e+03 -1.705943e+03 -2.626664e+03
-1.358946e+03 5.778622e+03 -2.253431e+03 -3.804774e+03
-5.196405e+02 5.462598e+03 -1.571590e+03 -3.126684e+03
-1.252361e+03 5.708932e+03 -2.125710e+03 -3.913182e+03
-5.564666e+02 4.993057e+03 -1.539729e+03 -2.937143e+03
-6.005941e+02 4.699247e+03 -1.832832e+03 -2.984659e+03
-1.146638e+03 5.632570e+03 -1.826989e+03 -3.616521e+03
-6.088411e+02 4.984927e+03 -1.353196e+03 -2.995508e+03
-9.050458e+02 5.268303e+03 -1.331227e+03 -3.320259e+03
-1.199633e+03 5.905394e+03 -2.279050e+03 -3.877640e+03
-6.381449e+02 4.822059e+03 -1.323621e+03 -2.920984e+03
-4.873285e+02 5.962609e+03 -1.423125e+03 -3.654961e+03
-6.033633e+02 5.121949e+03 -2.319488e+03 -3.108119e+03
-8.645357e+02 5.650249e+03 -1.724330e+03 -3.539290e+03
-6.606776e+02 4.681598e+03 -1.098923e+03 -2.817479e+03
-9.051524e+02 4.279350e+03 -1.778155e+03 -3.345384e+03
-1.670646e+03 6.002871e+03 -2.922153e+03 -3.572770e+03
-1.870817e+02 4.576900e+03 -1.140707e+03 -3.004991e+03
-7.320933e+02 4.883832e+03 -1.529706e+03 -3.220227e+03
-8.921106e+02 5.044456e+03 -1.695987e+03 -3.494223e+03
-8.285839e+02 5.329227e+03 -1.432976e+03 -3.335148e+03
-6.271355e+02 4.624233e+03 -1.591239e+03 -3.201421e+03
-1.925382e+03 5.571554e+03 -3.345374e+03 -3.393055e+03
-6.755237e+02 4.150572e+03 -1.714542e+03 -3.027391e+03
-7.405187e+02 4.944816e+03 -1.388785e+03 -3.004049e+03
-6.856724e+02 4.812432e+03 -1.654001e+03 -3.187654e+03
-9.792203e+02 4.902073e+03 -1.681268e+03 -3.202845e+03
-5.619948e+01 4.328050e+03 -1.452950e+03 -2.363845e+03
-6.539797e+02 5.083128e+03 -1.810384e+03 -3.129234e+03
-1.219389e+03 3.885976e+03 -1.878625e+03 -2.891074e+03
-8.227112e+02 5.235576e+03 -2.363206e+03 -3.072614e+03
-6.151696e+02 5.284062e+03 -1.571161e+03 -3.102895e+03
-4.931347e+02 4.853548e+03 -1.373502e+03 -2.986818e+03
-1.044080e+03 5.871626e+03 -2.124732e+03 -3.464245e+03
-2.033548e+03 6.262508e+03 -2.848765e+03 -4.499557e+03
-1.197234e+03 5.136345e+03 -1.931483e+03 -3.816120e+03
-9.007305e+02 6.099954e+03 -1.531484e+03 -3.651070e+03
-5.498875e+02 5.354177e+03 -1.955608e+03 -3.352315e+03
-2.076564e+03 6.182408e+03 -3.225653e+03 -3.732286e+03
-5.225345e+02 4.685720e+03 -1.761230e+03 -2.759263e+03
-5.641882e+02 4.911439e+03 -1.044759e+03 -2.994188e+03
-4.740466e+02 4.209458e+03 -1.617722e+03 -2.826153e+03
-4.488462e+02 5.224922e+03 -1.697367e+03 -3.057667e+03
-4.439623e+02 4.994793e+03 -1.796331e+03 -3.064821e+03
-1.458712e+03 4.677341e+03 -1.400411e+03 -3.639508e+03
-5.561532e+02 4.887991e+03 -1.626520e+03 -2.995389e+03
-4.627166e+02 4.923383e+03 -1.588711e+03 -3.094956e+03
-7.900974e+02 6.059002e+03 -1.729142e+03 -3.636083e+03
-9.805583e+02 5.021577e+03 -1.853090e+03 -3.661205e+03
-5.348488e+02 5.983595e+03 -1.455234e+03 -3.624207e+03
-2.144168e+03 5.966160e+03 -3.041760e+03 -3.787772e+03
-1.519700e+03 6.132338e+03 -3.126524e+03 -3.795224e+03
-3.137145e+02 4.903514e+03 -1.274056e+03 -2.754693e+03
-8.803891e+01 5.235602e+03 -1.697888e+03 -2.888430e+03
-7.560913e+02 6.091742e+03 -1.655486e+03 -3.474477e+03
-1.147537e+03 5.530567e+03 -1.893369e+03 -3.558591e+03
-7.245703e+02 4.775164e+03 -1.510127e+03 -3.113957e+03
-3.468353e+02 5.510566e+03 -1.488879e+03 -3.310159e+03
-3.427921e+03 7.309335e+03 -4.522674e+03 -4.832277e+03
-9.149080e+02 5.526743e+03 -1.742651e+03 -3.340092e+03
-1.041649e+03 5.468853e+03 -1.381626e+03 -3.495186e+03
-1.205084e+03 5.456841e+03 -2.314026e+03 -3.918643e+03
-3.404060e+02 4.925429e+03 -9.298429e+02 -2.992979e+03
-5.909550e+02 5.271712e+03 -1.730539e+03 -3.455360e+03
-6.709069e+02 5.744925e+03 -1.357062e+03 -3.437580e+03
-8.927570e+02 4.558061e+03 -2.022304e+03 -3.348752e+03
-6.696089e+02 5.832030e+03 -1.632458e+03 -3.648523e+03
-6.993945e+02 4.968396e+03 -1.211736e+03 -3.047673e+03
-8.684502e+02 5.753503e+03 -1.554316e+03 -3.840892e+03
-4.339162e+02 5.747286e+03 -1.744373e+03 -3.400792e+03
-7.312384e+02 4.965799e+03 -1.410533e+03 -3.147114e+03
-4.297690e+02 5.085978e+03 -1.817049e+03 -2.890968e+03
-6.801927e+02 5.191563e+03 -1.452070e+03 -3.455907e+03
-4.084273e+02 4.353803e+03 -1.673508e+03 -2.732740e+03
-3.978066e+02 4.391773e+03 -1.578692e+03 -2.711194e+03
-5.758087e+02 5.568130e+03 -1.280739e+03 -3.055342e+03
-7.535550e+02 5.086149e+03 -1.647671e+03 -3.190301e+03
-9.977745e+02 4.143370e+03 -1.896924e+03 -3.782848e+03
-7.690827e+02 4.563332e+03 -1.457604e+03 -2.943316e+03
-1.189750e+03 4.234812e+03 -1.414430e+03 -3.472031e+03
-6.373483e+02 5.266030e+03 -1.291771e+03 -3.235220e+03
-8.929153e+02 5.335148e+03 -1.517041e+03 -3.730667e+03
-7.139447e+02 4.853851e+03 -1.168196e+03 -2.920759e+03
-1.965480e+03 5.908394e+03 -2.984278e+03 -3.754623e+03
-7.388318e+02 5.090521e+03 -8.521404e+02 -3.108855e+03
-1.029513e+03 5.205525e+03 -1.144896e+03 -3.330902e+03
-6.597119e+02 4.256703e+03 -1.691269e+03 -2.794120e+03
-1.427448e+02 5.289172e+03 -1.524949e+03 -2.983619e+03
-3.419408e+02 4.902628e+03 -1.560524e+03 -3.059209e+03
-1.182076e+03 4.881486e+03 -1.996914e+03 -3.629116e+03
-1.283648e+03 5.785758e+03 -2.730829e+03 -3.656282e+03
-6.114519e+02 5.525585e+03 -1.428225e+03 -3.226932e+03
-1.470081e+03 5.808047e+03 -2.227775e+03 -4.157824e+03
-6.385868e+02 5.242887e+03 -1.335476e+03 -3.140665e+03
-7.919647e+02 5.021215e+03 -1.488702e+03 -3.350524e+03
-5.402788e+02 4.404097e+03 -1.598491e+03 -2.914295e+03
-1.911873e+03 5.651171e+03 -2.185434e+03 -3.741902e+03
-1.691794e+02 5.447739e+03 -2.207543e+03 -2.921126e+03
-9.736489e+02 4.839564e+03 -1.471201e+03 -3.254120e+03
-1.331065e+03 4.617474e+03 -1.806774e+03 -3.028745e+03
-1.478724e+03 4.329663e+03 -1.992950e+03 -2.925434e+03
-2.573830e+03 5.691945e+03 -3.619136e+03 -3.722308e+03
-1.490346e+03 4.449963e+03 -1.926957e+03 -3.199074e+03
-2.595435e+03 5.800199e+03 -3.239833e+03 -4.575287e+03
-6.864895e+02 3.783312e+03 -1.465152e+03 -3.757309e+03
-6.631414e+02 4.667009e+03 -1.518619e+03 -3.846627e+03
-1.916539e+03 4.004146e+03 -3.299347e+03 -2.657466e+03
-1.552156e+03 4.332933e+03 -2.235610e+03 -3.361446e+03
-1.833152e+03 4.464996e+03 -2.748611e+03 -3.030845e+03
-1.490969e+03 4.621452e+03 -1.845658e+03 -3.415545e+03
-1.401435e+03 4.431885e+03 -2.005323e+03 -3.502999e+03
-1.214147e+03 5.109164e+03 -2.096148e+03 -3.825221e+03
-1.119375e+03 4.341719e+03 -2.018050e+03 -3.009502e+03
-1.232531e+03 4.955179e+03 -2.244899e+03 -3.836365e+03
-1.959999e+03 4.678283e+03 -2.805508e+03 -3.238767e+03
-2.023043e+03 4.898509e+03 -2.938802e+03 -3.201344e+03
-1.431398e+03 4.157678e+03 -2.409882e+03 -3.075797e+03
-2.136737e+03 4.833551e+03 -2.987052e+03 -3.217009e+03
-1.625453e+03 4.082534e+03 -2.503128e+03 -2.847697e+03
-1.778511e+03 4.447467e+03 -2.468284e+03 -3.143850e+03
-1.841916e+03 5.404342e+03 -2.118153e+03 -3.563506e+03
-1.085473e+03 4.400128e+03 -1.926617e+03 -3.043836e+03
-1.497950e+03 4.273544e+03 -2.273996e+03 -2.928835e+03
-1.355768e+03 4.350930e+03 -2.319814e+03 -3.192787e+03
-2.030614e+03 5.636323e+03 -2.994664e+03 -3.729678e+03
-1.488889e+03 4.183916e+03 -3.144012e+03 -3.020453e+03
-1.042552e+03 4.034205e+03 -2.000776e+03 -3.019700e+03
-1.224116e+03 4.735862e+03 -1.870682e+03 -4.144449e+03
-1.561084e+03 4.519033e+03 -2.393539e+03 -2.937688e+03
-2.410572e+03 5.038327e+03 -3.114974e+03 -3.567748e+03
-1.078394e+03 3.882346e+03 -1.937790e+03 -3.157111e+03
-2.429293e+03 6.122753e+03 -3.728522e+03 -3.914305e+03
-1.433763e+03 4.584639e+03 -2.015342e+03 -3.163848e+03
-1.446802e+03 4.279675e+03 -2.510163e+03 -3.055528e+03
-1.650310e+03 4.387187e+03 -2.950515e+03 -2.912020e+03
-1.886792e+03 5.237912e+03 -2.392221e+03 -3.636016e+03
-6.521910e+02 4.641984e+03 -1.553784e+03 -3.805326e+03
-2.114489e+03 5.982235e+03 -3.228907e+03 -3.432606e+03
-2.049270e+03 5.061609e+03 -2.962896e+03 -3.359884e+03
-1.565497e+03 5.128108e+03 -2.017383e+03 -3.834217e+03
-9.149282e+02 4.827038e+03 -1.951253e+03 -3.222456e+03
-1.257836e+03 3.970678e+03 -2.483808e+03 -2.852585e+03
-1.223333e+03 4.495835e+03 -2.046791e+03 -3.614639e+03
-1.324285e+03 4.607213e+03 -2.402647e+03 -3.102858e+03
-9.919297e+02 4.283437e+03 -1.795447e+03 -2.968811e+03
-1.403895e+03 5.802646e+03 -2.671600e+03 -4.406724e+03
-1.298131e+03 4.380057e+03 -1.841232e+03 -3.214429e+03
-1.896402e+03 4.831401e+03 -2.582548e+03 -3.197627e+03
-2.818729e+03 5.557925e+03 -3.801441e+03 -3.626075e+03
-1.109783e+03 3.911804e+03 -1.996105e+03 -2.928224e+03
-1.888146e+03 4.890558e+03 -2.789047e+03 -3.403122e+03
-2.265333e+03 6.098684e+03 -3.004798e+03 -3.731526e+03
-8.497807e+02 4.462886e+03 -1.511550e+03 -3.498247e+03
-1.214009e+03 4.657171e+03 -2.218930e+03 -3.146462e+03
-4.560689e+02 4.409724e+03 -1.782238e+03 -3.753645e+03
-4.380497e+03 7.394483e+03 -5.277457e+03 -5.403406e+03
-4.878664e+02 3.814603e+03 -1.717137e+03 -2.833132e+03
-1.664802e+03 4.602876e+03 -2.412847e+03 -3.282858e+03
-1.432109e+03 4.189212e+03 -2.203175e+03 -3.262819e+03
-1.735892e+03 4.120899e+03 -2.997361e+03 -2.823585e+03
-5.024275e+02 4.046928e+03 -1.668226e+03 -3.315862e+03
-2.090365e+03 4.709644e+03 -2.310601e+03 -3.480888e+03
-1.223926e+03 4.161967e+03 -1.579146e+03 -3.373919e+03
-2.198058e+03 5.666524e+03 -2.994383e+03 -3.435080e+03
-1.029465e+03 4.548696e+03 -1.903256e+03 -3.059037e+03
-3.078584e+02 3.677442e+03 -1.565290e+03 -2.921780e+03
-1.935434e+03 4.631669e+03 -2.363573e+03 -3.309094e+03
-2.026611e+03 4.495231e+03 -2.818499e+03 -3.041564e+03
-1.652266e+03 5.002016e+03 -2.013615e+03 -3.288044e+03
-2.202662e+03 6.746253e+03 -3.714883e+03 -4.299718e+03
-1.801244e+03 4.690010e+03 -2.855595e+03 -2.988061e+03
-2.020906e+03 5.932373e+03 -3.414411e+03 -3.474248e+03
-9.746118e+02 4.093313e+03 -1.788334e+03 -3.335412e+03
-2.080734e+03 4.820635e+03 -3.306199e+03 -3.000074e+03
-1.487749e+03 4.575751e+03 -1.939127e+03 -3.112000e+03
-2.723665e+03 5.215794e+03 -3.381595e+03 -3.739581e+03
-1.639287e+03 4.534123e+03 -3.039096e+03 -2.969036e+03
-1.005780e+03 4.218432e+03 -1.886535e+03 -3.308368e+03
-2.046036e+03 4.582401e+03 -3.186656e+03 -2.950431e+03
-1.664337e+03 5.132866e+03 -2.584794e+03 -3.759515e+03
-1.489543e+03 4.333639e+03 -2.454446e+03 -2.922519e+03
-4.205379e+02 3.861115e+03 -1.826016e+03 -3.067146e+03
-1.340324e+03 4.080238e+03 -2.603233e+03 -2.679794e+03
-7.783405e+02 3.811137e+03 -1.923121e+03 -4.140425e+03
-2.216634e+03 6.200696e+03 -3.575566e+03 -3.665724e+03
-2.017500e+03 5.342902e+03 -3.615669e+03 -3.114166e+03
-1.686504e+03 4.624528e+03 -2.244794e+03 -3.031135e+03
-8.583884e+02 4.014881e+03 -1.779609e+03 -3.257681e+03
-1.464754e+03 4.662255e+03 -1.897216e+03 -3.165353e+03
-1.390206e+03 4.418502e+03 -2.210835e+03 -2.960846e+03
-1.351605e+03 4.324658e+03 -2.257631e+03 -3.146664e+03
-1.523029e+03 4.389402e+03 -1.824041e+03 -3.536462e+03
-1.770039e+03 4.747523e+03 -2.226531e+03 -3.382561e+03
-1.422366e+03 4.147916e+03 -2.114236e+03 -3.194757e+03
-1.512576e+03 4.989501e+03 -2.256443e+03 -3.508728e+03
-2.323311e+03 5.499430e+03 -2.955880e+03 -3.543052e+03
-1.374504e+03 4.704092e+03 -1.800595e+03 -3.473251e+03
-1.414798e+03 4.171778e+03 -1.846738e+03 -3.248648e+03
-1.818836e+03 4.693044e+03 -2.282127e+03 -3.066111e+03
-2.041554e+03 4.784281e+03 -2.421980e+03 -3.772042e+03
-1.394216e+03 4.219014e+03 -2.054886e+03 -3.240683e+03
-1.570382e+03 4.277178e+03 -2.184425e+03 -3.133173e+03
-1.062650e+03 4.370129e+03 -1.754189e+03 -3.386064e+03
-1.412297e+03 4.441689e+03 -2.027686e+03 -3.194001e+03
-1.375190e+03 4.844521e+03 -2.813832e+03 -3.313783e+03
-1.492169e+03 4.329981e+03 -2.821287e+03 -2.754532e+03
-5.025827e+03 8.122631e+03 -5.739167e+03 -5.567267e+03
-9.703016e+02 3.968799e+03 -1.782018e+03 -2.879057e+03
-1.948534e+03 4.549638e+03 -2.625926e+03 -3.035340e+03
-9.309372e+02 3.854311e+03 -1.807457e+03 -2.974590e+03
-1.553507e+03 4.089239e+03 -2.159043e+03 -3.355432e+03
-1.626351e+03 4.159106e+03 -2.448552e+03 -2.780741e+03
-1.803256e+03 4.505329e+03 -2.575690e+03 -3.207818e+03
-2.057899e+03 4.532254e+03 -2.704270e+03 -2.864455e+03
-1.949513e+03 3.930487e+03 -2.126944e+03 -2.974231e+03
-1.644395e+03 4.709173e+03 -1.956001e+03 -3.284922e+03
-8.961638e+02 4.090324e+03 -2.093251e+03 -3.390550e+03
-1.856946e+03 5.657284e+03 -2.618596e+03 -3.385613e+03
-1.994819e+03 4.561632e+03 -2.428947e+03 -2.886894e+03
-1.829855e+03 4.799692e+03 -2.222324e+03 -3.320099e+03
-2.146506e+03 5.154507e+03 -2.869641e+03 -3.300186e+03
-1.389925e+03 5.241807e+03 -1.632307e+03 -3.962199e+03
-1.439545e+03 4.556080e+03 -2.428064e+03 -3.044418e+03
-2.128401e+03 4.565486e+03 -3.127913e+03 -2.984289e+03
-2.234340e+03 4.709552e+03 -2.756536e+03 -3.158173e+03
-1.839364e+03 4.809434e+03 -2.089172e+03 -3.359893e+03
-1.688999e+03 4.953692e+03 -2.999187e+03 -3.087642e+03
-2.238577e+03 5.849089e+03 -2.742700e+03 -3.633737e+03
-1.855113e+03 5.134244e+03 -2.550768e+03 -3.513875e+03
-1.704893e+03 4.748767e+03 -2.281979e+03 -3.174450e+03
-1.576586e+03 5.146091e+03 -1.958750e+03 -3.714330e+03
-1.499299e+03 4.653536e+03 -1.880324e+03 -3.254865e+03
-1.042030e+03 3.980878e+03 -2.095665e+03 -3.101195e+03
-1.417758e+03 4.638040e+03 -2.165458e+03 -3.206680e+03
-7.999135e+02 3.694491e+03 -1.773837e+03 -2.899756e+03
-2.007086e+03 6.369746e+03 -2.889826e+03 -3.814308e+03
-1.799918e+03 4.657656e+03 -2.486852e+03 -3.285597e+03
-1.766982e+03 4.795585e+03 -2.208995e+03 -3.076544e+03
-1.053863e+03 4.716023e+03 -2.072724e+03 -4.224520e+03
-1.705028e+03 4.489512e+03 -2.572456e+03 -2.918360e+03
-9.412353e+02 3.794306e+03 -2.471900e+03 -2.690700e+03
-1.691315e+03 4.778047e+03 -2.585647e+03 -3.273884e+03
-1.637828e+03 4.698427e+03 -2.372954e+03 -3.046539e+03
-1.240529e+03 4.555191e+03 -1.523068e+03 -3.493190e+03
-4.418317e+03 7.054233e+03 -4.788396e+03 -4.886059e+03
-1.979098e+03 4.670395e+03 -3.103410e+03 -2.983150e+03
-1.404893e+03 4.405587e+03 -2.922176e+03 -2.978319e+03
-1.048950e+03 4.500760e+03 -1.807074e+03 -3.418560e+03
-1.580683e+03 4.003380e+03 -3.020126e+03 -2.772502e+03
-9.037871e+02 3.574781e+03 -1.955465e+03 -2.855287e+03
-3.497641e+03 7.152632e+03 -4.207349e+03 -4.917963e+03
-3.980684e+03 7.081665e+03 -4.688470e+03 -5.342850e+03
-1.436158e+03 4.268666e+03 -1.964632e+03 -3.134526e+03
-1.681564e+03 4.025949e+03 -3.106885e+03 -2.910251e+03
-1.509304e+03 4.194367e+03 -1.969191e+03 -3.551146e+03
-8.429717e+02 4.293332e+03 -1.885352e+03 -3.080355e+03
-1.697026e+03 4.452799e+03 -2.473807e+03 -3.117160e+03
-1.162901e+03 4.171733e+03 -2.070855e+03 -3.248475e+03
-1.460043e+03 5.561968e+03 -2.707589e+03 -3.592474e+03
-1.052542e+03 3.706512e+03 -1.388708e+03 -3.138583e+03
-1.166303e+03 4.268662e+03 -2.244125e+03 -2.770332e+03
-1.474736e+03 4.696131e+03 -2.523106e+03 -3.242823e+03
-1.146965e+03 3.628982e+03 -2.033506e+03 -2.869863e+03
-1.378665e+03 4.339651e+03 -1.888098e+03 -3.048301e+03
-1.096953e+03 4.312313e+03 -1.737411e+03 -3.159508e+03
-6.568067e+02 3.883001e+03 -1.321237e+03 -3.231777e+03
-1.949234e+03 5.282226e+03 -2.664415e+03 -3.368980e+03
-1.490084e+03 4.283355e+03 -2.538856e+03 -2.944013e+03
-1.502461e+03 4.118437e+03 -1.900723e+03 -3.293103e+03
-1.203581e+03 4.655033e+03 -1.836381e+03 -2.965321e+03
-1.004837e+03 3.857440e+03 -1.866543e+03 -2.822994e+03
-1.701361e+03 4.692989e+03 -2.724818e+03 -3.006221e+03
-6.612843e+02 4.552821e+03 -1.646605e+03 -3.407597e+03
-1.155519e+03 4.109413e+03 -1.238061e+03 -3.390985e+03
-1.356190e+03 4.363974e+03 -2.269190e+03 -3.187460e+03
-1.972410e+03 4.665214e+03 -2.631425e+03 -3.591188e+03
-7.746435e+02 4.474704e+03 -1.576465e+03 -3.401241e+03
-1.593997e+03 4.109302e+03 -2.990049e+03 -2.691326e+03
-4.484582e+02 4.067379e+03 -1.439117e+03 -3.456782e+03
-1.071650e+03 4.887147e+03 -1.937579e+03 -3.762436e+03
-1.372811e+03 5.298483e+03 -2.708829e+03 -3.987532e+03
-2.246551e+03 5.063174e+03 -3.213149e+03 -3.257274e+03
-1.661465e+03 4.296479e+03 -2.373165e+03 -3.131637e+03
-1.703740e+03 4.242685e+03 -3.033869e+03 -3.015865e+03
-1.637024e+03 4.861680e+03 -1.706952e+03 -3.325568e+03
-1.482149e+03 4.357685e+03 -2.224352e+03 -3.143825e+03
-2.016428e+03 4.581493e+03 -2.678151e+03 -3.420904e+03
-1.872505e+03 4.227543e+03 -2.746292e+03 -3.063150e+03
-1.185454e+03 4.299675e+03 -2.240325e+03 -3.215367e+03
-1.666508e+03 4.340112e+03 -2.492404e+03 -2.943388e+03
-3.004744e+02 4.345005e+03 -1.644835e+03 -3.589161e+03
-2.221889e+03 5.140602e+03 -2.784825e+03 -3.538646e+03
-2.004590e+03 5.876706e+03 -2.901242e+03 -3.623519e+03
-1.879946e+03 4.604250e+03 -3.235925e+03 -3.053439e+03
-2.501538e+03 5.362222e+03 -2.974170e+03 -3.393612e+03
-2.081164e+03 5.182200e+03 -2.884741e+03 -3.955168e+03
-1.679980e+03 4.732870e+03 -2.095408e+03 -3.268857e+03
-1.857428e+03 4.621638e+03 -2.673516e+03 -3.008809e+03
-1.523029e+03 4.389402e+03 -1.824041e+03 -3.536462e+03
