4.958479e+01 2.973440e+03 2.136464e+03 -1.371926e+03
3.199929e+00 3.255505e+03 2.481002e+03 -1.851448e+03
-1.856879e+01 3.109559e+03 2.594160e+03 -2.018514e+03
-2.477445e+02 2.982588e+03 2.592222e+03 -1.757750e+03
-3.179744e+02 3.050305e+03 2.993956e+03 -1.931076e+03
-7.753068e+02 3.373177e+03 3.959396e+03 -2.553097e+03
-2.789322e+02 3.183865e+03 3.178519e+03 -1.254425e+03
-8.924284e+01 3.073782e+03 2.598536e+03 -1.976366e+03
-1.128889e+01 3.331078e+03 3.049343e+03 -1.143219e+03
-4.133040e+02 3.331965e+03 3.227462e+03 -1.361399e+03
-1.253978e+03 3.391195e+03 4.806253e+03 -1.460190e+03
-8.426170e+02 3.908921e+03 5.268797e+03 -1.600361e+03
-3.384484e+02 5.114471e+03 7.020054e+03 -1.346952e+03
-3.194900e+02 5.353419e+03 7.480625e+03 -1.379628e+03
-8.578903e+02 3.142678e+03 4.095928e+03 -1.397600e+03
4.368150e+01 3.486745e+03 4.177744e+03 -1.890339e+03
-9.151379e+02 3.767387e+03 4.609525e+03 -1.412010e+03
-9.166832e+02 3.397125e+03 3.573612e+03 -2.352078e+03
-1.872428e+02 3.472106e+03 4.365105e+03 -1.515794e+03
-3.269867e+02 3.525010e+03 4.237233e+03 -1.703140e+03
-9.938542e+02 3.737248e+03 5.210251e+03 -1.733813e+03
-6.083820e+02 4.895583e+03 6.188450e+03 -1.642701e+03
-5.755786e+02 3.429463e+03 3.761982e+03 -1.818023e+03
-7.267624e+02 5.427751e+03 8.314465e+03 -9.802604e+02
-5.803158e+02 3.972089e+03 4.507753e+03 -2.445088e+03
-6.143822e+02 5.842747e+03 8.517673e+03 -8.899911e+02
-5.957233e+02 5.147111e+03 7.611247e+03 -1.005516e+03
-8.178677e+02 3.752392e+03 4.440990e+03 -1.286917e+03
-7.086664e+02 3.398425e+03 3.418505e+03 -1.701986e+03
-3.878176e+02 4.685739e+03 5.908324e+03 -1.991279e+03
-1.855121e+02 5.102492e+03 6.375678e+03 -2.181699e+03
-8.359416e+02 4.001200e+03 5.099217e+03 -2.019206e+03
-1.480401e+03 3.675253e+03 4.599564e+03 -1.885785e+03
-1.017909e+03 4.891138e+03 6.685904e+03 -1.004124e+03
-4.016050e+02 3.878933e+03 4.116495e+03 -2.002952e+03
-7.758436e+02 4.187539e+03 4.293864e+03 -1.682660e+03
-3.670523e+02 4.071405e+03 4.288944e+03 -2.215478e+03
-6.434907e+02 3.892374e+03 4.411420e+03 -1.939875e+03
-7.337634e+02 4.002206e+03 5.212251e+03 -2.007966e+03
-8.649585e+01 3.769781e+03 3.947114e+03 -2.683163e+03
-9.400591e+02 4.284700e+03 5.250407e+03 -2.029288e+03
-5.573942e+02 3.121762e+03 3.796980e+03 -1.706671e+03
-4.097840e+02 3.840799e+03 3.918638e+03 -2.415746e+03
-4.754873e+02 4.199487e+03 5.056891e+03 -2.192653e+03
-5.869993e+02 4.627280e+03 6.211702e+03 -2.100022e+03
-1.026468e+03 3.576644e+03 3.786534e+03 -1.430342e+03
-8.835546e+02 4.501696e+03 6.407909e+03 -1.583614e+03
-9.851196e+02 4.168094e+03 4.756112e+03 -2.051591e+03
-4.512029e+02 4.071494e+03 3.935626e+03 -2.000869e+03
-1.158076e+03 3.906760e+03 4.497950e+03 -1.577075e+03
-1.212613e+03 4.565647e+03 6.263379e+03 -6.732416e+02
-2.780075e+02 4.101990e+03 4.369752e+03 -2.431992e+03
-8.276791e+02 4.385691e+03 5.350097e+03 -2.436292e+03
-7.132122e+02 4.123475e+03 4.889184e+03 -8.396866e+02
-7.392313e+02 5.020713e+03 6.962010e+03 -1.146956e+03
-7.631354e+02 4.587368e+03 5.907476e+03 -2.058769e+03
-5.446124e+02 4.669035e+03 5.655207e+03 -1.481417e+03
-2.453999e+02 3.931391e+03 3.646980e+03 -2.765885e+03
-4.549369e+02 3.868592e+03 4.075988e+03 -1.785928e+03
-3.971107e+02 4.143554e+03 4.624702e+03 -2.499798e+03
-5.698231e+02 3.693942e+03 3.171192e+03 -2.458063e+03
-1.143277e+03 3.821716e+03 4.671049e+03 -1.557665e+03
-7.133525e+02 3.304775e+03 4.646536e+03 -1.419666e+03
-2.218611e+02 4.344847e+03 5.142094e+03 -2.516440e+03
-5.091756e+02 3.631134e+03 3.870770e+03 -2.440730e+03
-9.338851e+02 3.943452e+03 4.502715e+03 -2.224206e+03
-1.275184e+03 3.853492e+03 4.546885e+03 -1.372571e+03
-1.235108e+03 4.427886e+03 5.907730e+03 -9.450803e+02
-7.367064e+02 3.571244e+03 3.831636e+03 -2.023550e+03
-6.905555e+02 4.332882e+03 5.720524e+03 -2.270861e+03
-7.895081e+02 4.463800e+03 6.388244e+03 -1.980923e+03
-7.164517e+01 4.330233e+03 4.903803e+03 -1.852074e+03
-6.273638e+02 3.504194e+03 3.769676e+03 -2.360952e+03
-2.477989e+02 4.370403e+03 4.998618e+03 -2.442502e+03
-1.203305e+03 5.561148e+03 7.369339e+03 -1.715556e+03
-6.616576e+02 3.989049e+03 5.264033e+03 -2.346971e+03
-4.911464e+02 4.480725e+03 4.767310e+03 -2.269988e+03
-3.544250e+02 4.224825e+03 4.949472e+03 -2.401687e+03
-9.783317e+02 3.153138e+03 3.555190e+03 -1.761845e+03
-7.921353e+02 4.632340e+03 5.994165e+03 -2.015379e+03
-3.423852e+02 4.767303e+03 6.595973e+03 -2.160850e+03
-9.851196e+02 4.168094e+03 4.756112e+03 -2.051591e+03
-6.616576e+02 3.989049e+03 5.264033e+03 -2.346971e+03
-8.054970e+02 4.218099e+03 5.581743e+03 -2.021266e+03
-1.081157e+03 4.101628e+03 4.550661e+03 -2.241812e+03
-6.674886e+02 3.600502e+03 4.624563e+03 -1.349275e+03
-8.844225e+02 3.758873e+03 4.259916e+03 -2.000411e+03
-6.400821e+02 3.877334e+03 4.414026e+03 -2.443136e+03
-4.399707e+02 3.897614e+03 4.319184e+03 -2.061759e+03
-9.458375e+02 3.923795e+03 4.574957e+03 -1.616777e+03
-4.535790e+02 4.000098e+03 4.862755e+03 -1.848326e+03
3.920009e+01 4.316530e+03 4.844352e+03 -2.437330e+03
-1.108859e+03 3.524163e+03 4.975945e+03 -1.890614e+03
-5.316447e+02 4.565232e+03 5.661001e+03 -2.066093e+03
-1.017834e+03 3.940051e+03 4.635637e+03 -1.469896e+03
-2.625740e+02 3.522714e+03 4.053767e+03 -1.861839e+03
-4.066527e+02 3.748567e+03 4.365861e+03 -1.876244e+03
-4.458587e+02 5.516531e+03 7.506302e+03 -1.579838e+03
-6.327306e+02 3.646720e+03 4.499132e+03 -1.446155e+03
-4.149434e+02 4.099641e+03 4.697220e+03 -2.501309e+03
-5.799643e+02 3.498432e+03 4.274534e+03 -1.513664e+03
-4.837848e+02 3.794564e+03 4.336714e+03 -1.303623e+03
-3.479975e+02 3.948370e+03 4.353777e+03 -2.003312e+03
-1.146727e+03 3.375975e+03 3.851789e+03 -1.278828e+03
-5.945895e+02 3.786861e+03 4.113919e+03 -1.402708e+03
-9.836498e+02 4.126104e+03 5.441349e+03 -1.696444e+03
-8.643162e+02 4.255026e+03 4.755209e+03 -1.207018e+03
-1.096448e+03 3.987213e+03 4.218030e+03 -1.679507e+03
-2.730248e+02 3.969984e+03 4.460802e+03 -2.658972e+03
-3.289778e+02 5.910188e+03 7.526975e+03 -1.755531e+03
-4.780792e+02 3.270374e+03 3.976305e+03 -2.211184e+03
-1.579855e+02 3.867457e+03 4.382322e+03 -2.520020e+03
-1.146316e+03 4.084070e+03 5.897547e+03 -1.203551e+03
-4.190607e+02 3.854593e+03 4.431068e+03 -1.571379e+03
-1.324772e+03 4.348163e+03 6.093369e+03 -1.419239e+03
-7.069796e+02 3.629274e+03 4.080135e+03 -1.580038e+03
-8.469233e+02 3.571528e+03 3.845298e+03 -2.071404e+03
-9.720715e+02 4.045397e+03 5.105827e+03 -1.175277e+03
-3.723983e+02 4.493418e+03 4.970806e+03 -2.345415e+03
-7.281905e+02 4.301423e+03 4.620760e+03 -1.754869e+03
-1.251826e+03 4.274656e+03 5.555634e+03 -1.208788e+03
-7.106098e+02 3.627539e+03 4.025469e+03 -2.105838e+03
-5.814296e+02 3.283487e+03 3.936144e+03 -1.327709e+03
-8.018531e+02 4.006903e+03 4.571214e+03 -2.062280e+03
-1.436378e+03 3.485836e+03 4.159266e+03 -1.501647e+03
-3.253356e+02 4.379022e+03 4.149832e+03 -2.348994e+03
-5.247376e+02 4.016181e+03 5.268649e+03 -2.529355e+03
-8.332221e+02 4.909228e+03 6.605173e+03 -1.341883e+03
-5.006036e+02 3.950271e+03 3.264045e+03 -2.497195e+03
-7.683159e+02 3.765846e+03 4.649429e+03 -2.272236e+03
4.666483e+01 5.330523e+03 6.440837e+03 -2.098281e+03
-6.606045e+02 3.676857e+03 4.590006e+03 -1.817711e+03
-7.297024e+02 4.085224e+03 4.417647e+03 -2.315054e+03
-4.239699e+02 5.224590e+03 7.115813e+03 -1.287699e+03
-1.533630e+01 4.246338e+03 5.093324e+03 -2.555883e+03
-7.077137e+02 4.054576e+03 4.538141e+03 -2.352182e+03
-4.890683e+02 3.632620e+03 4.278430e+03 -1.964292e+03
-5.840038e+02 4.539239e+03 4.922325e+03 -2.179007e+03
-6.861467e+01 3.333439e+03 2.999548e+03 -2.332812e+03
-8.539073e+02 3.802618e+03 4.147270e+03 -1.790140e+03
-1.296268e+03 3.316475e+03 4.465677e+03 -1.888279e+03
-4.178183e+02 4.282910e+03 5.195027e+03 -1.732417e+03
-6.487186e+02 4.308342e+03 5.114426e+03 -1.647700e+03
-7.575440e+02 3.740892e+03 3.989434e+03 -2.263316e+03
-6.617334e+02 4.529956e+03 5.371163e+03 -1.347943e+03
-1.290053e+03 5.684443e+03 8.546123e+03 -1.341318e+03
-9.176776e+02 4.144817e+03 6.498455e+03 -1.986408e+03
-3.235059e+02 4.280359e+03 5.843122e+03 -1.609403e+03
-9.392134e+02 3.748748e+03 3.814414e+03 -1.544787e+03
-6.703714e+02 5.610624e+03 7.841137e+03 -1.102916e+03
-3.676301e+02 3.976608e+03 4.823519e+03 -2.347358e+03
-8.177205e+02 3.276445e+03 3.436127e+03 -1.963801e+03
-3.711395e+02 3.713452e+03 3.312176e+03 -2.428736e+03
-3.098008e+02 3.997522e+03 4.258528e+03 -1.728565e+03
-6.996256e+02 4.003453e+03 3.940364e+03 -1.794606e+03
-1.680500e+03 2.979805e+03 3.727510e+03 -1.995117e+03
-4.916501e+02 4.189008e+03 4.109742e+03 -2.055299e+03
-5.824984e+02 4.116255e+03 4.440093e+03 -2.255007e+03
-6.377148e+02 4.197680e+03 5.335581e+03 -1.265842e+03
-7.124288e+02 4.440795e+03 6.258813e+03 -2.281835e+03
-4.644113e+02 3.483704e+03 4.560841e+03 -1.390209e+03
-9.493804e+02 5.555783e+03 7.537724e+03 -1.301973e+03
-6.089392e+02 5.219699e+03 7.244716e+03 -1.336342e+03
-2.967682e+02 3.799070e+03 3.969192e+03 -2.389787e+03
4.774307e+01 4.288211e+03 4.297105e+03 -2.058955e+03
-3.465003e+02 3.853163e+03 4.653137e+03 -1.000369e+03
-1.445207e+03 3.623489e+03 4.995566e+03 -1.501112e+03
-8.348408e+02 3.918465e+03 4.138444e+03 -2.210494e+03
-5.032752e+02 3.476303e+03 4.036945e+03 -1.932324e+03
-1.094262e+03 6.768166e+03 1.157402e+04 -3.056827e+02
-7.459788e+02 4.149711e+03 5.215274e+03 -2.008262e+03
-8.135806e+02 4.572892e+03 6.165335e+03 -1.686491e+03
-1.145209e+03 4.575086e+03 6.068563e+03 -1.721915e+03
-7.257598e+02 3.384699e+03 3.791036e+03 -2.187224e+03
-7.708951e+02 3.452827e+03 4.210784e+03 -1.314733e+03
-4.168368e+02 4.168677e+03 5.278197e+03 -1.864740e+03
-8.202712e+02 4.201831e+03 5.212220e+03 -2.412638e+03
-9.839054e+02 3.463457e+03 3.987375e+03 -1.198373e+03
-6.690209e+02 3.602834e+03 4.455009e+03 -2.151911e+03
-1.138241e+03 4.076667e+03 4.650602e+03 -1.290792e+03
-8.071470e+02 3.513998e+03 4.051519e+03 -1.178716e+03
-2.805613e+02 4.475107e+03 5.370433e+03 -2.457178e+03
-6.052138e+02 4.222430e+03 4.654147e+03 -2.033535e+03
-1.095516e+03 4.300457e+03 4.763913e+03 -2.060192e+03
-3.091320e+02 3.694751e+03 4.281490e+03 -2.621667e+03
-2.952760e+02 3.632197e+03 3.625502e+03 -2.423140e+03
-3.613091e+02 4.137285e+03 4.685968e+03 -1.884779e+03
-7.361128e+02 3.896586e+03 5.146622e+03 -2.274465e+03
-6.253459e+02 4.252683e+03 5.309349e+03 -2.562795e+03
-4.650677e+02 3.839555e+03 4.724574e+03 -2.408585e+03
-4.402511e+02 4.248932e+03 5.274655e+03 -2.212866e+03
-6.696650e+02 4.225157e+03 4.994882e+03 -2.176767e+03
-1.206086e+03 4.021612e+03 4.845313e+03 -1.711114e+03
-6.593338e+02 3.375621e+03 3.869678e+03 -1.912254e+03
-9.718850e+02 5.062373e+03 7.327433e+03 -1.328073e+03
-3.064058e+02 3.425454e+03 3.816550e+03 -1.811335e+03
-7.929719e+02 4.051716e+03 5.258425e+03 -1.937685e+03
-1.774953e+02 4.108142e+03 4.039980e+03 -2.331123e+03
-5.728936e+02 3.706968e+03 3.459941e+03 -1.839646e+03
-5.056542e+02 3.835563e+03 3.917696e+03 -2.330568e+03
-6.899702e+02 4.259757e+03 6.154775e+03 -2.037064e+03
-6.327897e+02 5.050520e+03 6.735051e+03 -1.708958e+03
-4.438885e+02 3.244333e+03 3.862818e+03 -1.287575e+03
-9.432889e+02 5.005932e+03 7.430869e+03 -1.571440e+03
-6.212805e+02 3.507115e+03 4.124447e+03 -1.626404e+03
-8.803340e+02 4.251632e+03 4.274129e+03 -1.971206e+03
-5.209924e+02 3.806825e+03 4.627259e+03 -2.697768e+03
-1.121050e+03 4.453321e+03 6.589948e+03 -1.290428e+03
-5.289458e+02 3.994392e+03 3.782229e+03 -1.640139e+03
-9.796110e+02 3.838707e+03 5.099723e+03 -2.346733e+03
-1.754316e+03 3.952001e+03 4.948555e+03 -1.726784e+03
-1.571434e+03 4.068913e+03 4.858546e+03 -1.693694e+03
-1.785065e+03 5.384304e+03 8.642578e+03 -3.421263e+02
-1.757654e+03 4.157498e+03 5.231152e+03 -1.598399e+03
-2.102520e+03 5.804017e+03 8.665626e+03 -6.865923e+02
-1.139400e+03 3.638615e+03 3.946989e+03 -2.373813e+03
-1.366527e+03 3.866429e+03 4.657684e+03 -1.802843e+03
-1.792667e+03 3.227835e+03 6.260744e+03 -4.095433e+02
-1.722745e+03 3.820177e+03 5.478673e+03 -1.594007e+03
-1.388965e+03 3.784134e+03 6.259797e+03 -9.897719e+02
-1.636659e+03 4.447619e+03 5.347530e+03 -1.531584e+03
-1.292282e+03 4.225626e+03 4.937423e+03 -1.514841e+03
-1.705825e+03 4.880561e+03 6.029349e+03 -1.681898e+03
-1.343125e+03 4.002753e+03 4.121008e+03 -1.875898e+03
-1.606270e+03 4.813867e+03 5.656383e+03 -1.929120e+03
-1.906393e+03 3.938207e+03 6.697410e+03 -6.170274e+02
-1.671104e+03 4.529049e+03 6.623704e+03 -8.230143e+02
-1.454511e+03 3.991850e+03 4.672062e+03 -1.694669e+03
-1.456193e+03 4.381972e+03 6.513552e+03 -1.093691e+03
-1.695245e+03 3.547554e+03 5.868126e+03 -1.214872e+03
-1.495876e+03 3.333335e+03 5.212684e+03 -8.600749e+02
-2.215046e+03 4.953082e+03 6.594716e+03 -1.118786e+03
-1.367262e+03 3.494974e+03 4.402925e+03 -1.604152e+03
-1.629114e+03 3.759152e+03 5.413155e+03 -1.370726e+03
-1.353265e+03 3.654164e+03 5.239476e+03 -1.216951e+03
-1.646441e+03 5.365846e+03 7.649256e+03 -1.050539e+03
-1.583407e+03 4.173381e+03 5.293052e+03 -1.024354e+03
-1.507926e+03 3.666366e+03 4.149421e+03 -2.036723e+03
-1.677763e+03 4.605650e+03 5.668171e+03 -1.779877e+03
-1.683452e+03 3.396467e+03 5.411274e+03 -1.130141e+03
-1.665471e+03 4.804658e+03 7.790403e+03 -4.247573e+02
-1.177394e+03 3.974094e+03 3.694484e+03 -1.989225e+03
-1.255617e+03 6.062905e+03 8.988794e+03 -6.588982e+02
-1.448052e+03 3.886383e+03 5.483025e+03 -1.626767e+03
-1.573121e+03 3.716889e+03 5.163896e+03 -1.320449e+03
-1.405128e+03 3.870060e+03 5.854223e+03 -8.188853e+02
-1.857006e+03 4.768742e+03 6.690256e+03 -1.070093e+03
-1.343544e+03 4.029826e+03 4.531154e+03 -2.021216e+03
-1.078075e+03 5.826513e+03 7.883587e+03 -7.451124e+02
-1.631862e+03 4.237865e+03 7.154947e+03 -8.110337e+02
-1.849972e+03 4.699753e+03 6.438495e+03 -1.501590e+03
-1.279026e+03 4.379629e+03 5.237804e+03 -1.832652e+03
-1.269813e+03 3.733348e+03 4.819769e+03 -1.556208e+03
-1.690864e+03 4.364484e+03 5.088190e+03 -1.755582e+03
-9.658691e+02 4.158878e+03 5.143329e+03 -1.049452e+03
-1.463426e+03 3.759269e+03 4.477970e+03 -2.177187e+03
-9.111119e+02 5.942120e+03 6.901102e+03 -1.362739e+03
-1.514013e+03 4.151517e+03 4.662160e+03 -1.677295e+03
-1.806050e+03 4.185753e+03 6.356926e+03 -8.493509e+02
-1.701270e+03 5.313738e+03 9.126763e+03 -2.194245e+01
-1.309512e+03 3.883489e+03 3.880037e+03 -2.083957e+03
-1.526550e+03 4.264120e+03 6.516277e+03 -1.235349e+03
-1.399116e+03 5.828997e+03 8.161301e+03 -7.574962e+02
-1.292871e+03 4.582483e+03 4.576299e+03 -2.017096e+03
-1.460746e+03 4.313247e+03 4.823541e+03 -1.832640e+03
-9.468444e+02 3.932065e+03 4.130543e+03 -2.339242e+03
-1.647798e+03 8.023187e+03 1.371436e+04 7.009278e+02
-9.504646e+02 3.546108e+03 3.289271e+03 -2.402491e+03
-1.715073e+03 4.193343e+03 5.862028e+03 -1.026003e+03
-1.659176e+03 3.807006e+03 4.622466e+03 -1.485692e+03
-1.387158e+03 3.532523e+03 6.162698e+03 -1.107169e+03
-1.464708e+03 3.597967e+03 3.570981e+03 -2.279491e+03
-2.006695e+03 4.502823e+03 6.585036e+03 -1.173784e+03
-1.581877e+03 3.903580e+03 4.722749e+03 -1.882811e+03
-1.372223e+03 5.125154e+03 7.274752e+03 -7.729983e+02
-1.554497e+03 4.030387e+03 4.803074e+03 -1.802412e+03
-1.014872e+03 3.422938e+03 3.165610e+03 -2.506001e+03
-1.896885e+03 4.001779e+03 6.351892e+03 -1.045277e+03
-1.535159e+03 3.815455e+03 6.524670e+03 -7.889690e+02
-1.747487e+03 4.315950e+03 5.721580e+03 -1.370094e+03
-1.118067e+03 6.685660e+03 9.462560e+03 -3.987352e+02
-1.655830e+03 4.014347e+03 6.090233e+03 -5.976450e+02
-8.191821e+02 5.930962e+03 7.342630e+03 -9.497819e+02
-1.211417e+03 4.114200e+03 4.112129e+03 -2.001673e+03
-1.649430e+03 3.918244e+03 6.658115e+03 -2.393859e+02
-1.765280e+03 3.757242e+03 4.993951e+03 -1.400427e+03
-1.784424e+03 5.039360e+03 8.583066e+03 -2.854403e+02
-1.279455e+03 3.562930e+03 6.056935e+03 -8.277660e+02
-1.292657e+03 4.205248e+03 4.288441e+03 -2.018476e+03
-1.697526e+03 3.581967e+03 6.985623e+03 -4.788114e+02
-1.724954e+03 4.790500e+03 6.361897e+03 -1.356803e+03
-1.556838e+03 4.028293e+03 5.392001e+03 -1.070783e+03
-1.104127e+03 3.419273e+03 3.501646e+03 -2.190333e+03
-1.364255e+03 3.611507e+03 4.929631e+03 -1.450540e+03
-1.713981e+03 3.315040e+03 3.626344e+03 -2.556308e+03
-8.865069e+02 6.143744e+03 8.380476e+03 -6.386578e+02
-1.030121e+03 5.275729e+03 7.354743e+03 -9.569615e+02
-1.514108e+03 4.266314e+03 5.678416e+03 -1.403737e+03
-1.244923e+03 3.865704e+03 3.888454e+03 -2.158773e+03
-1.459437e+03 4.071548e+03 5.213739e+03 -1.574356e+03
-1.210438e+03 4.224030e+03 4.833846e+03 -1.483604e+03
-1.329047e+03 4.264911e+03 4.811716e+03 -1.601919e+03
-1.830955e+03 4.176168e+03 5.262897e+03 -1.479022e+03
-1.879179e+03 4.643354e+03 6.074980e+03 -1.176505e+03
-1.616633e+03 4.173581e+03 4.929082e+03 -1.770096e+03
-1.456375e+03 4.295367e+03 5.523039e+03 -1.272694e+03
-1.806243e+03 4.994857e+03 7.662212e+03 -5.247485e+02
-1.645528e+03 4.400227e+03 5.380576e+03 -1.666462e+03
-1.580130e+03 3.934140e+03 4.890280e+03 -1.526031e+03
-1.871317e+03 4.182963e+03 5.906976e+03 -1.006296e+03
-2.043216e+03 4.576721e+03 6.521608e+03 -9.642039e+02
-1.492402e+03 4.039288e+03 4.723863e+03 -1.714423e+03
-1.580675e+03 3.819357e+03 5.494361e+03 -1.261929e+03
-1.528054e+03 4.022837e+03 4.552312e+03 -1.936989e+03
-1.648731e+03 4.138731e+03 4.915651e+03 -1.737591e+03
-1.135810e+03 4.238309e+03 5.894328e+03 -1.521743e+03
-1.535055e+03 3.816605e+03 5.304044e+03 -1.172555e+03
-1.718696e+03 8.692436e+03 1.526951e+04 1.270242e+03
-1.093152e+03 3.960381e+03 4.178352e+03 -2.158411e+03
-1.881922e+03 3.620422e+03 6.378135e+03 -7.448261e+02
-1.133958e+03 3.936655e+03 3.649500e+03 -2.101210e+03
-1.436001e+03 3.980584e+03 5.149969e+03 -1.337552e+03
-1.539815e+03 3.500638e+03 5.121432e+03 -8.467545e+02
-1.829655e+03 4.068836e+03 6.379333e+03 -5.060110e+02
-1.769006e+03 4.060453e+03 6.673273e+03 -6.970252e+02
-1.785001e+03 3.073198e+03 4.965747e+03 -1.261604e+03
-1.715810e+03 4.392091e+03 5.762504e+03 -1.164255e+03
-1.174928e+03 3.495099e+03 4.867602e+03 -1.760171e+03
-9.301772e+02 5.399650e+03 6.933120e+03 -1.060141e+03
-1.402022e+03 3.758685e+03 6.188171e+03 -1.170815e+03
-2.033603e+03 4.162531e+03 6.230064e+03 -9.687418e+02
-1.398914e+03 4.453439e+03 7.027551e+03 -8.192242e+02
-1.526684e+03 4.709345e+03 5.432232e+03 -1.565476e+03
-1.454303e+03 4.065211e+03 5.233287e+03 -1.262090e+03
-1.712056e+03 3.711799e+03 6.941229e+03 -5.580573e+02
-1.858165e+03 4.118484e+03 6.761686e+03 -6.425000e+02
-2.003623e+03 4.347186e+03 6.049882e+03 -1.226637e+03
-1.191400e+03 4.743707e+03 5.968130e+03 -1.404676e+03
-1.279151e+03 5.878073e+03 7.929797e+03 -7.906904e+02
-1.598249e+03 4.605895e+03 6.401702e+03 -8.680342e+02
-1.890465e+03 3.777849e+03 5.854669e+03 -1.027185e+03
-1.843436e+03 4.869781e+03 6.139877e+03 -1.598328e+03
-1.743919e+03 4.147155e+03 5.610904e+03 -1.686967e+03
-1.371125e+03 4.094613e+03 4.001143e+03 -1.979523e+03
-1.453387e+03 4.096019e+03 5.523935e+03 -1.642530e+03
-1.224149e+03 3.611967e+03 3.468766e+03 -2.242408e+03
-8.955067e+02 6.094369e+03 7.757295e+03 -8.940331e+02
-1.698998e+03 4.072339e+03 5.954085e+03 -7.917389e+02
-1.531952e+03 4.233060e+03 6.199200e+03 -1.240497e+03
-1.187900e+03 4.785113e+03 5.568752e+03 -1.767495e+03
-1.423150e+03 3.682643e+03 5.671717e+03 -9.467200e+02
-1.046723e+03 3.403837e+03 3.898377e+03 -2.170213e+03
-1.781514e+03 4.368192e+03 6.007286e+03 -9.278399e+02
-1.860415e+03 3.740193e+03 5.707477e+03 -8.803451e+02
-1.666220e+03 4.393074e+03 4.909772e+03 -1.808514e+03
-2.358207e+03 6.669673e+03 1.283514e+04 5.984018e+02
-1.624819e+03 3.898921e+03 6.679451e+03 -4.268450e+02
-1.193373e+03 3.465350e+03 5.428594e+03 -1.014637e+03
-1.324812e+03 4.229522e+03 4.780626e+03 -1.906737e+03
-1.304095e+03 3.584901e+03 5.487832e+03 -1.052370e+03
-1.070256e+03 3.614184e+03 3.284525e+03 -2.141726e+03
-1.807349e+03 7.022784e+03 1.131852e+04 1.634614e+02
-2.413841e+03 7.168236e+03 1.207568e+04 4.083129e+02
-1.422179e+03 3.499014e+03 5.049839e+03 -1.324538e+03
-1.472660e+03 3.834663e+03 5.906622e+03 -6.669432e+02
-1.668887e+03 4.176985e+03 5.097813e+03 -1.706529e+03
-1.368427e+03 4.001814e+03 3.998078e+03 -2.222078e+03
-1.629763e+03 3.648655e+03 5.911763e+03 -1.086421e+03
-1.464223e+03 4.187553e+03 4.486694e+03 -1.924281e+03
-1.215824e+03 5.180230e+03 6.290256e+03 -1.383677e+03
-1.213668e+03 4.032149e+03 4.042550e+03 -1.834242e+03
-1.373535e+03 3.672357e+03 4.276487e+03 -1.816881e+03
-1.644868e+03 4.327490e+03 5.322063e+03 -1.396854e+03
-1.138424e+03 3.837843e+03 4.199381e+03 -1.979497e+03
-1.595501e+03 4.018008e+03 4.881102e+03 -1.837719e+03
-1.407887e+03 4.141957e+03 4.498948e+03 -1.943089e+03
-1.049473e+03 3.776518e+03 3.475637e+03 -2.248847e+03
-1.549085e+03 4.835538e+03 6.605392e+03 -1.110816e+03
-1.261286e+03 3.840439e+03 5.424459e+03 -1.376595e+03
-1.536063e+03 4.244460e+03 5.135552e+03 -1.433535e+03
-1.583093e+03 4.018126e+03 4.642123e+03 -1.665510e+03
-1.204834e+03 3.560714e+03 3.839668e+03 -2.288076e+03
-1.694870e+03 3.961053e+03 6.080420e+03 -6.816342e+02
-1.339243e+03 4.039778e+03 4.212191e+03 -2.152927e+03
-1.460936e+03 4.126079e+03 4.461583e+03 -1.927821e+03
-1.448341e+03 4.152936e+03 5.070670e+03 -1.351527e+03
-1.861558e+03 4.557697e+03 6.708473e+03 -8.129266e+02
-1.161411e+03 4.092749e+03 4.541305e+03 -2.030925e+03
-1.558554e+03 3.646067e+03 5.546622e+03 -9.356653e+02
-9.473529e+02 3.908493e+03 3.665730e+03 -2.191369e+03
-1.647851e+03 4.609335e+03 5.392639e+03 -2.091593e+03
-1.067604e+03 5.429826e+03 6.718323e+03 -1.717754e+03
-1.719329e+03 4.306160e+03 7.319440e+03 -4.702308e+02
-1.760129e+03 3.882790e+03 5.778523e+03 -1.269422e+03
-1.658837e+03 3.853290e+03 6.124909e+03 -6.069646e+02
-1.868903e+03 4.461424e+03 5.587172e+03 -1.474319e+03
-1.451987e+03 4.237073e+03 5.059040e+03 -1.711792e+03
-1.985811e+03 4.263808e+03 6.676012e+03 -7.351900e+02
-1.821519e+03 3.831553e+03 6.256349e+03 -7.135953e+02
-1.335701e+03 4.194640e+03 4.631364e+03 -1.874078e+03
-1.518473e+03 3.926883e+03 5.569690e+03 -8.271276e+02
-1.092738e+03 3.559699e+03 3.806781e+03 -2.313438e+03
-2.067357e+03 4.638560e+03 6.904789e+03 -8.516367e+02
-1.209243e+03 5.601770e+03 7.897976e+03 -1.051009e+03
-1.847524e+03 4.035741e+03 6.802858e+03 -2.129001e+02
-1.761889e+03 5.004981e+03 7.969166e+03 -5.902378e+02
-1.780719e+03 5.040441e+03 7.238711e+03 -1.043387e+03
-1.751139e+03 3.835870e+03 5.667692e+03 -1.155741e+03
-1.302609e+03 4.279046e+03 6.046241e+03 -1.146706e+03
-1.830955e+03 4.176168e+03 5.262897e+03 -1.479022e+03
