-4.324335e+03 -2.376810e+03
-3.862477e+03 -1.878940e+03
-4.159814e+03 -2.100446e+03
-4.374888e+03 -2.785210e+03
-4.308515e+03 -2.401846e+03
-4.683909e+03 -3.119926e+03
-3.847073e+03 -1.937187e+03
-4.396303e+03 -2.123299e+03
-3.726267e+03 -1.773935e+03
-3.419107e+03 -1.898223e+03
-5.377228e+03 -4.460304e+03
-4.804645e+03 -3.849766e+03
-5.025389e+03 -4.617586e+03
-4.660576e+03 -4.683721e+03
-5.543140e+03 -4.711713e+03
-5.246774e+03 -4.019091e+03
-5.206082e+03 -4.799460e+03
-5.125008e+03 -4.156191e+03
-5.100950e+03 -3.697708e+03
-5.340842e+03 -4.643404e+03
-5.474782e+03 -3.907208e+03
-4.865528e+03 -4.045843e+03
-5.215487e+03 -4.725098e+03
-4.702307e+03 -4.484444e+03
-5.081360e+03 -3.587992e+03
-4.596273e+03 -4.800294e+03
-4.779029e+03 -4.614776e+03
-5.562335e+03 -4.682316e+03
-5.295368e+03 -4.497375e+03
-5.021148e+03 -4.241372e+03
-5.090644e+03 -4.036868e+03
-5.011976e+03 -3.982264e+03
-6.277531e+03 -4.048576e+03
-4.920117e+03 -4.971777e+03
-5.031178e+03 -4.331626e+03
-5.527383e+03 -4.193603e+03
-5.444046e+03 -3.835661e+03
-4.784113e+03 -4.211508e+03
-5.443591e+03 -3.814661e+03
-5.365252e+03 -3.228509e+03
-5.244591e+03 -4.101968e+03
-5.053865e+03 -4.009058e+03
-5.255376e+03 -3.428182e+03
-5.212704e+03 -3.712648e+03
-4.709522e+03 -3.715843e+03
-5.681576e+03 -4.712174e+03
-5.114011e+03 -4.664150e+03
-5.462261e+03 -3.925266e+03
-4.798130e+03 -3.841702e+03
-5.016812e+03 -4.108090e+03
-5.401119e+03 -5.280898e+03
-5.000641e+03 -3.539273e+03
-4.981741e+03 -4.167975e+03
-5.489740e+03 -4.921656e+03
-4.698399e+03 -4.383958e+03
-5.026959e+03 -3.885768e+03
-4.848439e+03 -4.749386e+03
-5.226751e+03 -2.866289e+03
-4.990384e+03 -3.898730e+03
-5.115662e+03 -3.916913e+03
-5.353342e+03 -3.557148e+03
-5.469161e+03 -4.294322e+03
-5.319321e+03 -4.299266e+03
-4.903103e+03 -4.013725e+03
-5.086193e+03 -3.974199e+03
-5.156169e+03 -3.869502e+03
-5.973356e+03 -5.224232e+03
-5.492574e+03 -5.359577e+03
-5.170577e+03 -4.257153e+03
-5.206156e+03 -4.197043e+03
-5.009391e+03 -4.484745e+03
-5.242378e+03 -4.250518e+03
-5.404789e+03 -3.922999e+03
-5.185102e+03 -3.792569e+03
-5.653089e+03 -4.550300e+03
-5.320913e+03 -3.904027e+03
-5.057443e+03 -3.679109e+03
-4.988190e+03 -3.949867e+03
-5.686994e+03 -3.749216e+03
-5.143912e+03 -4.247249e+03
-5.057129e+03 -4.176809e+03
-5.462261e+03 -3.925266e+03
-5.320913e+03 -3.904027e+03
-5.062409e+03 -4.559207e+03
-5.542924e+03 -3.903133e+03
-5.532846e+03 -5.016995e+03
-5.513968e+03 -4.517632e+03
-5.005595e+03 -3.835320e+03
-5.103422e+03 -3.166279e+03
-5.073243e+03 -4.179236e+03
-5.829791e+03 -4.016089e+03
-4.449474e+03 -3.386734e+03
-5.648692e+03 -4.315229e+03
-5.068067e+03 -3.870133e+03
-5.125304e+03 -4.348040e+03
-5.215879e+03 -3.974576e+03
-5.128706e+03 -4.015670e+03
-5.082452e+03 -4.794837e+03
-5.229448e+03 -5.098483e+03
-5.214812e+03 -3.766943e+03
-5.512644e+03 -3.913922e+03
-5.038526e+03 -4.386558e+03
-5.068829e+03 -3.833845e+03
-5.889518e+03 -5.034325e+03
-5.083955e+03 -4.460173e+03
-5.398785e+03 -4.196445e+03
-5.764949e+03 -4.166798e+03
-5.723471e+03 -4.174698e+03
-4.899979e+03 -3.660022e+03
-4.989873e+03 -4.015599e+03
-5.680345e+03 -3.705641e+03
-4.899136e+03 -3.564457e+03
-5.198286e+03 -4.632683e+03
-5.249091e+03 -4.556610e+03
-5.291704e+03 -4.796141e+03
-4.939902e+03 -3.985796e+03
-5.431415e+03 -3.631739e+03
-5.924539e+03 -4.844711e+03
-4.643668e+03 -3.564465e+03
-5.639179e+03 -4.150416e+03
-5.371639e+03 -4.886139e+03
-5.410403e+03 -3.817859e+03
-5.048569e+03 -4.471355e+03
-4.916788e+03 -3.697528e+03
-5.460098e+03 -4.460398e+03
-5.575760e+03 -3.379733e+03
-5.127361e+03 -4.014485e+03
-5.100522e+03 -4.516492e+03
-5.010674e+03 -3.612156e+03
-5.459223e+03 -4.241113e+03
-4.172054e+03 -3.325679e+03
-5.465504e+03 -4.725090e+03
-5.276013e+03 -3.927928e+03
-4.967389e+03 -4.090708e+03
-4.610279e+03 -3.690681e+03
-5.286056e+03 -3.646626e+03
-5.899092e+03 -4.172988e+03
-5.093753e+03 -3.536279e+03
-5.266700e+03 -2.897100e+03
-5.455148e+03 -3.900538e+03
-5.762990e+03 -2.263085e+03
-5.102186e+03 -3.939230e+03
-4.771589e+03 -3.715226e+03
-5.429231e+03 -3.661846e+03
-4.771950e+03 -4.547200e+03
-5.230421e+03 -4.671298e+03
-5.229849e+03 -4.420631e+03
-4.748710e+03 -4.605527e+03
-5.662461e+03 -4.357813e+03
-4.997388e+03 -4.428129e+03
-5.056985e+03 -3.830247e+03
-5.510046e+03 -3.490840e+03
-5.271091e+03 -3.598285e+03
-5.305396e+03 -4.323132e+03
-5.403669e+03 -3.835798e+03
-7.007105e+03 -4.067928e+03
-5.127516e+03 -3.540160e+03
-4.838173e+03 -3.954484e+03
-4.879702e+03 -4.890489e+03
-5.000607e+03 -4.044529e+03
-4.914384e+03 -4.957961e+03
-5.235363e+03 -3.998195e+03
-5.077793e+03 -4.324542e+03
-5.413657e+03 -3.611705e+03
-4.616377e+03 -3.801909e+03
-5.175730e+03 -4.898695e+03
-5.150053e+03 -4.353599e+03
-5.323446e+03 -3.698596e+03
-5.254848e+03 -4.906183e+03
-6.354182e+03 -5.666147e+03
-4.804715e+03 -3.727636e+03
-5.037816e+03 -4.153705e+03
-5.374922e+03 -4.750731e+03
-5.266407e+03 -3.265689e+03
-5.252633e+03 -4.975710e+03
-5.018512e+03 -4.496522e+03
-5.246876e+03 -4.058810e+03
-5.835529e+03 -4.942623e+03
-5.398999e+03 -3.565051e+03
-5.553163e+03 -4.946095e+03
-5.298287e+03 -4.877283e+03
-4.984529e+03 -3.906587e+03
-4.674513e+03 -3.797722e+03
-5.267513e+03 -4.137808e+03
-5.098079e+03 -3.462296e+03
-5.192259e+03 -3.531121e+03
-4.952574e+03 -3.975124e+03
-5.134866e+03 -3.940626e+03
-5.228553e+03 -3.807285e+03
-5.349428e+03 -3.554224e+03
-5.132873e+03 -3.299737e+03
-5.099804e+03 -4.204930e+03
-5.285727e+03 -4.535358e+03
-5.487336e+03 -3.757693e+03
-5.248220e+03 -4.310540e+03
-5.522377e+03 -4.128439e+03
-5.083141e+03 -3.928385e+03
-5.037227e+03 -3.369386e+03
-4.861572e+03 -4.218237e+03
-4.911890e+03 -3.860764e+03
-4.847373e+03 -3.787667e+03
-5.103592e+03 -4.667876e+03
-5.382832e+03 -4.609944e+03
-4.945052e+03 -4.800997e+03
-5.479240e+03 -4.095604e+03
-5.402925e+03 -3.659844e+03
-5.004723e+03 -3.404624e+03
-5.748465e+03 -4.100433e+03
-5.032547e+03 -3.838801e+03
-5.406126e+03 -4.259718e+03
-5.412851e+03 -2.410611e+03
-5.109373e+03 -2.289832e+03
-4.658171e+03 -2.485179e+03
-4.950863e+03 -2.250816e+03
-5.218313e+03 -3.294636e+03
-5.712612e+03 -3.320087e+03
-5.316868e+03 -3.969030e+03
-4.433636e+03 -2.110042e+03
-4.875172e+03 -2.708269e+03
-4.712242e+03 -2.778500e+03
-5.108799e+03 -2.604624e+03
-4.666604e+03 -2.733047e+03
-4.887845e+03 -2.700126e+03
-5.059903e+03 -2.457841e+03
-4.825509e+03 -2.604858e+03
-4.350177e+03 -2.530868e+03
-4.608256e+03 -1.987656e+03
-4.837705e+03 -2.215184e+03
-5.097647e+03 -2.494697e+03
-4.431729e+03 -2.525576e+03
-5.459195e+03 -2.898876e+03
-5.132642e+03 -2.689705e+03
-5.493306e+03 -2.508653e+03
-4.223812e+03 -2.150805e+03
-4.801541e+03 -2.692064e+03
-4.700200e+03 -2.443945e+03
-4.774842e+03 -1.855480e+03
-4.512648e+03 -2.075966e+03
-5.241567e+03 -3.042638e+03
-4.819234e+03 -2.121316e+03
-4.735201e+03 -2.367887e+03
-5.183301e+03 -2.633221e+03
-4.690347e+03 -3.459401e+03
-4.339547e+03 -2.504277e+03
-4.833217e+03 -2.417220e+03
-4.295781e+03 -2.302768e+03
-5.058166e+03 -2.544001e+03
-5.526188e+03 -3.917911e+03
-4.487245e+03 -2.615689e+03
-4.710795e+03 -3.011204e+03
-5.242515e+03 -2.910103e+03
-5.077202e+03 -2.715717e+03
-4.426554e+03 -2.193102e+03
-5.021702e+03 -2.620602e+03
-4.753502e+03 -2.519986e+03
-5.047889e+03 -2.605224e+03
-4.528603e+03 -3.320995e+03
-5.177057e+03 -2.733186e+03
-4.505814e+03 -1.984222e+03
-4.785561e+03 -2.414153e+03
-5.221805e+03 -2.385614e+03
-4.901169e+03 -2.759120e+03
-4.659525e+03 -3.062142e+03
-5.123553e+03 -2.798316e+03
-5.180933e+03 -2.554467e+03
-5.158674e+03 -3.709557e+03
-5.783044e+03 -5.237847e+03
-5.302772e+03 -2.851775e+03
-4.681863e+03 -2.701281e+03
-5.034410e+03 -2.097658e+03
-4.475369e+03 -2.561750e+03
-5.436488e+03 -2.974196e+03
-4.681167e+03 -2.208796e+03
-5.521082e+03 -3.075497e+03
-4.733292e+03 -2.595128e+03
-5.297264e+03 -2.566617e+03
-5.194253e+03 -2.542388e+03
-4.944142e+03 -2.776566e+03
-4.710784e+03 -2.896445e+03
-4.935359e+03 -2.511745e+03
-4.401996e+03 -3.182918e+03
-4.482109e+03 -2.133442e+03
-4.700768e+03 -2.757168e+03
-5.246405e+03 -2.941365e+03
-4.530182e+03 -2.536711e+03
-5.123213e+03 -2.480998e+03
-4.884055e+03 -2.547871e+03
-4.756894e+03 -2.651994e+03
-5.058288e+03 -2.737603e+03
-4.306047e+03 -2.481836e+03
-5.029428e+03 -2.727617e+03
-4.330413e+03 -2.218124e+03
-5.395675e+03 -2.552932e+03
-3.990444e+03 -2.159554e+03
-6.608992e+03 -3.476861e+03
-4.520874e+03 -3.224880e+03
-4.350650e+03 -2.415947e+03
-4.511776e+03 -2.280334e+03
-5.279358e+03 -2.908047e+03
-4.854367e+03 -2.419473e+03
-4.466491e+03 -2.197619e+03
-4.790055e+03 -2.215798e+03
-5.012158e+03 -2.760658e+03
-4.683509e+03 -2.215609e+03
-4.934610e+03 -2.322293e+03
-5.145144e+03 -2.709298e+03
-4.790484e+03 -2.353642e+03
-5.170311e+03 -3.148043e+03
-4.869765e+03 -2.585244e+03
-4.748509e+03 -2.037125e+03
-5.037015e+03 -2.598855e+03
-4.866021e+03 -2.333112e+03
-4.417731e+03 -2.592586e+03
-5.339254e+03 -3.071329e+03
-4.984978e+03 -2.411651e+03
-4.436376e+03 -2.819930e+03
-4.108077e+03 -1.908919e+03
-5.786847e+03 -5.369385e+03
-4.783407e+03 -2.371728e+03
-4.696639e+03 -2.605820e+03
-4.819659e+03 -2.301737e+03
-4.708992e+03 -2.554903e+03
-4.746013e+03 -2.181741e+03
-4.596032e+03 -2.558050e+03
-4.459058e+03 -1.999274e+03
-6.292678e+03 -2.345547e+03
-4.925260e+03 -2.721027e+03
-5.497751e+03 -3.144011e+03
-4.255279e+03 -2.521570e+03
-5.322388e+03 -2.325427e+03
-4.524245e+03 -2.551254e+03
-4.470008e+03 -2.577029e+03
-5.147952e+03 -3.289854e+03
-4.909446e+03 -2.312671e+03
-4.405648e+03 -2.655900e+03
-4.923269e+03 -2.174518e+03
-5.008054e+03 -2.345778e+03
-5.122356e+03 -2.568993e+03
-4.621221e+03 -2.846793e+03
-4.767178e+03 -2.308133e+03
-5.065619e+03 -2.629197e+03
-4.900691e+03 -2.492573e+03
-4.638382e+03 -2.498251e+03
-5.162165e+03 -2.458588e+03
-4.564971e+03 -2.363420e+03
-5.366142e+03 -2.549649e+03
-4.827664e+03 -3.022837e+03
-4.965455e+03 -2.007797e+03
-4.114125e+03 -2.425630e+03
-4.948442e+03 -3.309470e+03
-4.434454e+03 -2.515379e+03
-4.982005e+03 -2.209793e+03
-4.688940e+03 -2.071532e+03
-4.917492e+03 -2.434832e+03
-5.381385e+03 -2.918154e+03
-6.460809e+03 -4.809716e+03
-4.692303e+03 -2.752397e+03
-4.711051e+03 -2.455943e+03
-5.256660e+03 -3.239245e+03
-4.806516e+03 -2.334561e+03
-5.254649e+03 -2.566988e+03
-5.556955e+03 -4.150963e+03
-6.337531e+03 -4.667352e+03
-5.029078e+03 -2.945188e+03
-4.585261e+03 -1.972818e+03
-5.059301e+03 -2.699882e+03
-5.229107e+03 -2.359566e+03
-4.607106e+03 -2.619552e+03
-5.094721e+03 -2.291246e+03
-4.677693e+03 -2.605760e+03
-5.140851e+03 -2.333343e+03
-4.879220e+03 -2.084253e+03
-4.661679e+03 -2.091380e+03
-4.328751e+03 -2.141095e+03
-4.733231e+03 -2.458352e+03
-5.049908e+03 -2.471446e+03
-5.122557e+03 -2.789049e+03
-5.229031e+03 -2.668813e+03
-4.301458e+03 -2.454357e+03
-4.697115e+03 -2.225256e+03
-5.159259e+03 -2.392879e+03
-5.105885e+03 -2.380889e+03
-4.329991e+03 -2.214721e+03
-5.168931e+03 -3.018000e+03
-5.244389e+03 -2.796524e+03
-4.725694e+03 -2.482442e+03
-4.571235e+03 -2.212580e+03
-5.096012e+03 -2.942054e+03
-4.263273e+03 -1.982174e+03
-4.804525e+03 -3.066349e+03
-5.033666e+03 -2.695451e+03
-4.743708e+03 -3.233649e+03
-4.489462e+03 -2.502932e+03
-4.528484e+03 -2.585076e+03
-4.478877e+03 -2.153345e+03
-5.125350e+03 -2.830487e+03
-4.611210e+03 -2.254433e+03
-4.516762e+03 -2.464944e+03
-4.351461e+03 -2.176743e+03
-5.108049e+03 -2.703018e+03
-4.237627e+03 -1.974660e+03
-5.430008e+03 -3.792517e+03
-5.340176e+03 -2.580070e+03
-4.254281e+03 -2.852800e+03
-4.400961e+03 -2.218156e+03
-4.658897e+03 -2.540175e+03
-4.683341e+03 -2.434400e+03
-5.281053e+03 -2.818995e+03
-5.017725e+03 -2.420522e+03
-5.012158e+03 -2.760658e+03
