-2.666388e+03 1.878262e+03 -7.700889e+03 -3.821803e+01
-2.223302e+03 1.927273e+03 -7.545117e+03 5.048279e+01
-2.255767e+03 2.227851e+03 -7.522757e+03 -5.851278e+00
-2.716609e+03 1.863974e+03 -7.791207e+03 -1.663130e+02
-2.427611e+03 1.602342e+03 -7.420720e+03 6.720571e+01
-2.479180e+03 1.320041e+03 -7.732243e+03 -3.302191e+02
-2.705074e+03 2.294068e+03 -7.730418e+03 1.055937e+02
-2.468785e+03 1.849775e+03 -7.110888e+03 -1.499726e+02
-2.805575e+03 2.463356e+03 -7.762660e+03 1.935543e+02
-2.457183e+03 2.331888e+03 -7.875822e+03 1.331528e+02
-9.793725e+02 3.442949e+03 -8.277179e+03 -1.688217e+03
-1.014457e+03 3.491953e+03 -8.328682e+03 -6.319062e+02
-8.971138e+02 4.838214e+03 -8.863717e+03 -1.048184e+03
-1.070315e+03 5.415675e+03 -9.441242e+03 -9.576139e+02
-2.094567e+03 2.571045e+03 -8.147192e+03 -1.491806e+03
-1.875197e+03 2.911903e+03 -8.100391e+03 -6.629974e+02
-2.024769e+03 2.607503e+03 -8.371161e+03 -1.406851e+03
-2.041153e+03 2.377567e+03 -7.894430e+03 -1.112556e+03
-1.777004e+03 2.800731e+03 -8.142070e+03 -4.445462e+02
-2.188765e+03 2.675308e+03 -7.997504e+03 -1.241571e+03
-9.866086e+02 3.269888e+03 -8.104993e+03 -9.637555e+02
-1.042047e+03 4.637183e+03 -8.821745e+03 -9.848502e+02
-2.359548e+03 2.246141e+03 -8.106841e+03 -1.335522e+03
-3.874923e+02 5.639189e+03 -9.463148e+03 -1.311671e+03
-1.574639e+03 2.596056e+03 -8.031200e+03 -6.162026e+02
-1.682965e+02 5.668594e+03 -9.453967e+03 -1.178273e+03
-5.088960e+02 5.427901e+03 -9.316401e+03 -1.378815e+03
-2.081982e+03 2.592880e+03 -8.348067e+03 -1.492190e+03
-2.115947e+03 2.364445e+03 -8.020342e+03 -1.482877e+03
-1.191385e+03 4.196303e+03 -8.385158e+03 -7.669151e+02
-1.627036e+03 3.263397e+03 -8.994459e+03 -9.666530e+02
-1.383636e+03 2.888894e+03 -8.121892e+03 -7.266949e+02
-1.428452e+03 3.255140e+03 -8.255512e+03 -1.840256e+03
-3.648922e+02 4.678063e+03 -8.852926e+03 -1.535754e+03
-2.457916e+03 2.489321e+03 -8.276590e+03 -1.225842e+03
-2.337843e+03 2.610439e+03 -8.441427e+03 -1.445834e+03
-2.238397e+03 2.490960e+03 -8.065823e+03 -7.610748e+02
-1.629639e+03 3.254585e+03 -7.974837e+03 -1.061802e+03
-1.453043e+03 3.241568e+03 -8.081895e+03 -7.227226e+02
-1.947812e+03 1.983618e+03 -7.588557e+03 -1.892533e+02
-1.446651e+03 2.914322e+03 -8.124747e+03 -1.153882e+03
-1.915139e+03 2.323838e+03 -8.100590e+03 -7.778778e+02
-1.849083e+03 2.395354e+03 -7.893707e+03 -5.970545e+02
-1.540924e+03 2.631781e+03 -8.153055e+03 -7.740466e+02
-1.379967e+03 3.332177e+03 -8.705725e+03 -6.656797e+02
-1.771690e+03 2.518095e+03 -8.354271e+03 -1.688429e+03
-4.808911e+02 4.342608e+03 -8.647309e+03 -1.045670e+03
-2.020516e+03 2.524032e+03 -8.228265e+03 -1.370032e+03
-1.941109e+03 2.946994e+03 -8.113465e+03 -8.380679e+02
-1.201241e+03 3.185858e+03 -8.213024e+03 -1.199691e+03
-3.022299e+02 4.632326e+03 -9.013475e+03 -2.085699e+03
-1.793388e+03 2.601965e+03 -7.893417e+03 -8.695986e+02
-1.354445e+03 3.103263e+03 -8.100978e+03 -7.790352e+02
-1.677234e+03 3.123249e+03 -8.785527e+03 -1.781335e+03
-1.143358e+03 5.066441e+03 -9.267531e+03 -1.211072e+03
-1.098637e+03 3.554501e+03 -8.480015e+03 -8.852008e+02
-1.262384e+03 4.424631e+03 -8.746856e+03 -1.460345e+03
-2.146821e+03 1.663205e+03 -7.868758e+03 -1.494670e+02
-1.992185e+03 2.362315e+03 -7.983738e+03 -1.151597e+03
-1.714467e+03 2.802367e+03 -8.146811e+03 -6.730512e+02
-2.010653e+03 2.378242e+03 -7.971171e+03 -8.684340e+02
-9.994918e+02 3.552824e+03 -8.509798e+03 -9.637052e+02
-2.057186e+03 2.750282e+03 -8.103809e+03 -1.191888e+03
-1.788624e+03 2.630393e+03 -8.218120e+03 -6.833190e+02
-2.073554e+03 2.305274e+03 -7.818125e+03 -7.887682e+02
-1.756180e+03 2.803021e+03 -8.270150e+03 -9.571250e+02
-2.304948e+03 2.471464e+03 -8.470870e+03 -2.099884e+03
-5.082195e+02 4.331986e+03 -8.787651e+03 -2.006381e+03
-1.922505e+03 2.403074e+03 -7.981857e+03 -1.125299e+03
-1.513334e+03 3.011394e+03 -8.053900e+03 -9.516002e+02
-7.461709e+02 3.754678e+03 -8.298702e+03 -8.466142e+02
-2.414648e+03 2.836838e+03 -8.352592e+03 -1.215612e+03
-1.827543e+03 2.461749e+03 -7.772102e+03 -1.065873e+03
-1.499084e+03 2.850834e+03 -8.204288e+03 -6.136658e+02
-1.178704e+03 4.408247e+03 -9.273698e+03 -1.782381e+03
-1.258656e+03 2.763787e+03 -8.030831e+03 -5.562937e+02
-1.971830e+03 3.032297e+03 -8.231015e+03 -1.170331e+03
-1.618098e+03 2.793430e+03 -8.063327e+03 -7.666108e+02
-1.852355e+03 2.390565e+03 -8.145778e+03 -1.046393e+03
-1.116217e+03 3.098295e+03 -8.474291e+03 -1.077417e+03
-1.265684e+03 3.061598e+03 -8.527097e+03 -7.448523e+02
-2.020516e+03 2.524032e+03 -8.228265e+03 -1.370032e+03
-1.258656e+03 2.763787e+03 -8.030831e+03 -5.562937e+02
-1.330301e+03 3.497281e+03 -8.190688e+03 -1.165839e+03
-1.825068e+03 2.840013e+03 -8.454711e+03 -1.286413e+03
-2.294810e+03 2.661412e+03 -8.366003e+03 -1.679031e+03
-2.178448e+03 2.457145e+03 -8.000772e+03 -1.504037e+03
-1.543546e+03 2.574302e+03 -7.945414e+03 -7.720709e+02
-1.574390e+03 2.425631e+03 -7.910721e+03 -4.189225e+02
-1.936381e+03 2.673720e+03 -8.185283e+03 -1.374253e+03
-2.418834e+03 2.541989e+03 -8.184732e+03 -1.277832e+03
-2.137230e+03 2.060328e+03 -8.256694e+03 -3.583603e+02
-1.434832e+03 2.918641e+03 -7.975491e+03 -1.199114e+03
-1.208168e+03 3.340904e+03 -8.157621e+03 -5.450294e+02
-9.938838e+02 3.619318e+03 -8.267150e+03 -1.283080e+03
-2.432186e+03 2.457815e+03 -7.910781e+03 -9.890041e+02
-2.186871e+03 2.382245e+03 -8.235856e+03 -7.639363e+02
-9.100782e+02 4.566242e+03 -9.096013e+03 -1.651420e+03
-2.445973e+03 2.727614e+03 -8.198793e+03 -1.845562e+03
-1.706438e+03 2.707510e+03 -8.060400e+03 -8.245980e+02
-2.494995e+03 2.173000e+03 -8.268786e+03 -1.157992e+03
-1.876988e+03 2.668037e+03 -8.292238e+03 -1.144106e+03
-1.755755e+03 2.933920e+03 -7.922633e+03 -9.722986e+02
-2.563595e+03 2.080422e+03 -8.369038e+03 -1.911464e+03
-2.115029e+03 2.564672e+03 -8.295691e+03 -1.238959e+03
-9.787124e+02 3.832819e+03 -8.404216e+03 -1.407513e+03
-2.443850e+03 2.802205e+03 -8.798886e+03 -1.448891e+03
-2.108217e+03 2.435749e+03 -8.381112e+03 -1.375614e+03
-1.922833e+03 2.237110e+03 -7.955549e+03 -5.783959e+02
-1.289242e+03 5.327641e+03 -9.490562e+03 -1.036712e+03
-2.049755e+03 2.185992e+03 -8.211799e+03 -9.496676e+02
-1.801695e+03 2.573087e+03 -8.012933e+03 -2.074509e+02
-6.669643e+02 4.251464e+03 -8.548040e+03 -1.338991e+03
-2.166523e+03 2.628636e+03 -8.083857e+03 -1.388019e+03
-5.444091e+02 4.326541e+03 -8.347111e+03 -1.647909e+03
-1.463315e+03 2.938510e+03 -7.832050e+03 -1.208468e+03
-1.696625e+03 2.618384e+03 -7.993268e+03 -8.906021e+02
-1.564854e+03 3.015461e+03 -8.394415e+03 -1.969069e+03
-1.587931e+03 3.063738e+03 -8.100533e+03 -8.646184e+02
-2.453527e+03 2.691124e+03 -8.124277e+03 -1.873215e+03
-7.524179e+02 4.079332e+03 -8.681235e+03 -1.711026e+03
-1.420832e+03 2.478137e+03 -7.932506e+03 -9.122713e+02
-2.158309e+03 2.516881e+03 -8.459516e+03 -1.143799e+03
-1.512614e+03 3.396307e+03 -8.355708e+03 -8.616545e+02
-1.249811e+03 3.053201e+03 -8.297463e+03 -1.772400e+03
-2.405866e+03 2.456646e+03 -7.989752e+03 -1.493273e+03
-1.857424e+03 2.160825e+03 -8.317081e+03 -4.434075e+02
-8.624851e+02 5.174856e+03 -9.008971e+03 -1.410156e+03
-2.093242e+03 2.274853e+03 -7.804262e+03 -1.184776e+03
-1.795235e+03 2.596122e+03 -7.999852e+03 -1.033550e+03
-1.403288e+03 3.474105e+03 -8.595474e+03 -8.979626e+02
-1.938926e+03 2.755882e+03 -8.097244e+03 -1.473993e+03
-1.595084e+03 2.823238e+03 -8.032884e+03 -1.035513e+03
-1.024071e+03 5.326910e+03 -9.141954e+03 -1.163850e+03
-1.888870e+03 2.356705e+03 -8.195747e+03 -5.783095e+02
-1.675245e+03 2.608054e+03 -7.911409e+03 -6.983929e+02
-1.512843e+03 2.589787e+03 -7.889991e+03 -1.343006e+03
-2.142866e+03 3.189437e+03 -8.376374e+03 -1.148714e+03
-2.239476e+03 2.112468e+03 -7.613446e+03 -3.881985e+02
-1.669611e+03 2.854862e+03 -8.252841e+03 -1.055355e+03
-1.664088e+03 2.623440e+03 -8.001860e+03 -1.017257e+03
-1.191731e+03 3.756423e+03 -8.174005e+03 -9.941461e+02
-1.317806e+03 3.348403e+03 -8.102604e+03 -1.005445e+03
-1.532997e+03 2.532226e+03 -7.972237e+03 -7.145510e+02
-1.172330e+03 4.177043e+03 -8.681714e+03 -1.292576e+03
2.716150e+01 5.058684e+03 -9.380536e+03 -1.550061e+03
-7.145186e+02 3.542467e+03 -8.416313e+03 -7.653267e+02
-1.787262e+03 3.397422e+03 -8.196873e+03 -1.515783e+03
-2.090239e+03 2.503643e+03 -8.284204e+03 -1.703396e+03
-8.546619e+02 5.727940e+03 -9.380066e+03 -1.139313e+03
-1.439476e+03 2.931246e+03 -7.927618e+03 -5.327505e+02
-1.965059e+03 2.238367e+03 -7.974784e+03 -7.138476e+02
-2.034359e+03 2.442363e+03 -8.000683e+03 -4.969910e+02
-2.047568e+03 2.698710e+03 -8.219511e+03 -9.898904e+02
-1.937573e+03 2.596543e+03 -8.158425e+03 -1.164185e+03
-1.763634e+03 2.270299e+03 -8.063374e+03 -2.013707e+03
-1.796994e+03 2.876872e+03 -8.334914e+03 -7.908461e+02
-1.683455e+03 3.048078e+03 -8.096167e+03 -9.286224e+02
-1.552515e+03 3.560458e+03 -8.469243e+03 -1.522929e+03
-9.739596e+02 3.234944e+03 -8.099312e+03 -7.789618e+02
-2.305241e+03 2.909723e+03 -8.184571e+03 -1.675782e+03
-8.679379e+02 5.543240e+03 -9.268595e+03 -1.105555e+03
-1.010967e+03 4.907126e+03 -9.233007e+03 -1.079725e+03
-1.888509e+03 2.410250e+03 -7.816232e+03 -4.446578e+02
-2.058968e+03 3.039559e+03 -8.146524e+03 -5.600569e+02
-2.341055e+03 2.812410e+03 -8.457686e+03 -1.544856e+03
-9.141368e+02 3.571626e+03 -8.343301e+03 -1.323094e+03
-1.758799e+03 2.563663e+03 -8.094680e+03 -8.394034e+02
-2.356016e+03 2.403034e+03 -7.934858e+03 -1.616462e+03
1.736986e+03 7.347912e+03 -1.084156e+04 -2.117678e+03
-1.332123e+03 3.521363e+03 -8.628207e+03 -6.199530e+02
-1.121169e+03 3.313732e+03 -8.248962e+03 -1.046944e+03
-5.656586e+02 4.213524e+03 -8.635852e+03 -1.248110e+03
-1.694547e+03 2.212614e+03 -7.863260e+03 -4.236402e+02
-1.799043e+03 2.794404e+03 -8.151021e+03 -1.752910e+03
-2.052847e+03 3.187396e+03 -8.014322e+03 -1.442908e+03
-1.310777e+03 3.036430e+03 -8.150111e+03 -7.989300e+02
-2.554595e+03 2.147884e+03 -8.369076e+03 -1.846008e+03
-1.547645e+03 2.564726e+03 -7.849358e+03 -6.494331e+02
-2.318802e+03 2.738997e+03 -8.574961e+03 -1.857812e+03
-2.019265e+03 2.448046e+03 -8.153058e+03 -1.781879e+03
-1.768124e+03 2.617860e+03 -8.120325e+03 -8.348678e+02
-1.657463e+03 3.071244e+03 -8.044326e+03 -8.095455e+02
-1.436442e+03 2.915496e+03 -8.200269e+03 -1.197355e+03
-1.542688e+03 2.532908e+03 -7.911615e+03 -2.192543e+02
-1.803519e+03 2.416669e+03 -7.883368e+03 -5.951050e+02
-1.851997e+03 3.015474e+03 -8.204358e+03 -8.425627e+02
-1.201186e+03 3.099140e+03 -7.952184e+03 -5.844045e+02
-1.992128e+03 2.490217e+03 -8.320921e+03 -7.884706e+02
-1.532061e+03 2.608936e+03 -7.974461e+03 -4.764114e+02
-1.928506e+03 2.443378e+03 -8.631651e+03 -6.598363e+02
-1.721119e+03 3.089283e+03 -7.936394e+03 -1.074001e+03
-9.595405e+02 3.433582e+03 -8.270985e+03 -1.438285e+03
-1.914602e+03 2.220777e+03 -8.112651e+03 -7.065358e+02
-5.812483e+02 5.450841e+03 -9.163826e+03 -1.062165e+03
-2.565348e+03 2.153568e+03 -7.944918e+03 -9.279753e+02
-1.580649e+03 2.728754e+03 -8.224055e+03 -9.662376e+02
-2.060487e+03 2.645512e+03 -8.118291e+03 -8.193884e+02
-2.103654e+03 2.444991e+03 -7.995182e+03 -1.206318e+03
-1.861806e+03 2.888137e+03 -7.937402e+03 -1.091687e+03
-1.788367e+03 2.347395e+03 -8.480457e+03 -4.234428e+02
-1.041165e+03 4.716008e+03 -8.820449e+03 -1.290181e+03
-2.370638e+03 2.354156e+03 -8.199309e+03 -1.275102e+03
-1.805094e+02 4.821067e+03 -8.971962e+03 -9.347137e+02
-2.136331e+03 2.449776e+03 -8.026737e+03 -1.121804e+03
-1.662368e+03 2.977682e+03 -8.201416e+03 -1.144387e+03
-2.032199e+03 2.075459e+03 -7.843988e+03 -4.047735e+02
-6.862355e+02 4.375551e+03 -8.629916e+03 -1.669129e+03
-1.914634e+03 2.874580e+03 -8.350737e+03 -1.439373e+03
-1.658906e+03 2.723195e+03 -7.963676e+03 -9.566836e+02
-1.565427e+03 2.903809e+03 -8.243616e+03 -1.413935e+03
-1.478658e+03 2.982620e+03 -8.243453e+03 -1.527860e+03
-7.663234e+02 5.251515e+03 -9.740850e+03 -1.795052e+03
-1.411528e+03 3.028180e+03 -8.223749e+03 -1.406015e+03
-3.278584e+02 5.232811e+03 -9.763431e+03 -2.456081e+03
-2.448858e+03 1.986658e+03 -8.245461e+03 -1.429337e+03
-1.896892e+03 2.154362e+03 -8.426771e+03 -1.586040e+03
-1.830945e+03 3.375552e+03 -8.562466e+03 -6.690903e+02
-1.722410e+03 3.032096e+03 -8.475292e+03 -1.699967e+03
-1.824862e+03 3.514545e+03 -8.742707e+03 -1.083683e+03
-1.416894e+03 3.275082e+03 -8.561832e+03 -1.832570e+03
-2.048055e+03 3.375392e+03 -8.828569e+03 -2.036518e+03
-1.449202e+03 3.017024e+03 -8.805355e+03 -1.859995e+03
-1.923538e+03 2.610109e+03 -8.432951e+03 -1.672287e+03
-1.872230e+03 3.327247e+03 -8.965493e+03 -1.618201e+03
-1.819811e+03 3.557099e+03 -8.895819e+03 -1.237044e+03
-1.166713e+03 4.025018e+03 -8.979716e+03 -1.380360e+03
-1.911808e+03 3.482769e+03 -8.267772e+03 -1.564634e+03
-1.189872e+03 4.112502e+03 -9.096957e+03 -1.505788e+03
-2.066471e+03 2.698717e+03 -8.228483e+03 -9.436732e+02
-1.873685e+03 3.248118e+03 -9.165427e+03 -8.716807e+02
-1.476592e+03 3.536366e+03 -8.858201e+03 -2.187946e+03
-1.556434e+03 2.709404e+03 -8.552695e+03 -8.435316e+02
-1.763181e+03 3.275254e+03 -8.489017e+03 -1.184264e+03
-1.803534e+03 3.239414e+03 -8.902641e+03 -9.401236e+02
-9.898453e+02 4.434703e+03 -9.504285e+03 -1.615783e+03
-1.474720e+03 3.848400e+03 -8.897674e+03 -1.359671e+03
-2.072169e+03 2.646542e+03 -8.203050e+03 -1.439673e+03
-2.025733e+03 2.804342e+03 -8.731403e+03 -1.979518e+03
-1.462266e+03 3.243875e+03 -8.578111e+03 -7.520168e+02
-8.609088e+02 4.423845e+03 -9.414755e+03 -1.607418e+03
-2.289908e+03 2.771768e+03 -8.392269e+03 -1.902052e+03
-5.530533e+02 5.668769e+03 -9.922139e+03 -1.897825e+03
-1.847811e+03 3.414211e+03 -8.709809e+03 -1.133136e+03
-1.716414e+03 3.023539e+03 -8.360240e+03 -1.385144e+03
-1.917520e+03 3.506797e+03 -8.747440e+03 -1.163227e+03
-1.215523e+03 3.759034e+03 -8.937395e+03 -2.149006e+03
-2.041083e+03 1.825337e+03 -8.453921e+03 -2.090729e+03
-1.586942e+03 4.875044e+03 -9.762653e+03 -1.801020e+03
-1.221033e+03 4.584150e+03 -9.074034e+03 -1.452951e+03
-1.308124e+03 3.154243e+03 -8.774070e+03 -1.963167e+03
-1.222450e+03 3.068213e+03 -8.325326e+03 -1.325672e+03
-1.972692e+03 3.139908e+03 -8.392451e+03 -1.262362e+03
-1.876192e+03 2.773515e+03 -8.405200e+03 -2.167238e+03
-2.176015e+03 3.474734e+03 -9.008367e+03 -1.550178e+03
-1.735159e+03 2.910740e+03 -8.076264e+03 -1.072118e+03
-1.699636e+03 4.461973e+03 -1.005955e+04 -2.337919e+03
-1.776703e+03 2.895732e+03 -8.596023e+03 -1.795406e+03
-1.253272e+03 3.738329e+03 -9.009667e+03 -1.386176e+03
-6.550570e+02 5.153167e+03 -9.752412e+03 -1.535194e+03
-1.896403e+03 2.669002e+03 -7.910958e+03 -1.483839e+03
-1.297438e+03 4.141443e+03 -8.973627e+03 -1.706984e+03
-1.298919e+03 5.069820e+03 -9.788961e+03 -1.512204e+03
-1.927544e+03 2.623479e+03 -8.227074e+03 -1.823060e+03
-1.734069e+03 2.970234e+03 -8.395806e+03 -1.811243e+03
-2.253053e+03 2.264122e+03 -8.462041e+03 -1.990176e+03
1.797154e+03 8.165142e+03 -1.163181e+04 -3.140770e+03
-2.461896e+03 1.935916e+03 -7.816157e+03 -1.225937e+03
-1.737745e+03 3.505259e+03 -8.754226e+03 -1.839724e+03
-1.711573e+03 2.812835e+03 -8.627698e+03 -1.599801e+03
-2.106835e+03 3.544398e+03 -8.586990e+03 -9.341971e+02
-2.125167e+03 2.028347e+03 -7.961081e+03 -1.656342e+03
-1.260634e+03 3.892873e+03 -8.790985e+03 -1.682671e+03
-1.749241e+03 2.541725e+03 -7.924954e+03 -1.807907e+03
-1.406189e+03 4.562335e+03 -9.559412e+03 -1.411998e+03
-1.298592e+03 3.143856e+03 -8.364388e+03 -1.194362e+03
-2.011941e+03 2.168304e+03 -7.893542e+03 -9.228334e+02
-1.640327e+03 3.314542e+03 -8.508314e+03 -1.648427e+03
-1.809797e+03 3.677708e+03 -8.892598e+03 -1.272467e+03
-1.513343e+03 3.251935e+03 -8.702509e+03 -1.542941e+03
-1.285245e+03 5.864670e+03 -1.051868e+04 -2.057176e+03
-1.638830e+03 3.700040e+03 -8.895387e+03 -1.142680e+03
-1.539592e+03 4.982181e+03 -9.911129e+03 -1.952941e+03
-2.140545e+03 2.583886e+03 -8.359245e+03 -2.070279e+03
-2.028312e+03 4.031833e+03 -9.209169e+03 -1.106694e+03
-1.704859e+03 2.677852e+03 -8.644686e+03 -1.127433e+03
-7.144442e+02 4.915957e+03 -9.582956e+03 -1.711574e+03
-1.989572e+03 3.603259e+03 -9.056755e+03 -6.752651e+02
-2.211725e+03 2.627080e+03 -8.225507e+03 -1.985852e+03
-1.852317e+03 4.213710e+03 -8.762362e+03 -9.632939e+02
-1.330357e+03 3.692169e+03 -8.891466e+03 -2.258307e+03
-1.670371e+03 3.295071e+03 -8.599616e+03 -1.334714e+03
-1.736270e+03 2.622406e+03 -8.095971e+03 -1.192497e+03
-2.209060e+03 3.092992e+03 -8.605506e+03 -9.490891e+02
-2.677149e+03 1.539130e+03 -8.126957e+03 -1.555225e+03
-1.289704e+03 5.338198e+03 -1.008808e+04 -1.644258e+03
-1.550298e+03 4.781305e+03 -9.366236e+03 -1.533515e+03
-1.670354e+03 3.775884e+03 -8.561931e+03 -1.502086e+03
-2.140884e+03 2.415538e+03 -8.268873e+03 -1.630282e+03
-1.584034e+03 2.992457e+03 -8.776615e+03 -1.257914e+03
-2.068877e+03 3.498595e+03 -8.718295e+03 -1.476659e+03
-1.862515e+03 3.356610e+03 -8.770478e+03 -1.416794e+03
-1.987758e+03 2.934404e+03 -8.651799e+03 -2.028026e+03
-1.328778e+03 3.799546e+03 -8.761517e+03 -1.646280e+03
-1.806141e+03 3.153539e+03 -8.136744e+03 -1.916192e+03
-1.684245e+03 3.163346e+03 -8.902409e+03 -1.683717e+03
-1.073591e+03 4.306834e+03 -9.291382e+03 -1.549021e+03
-1.867893e+03 2.962834e+03 -8.550600e+03 -2.312540e+03
-2.023686e+03 2.942925e+03 -8.403662e+03 -1.583491e+03
-1.158903e+03 3.570397e+03 -8.559205e+03 -1.542248e+03
-1.271573e+03 3.672232e+03 -8.800503e+03 -2.133756e+03
-1.777474e+03 2.983488e+03 -8.416091e+03 -1.528764e+03
-1.904357e+03 3.228838e+03 -8.706114e+03 -1.075922e+03
-1.873450e+03 2.715445e+03 -8.229044e+03 -1.977235e+03
-1.702945e+03 2.994172e+03 -8.230188e+03 -1.681031e+03
-1.756757e+03 4.141737e+03 -9.169548e+03 -1.236747e+03
-2.020294e+03 3.496783e+03 -8.664975e+03 -1.198720e+03
2.289006e+03 9.098066e+03 -1.258993e+04 -2.995369e+03
-2.058824e+03 2.892779e+03 -7.899114e+03 -1.229312e+03
-1.635956e+03 3.615139e+03 -8.605362e+03 -7.381523e+02
-2.397180e+03 2.490614e+03 -7.993314e+03 -1.370984e+03
-1.964321e+03 3.157427e+03 -8.601396e+03 -1.703526e+03
-1.757686e+03 2.777239e+03 -8.567610e+03 -8.720213e+02
-1.731478e+03 3.422880e+03 -8.773406e+03 -1.338327e+03
-1.260446e+03 3.671856e+03 -8.778162e+03 -1.057843e+03
-1.799664e+03 2.638176e+03 -8.268317e+03 -1.265330e+03
-1.662012e+03 3.517136e+03 -8.605896e+03 -1.880583e+03
-1.625146e+03 2.836363e+03 -8.540044e+03 -1.181362e+03
-1.502518e+03 4.444663e+03 -9.684037e+03 -1.371403e+03
-1.455977e+03 3.628324e+03 -8.615349e+03 -1.158652e+03
-1.733774e+03 3.510981e+03 -8.661969e+03 -1.454634e+03
-1.646321e+03 4.643139e+03 -9.364355e+03 -1.321280e+03
-1.654318e+03 2.973186e+03 -9.373086e+03 -2.143461e+03
-1.640128e+03 3.613685e+03 -8.628285e+03 -1.605439e+03
-2.051755e+03 3.911037e+03 -8.853687e+03 -1.041178e+03
-1.043202e+03 3.850131e+03 -8.940701e+03 -1.486343e+03
-1.258569e+03 3.427133e+03 -8.532282e+03 -1.610633e+03
-1.375257e+03 4.139608e+03 -8.860313e+03 -1.575484e+03
-1.317595e+03 4.933994e+03 -9.723166e+03 -1.809301e+03
-1.413449e+03 3.548839e+03 -9.299888e+03 -1.164940e+03
-1.694015e+03 3.605265e+03 -8.496642e+03 -1.297939e+03
-1.627640e+03 3.426950e+03 -8.753093e+03 -1.976846e+03
-1.744443e+03 3.283334e+03 -8.510256e+03 -1.406889e+03
-1.831702e+03 2.663525e+03 -8.084759e+03 -1.977311e+03
-1.423550e+03 3.553964e+03 -8.675093e+03 -1.111193e+03
-2.172868e+03 2.204953e+03 -7.773573e+03 -1.565263e+03
-1.335692e+03 5.034264e+03 -9.948981e+03 -1.831365e+03
-1.400729e+03 3.428684e+03 -8.961495e+03 -1.415853e+03
-1.446323e+03 3.935026e+03 -8.720342e+03 -1.200144e+03
-1.897353e+03 3.051503e+03 -8.885035e+03 -2.078955e+03
-1.932371e+03 3.382068e+03 -8.845070e+03 -9.344526e+02
-2.067814e+03 2.889918e+03 -8.286074e+03 -7.526524e+02
-1.213022e+03 4.045243e+03 -8.818032e+03 -1.841512e+03
-1.673440e+03 3.186763e+03 -8.592358e+03 -1.270067e+03
-1.763570e+03 2.718576e+03 -8.258375e+03 -1.879441e+03
1.111739e+03 7.056144e+03 -1.118060e+04 -2.465190e+03
-1.929337e+03 3.542065e+03 -8.909204e+03 -1.171040e+03
-2.046417e+03 3.581950e+03 -8.811029e+03 -8.128842e+02
-1.905257e+03 2.890219e+03 -8.432990e+03 -1.882368e+03
-1.965878e+03 3.511570e+03 -8.425368e+03 -1.332820e+03
-2.323607e+03 2.345680e+03 -7.912041e+03 -1.492000e+03
9.676506e+02 6.690211e+03 -1.095374e+04 -2.468823e+03
1.247480e+03 7.137913e+03 -1.093466e+04 -3.204989e+03
-2.039127e+03 3.007505e+03 -8.697766e+03 -8.105098e+02
-1.729916e+03 3.464182e+03 -8.809026e+03 -1.161240e+03
-1.976255e+03 2.960495e+03 -8.276371e+03 -1.859851e+03
-1.910959e+03 2.334620e+03 -8.079194e+03 -1.495721e+03
-1.722585e+03 3.636555e+03 -8.542329e+03 -1.451804e+03
-2.011383e+03 2.889005e+03 -8.169309e+03 -1.768372e+03
-1.807414e+03 3.810888e+03 -9.115431e+03 -2.044496e+03
-1.908273e+03 2.774786e+03 -8.078761e+03 -1.595018e+03
-1.805331e+03 3.064691e+03 -8.332747e+03 -1.201786e+03
-1.795317e+03 3.482638e+03 -8.846983e+03 -1.830026e+03
-2.060478e+03 3.112125e+03 -7.905028e+03 -1.412187e+03
-1.923617e+03 3.063899e+03 -8.232272e+03 -1.742061e+03
-1.776962e+03 2.752251e+03 -8.278869e+03 -1.447488e+03
-2.398429e+03 1.859808e+03 -8.024195e+03 -1.631538e+03
-1.170183e+03 4.030922e+03 -9.077052e+03 -1.773986e+03
-2.057134e+03 3.442043e+03 -8.666990e+03 -1.273840e+03
-1.622351e+03 3.415072e+03 -8.436822e+03 -1.620040e+03
-1.365306e+03 2.896471e+03 -8.479896e+03 -1.238528e+03
-2.026020e+03 2.783089e+03 -7.937889e+03 -1.146386e+03
-1.909723e+03 3.510629e+03 -8.954149e+03 -1.132870e+03
-1.942887e+03 2.233861e+03 -8.260859e+03 -1.799428e+03
-2.018060e+03 2.740080e+03 -8.311532e+03 -1.747579e+03
-2.068290e+03 3.213258e+03 -8.560772e+03 -1.912679e+03
-1.146422e+03 4.171993e+03 -9.140912e+03 -1.555757e+03
-2.151267e+03 2.489772e+03 -8.199932e+03 -1.555746e+03
-1.857225e+03 3.339052e+03 -8.548203e+03 -1.093903e+03
-2.372807e+03 2.043560e+03 -8.130097e+03 -2.054893e+03
-1.784599e+03 2.693443e+03 -8.902785e+03 -1.587534e+03
-1.550108e+03 3.870524e+03 -9.355405e+03 -2.025925e+03
-1.516054e+03 4.553113e+03 -9.284712e+03 -1.445820e+03
-1.933107e+03 3.246339e+03 -8.598413e+03 -1.580327e+03
-1.472602e+03 3.560665e+03 -8.909068e+03 -1.231356e+03
-1.694792e+03 3.097228e+03 -8.612782e+03 -1.746732e+03
-1.921995e+03 3.523539e+03 -8.517743e+03 -1.638484e+03
-1.357179e+03 3.931419e+03 -8.827496e+03 -1.814856e+03
-1.344166e+03 3.547223e+03 -8.814239e+03 -1.130262e+03
-1.976882e+03 3.059577e+03 -8.376589e+03 -1.916658e+03
-1.448930e+03 3.560185e+03 -8.584918e+03 -1.447120e+03
-2.401913e+03 1.478243e+03 -8.186998e+03 -1.585887e+03
-1.018963e+03 4.028937e+03 -8.768382e+03 -2.374487e+03
-1.262029e+03 4.807092e+03 -9.777624e+03 -1.452764e+03
-1.675847e+03 3.579804e+03 -9.044906e+03 -1.146245e+03
-9.925902e+02 4.450479e+03 -9.335100e+03 -1.650066e+03
-1.073896e+03 4.333108e+03 -9.343299e+03 -1.882492e+03
-1.663266e+03 3.233679e+03 -8.724388e+03 -1.260180e+03
-1.353818e+03 3.751498e+03 -8.850960e+03 -1.368944e+03
-1.987758e+03 2.934404e+03 -8.651799e+03 -2.028026e+03
