2.414765e+03 -2.560233e+03 -3.576858e+03 -5.263860e+02 -1.121744e+03 1.488040e+03 4.408984e+03 4.116321e+02
2.108105e+03 -2.363852e+03 -3.579284e+03 -7.665857e+02 -9.721768e+02 1.474094e+03 4.173433e+03 3.902834e+02
2.124924e+03 -2.300542e+03 -3.284160e+03 -7.544698e+02 -5.831207e+02 1.198726e+03 4.115062e+03 4.293314e+02
2.432857e+03 -2.426259e+03 -3.646089e+03 -5.494185e+02 -5.782730e+02 1.363292e+03 4.528947e+03 6.427862e+02
2.022512e+03 -2.421372e+03 -3.665587e+03 -7.823923e+02 -9.542450e+02 1.484963e+03 4.237438e+03 4.979510e+02
2.049691e+03 -2.564205e+03 -4.322628e+03 -5.635280e+02 -1.180567e+03 1.642815e+03 4.802164e+03 1.022084e+03
2.748074e+03 -2.461208e+03 -3.833877e+03 -6.356740e+02 -1.414528e+03 1.431594e+03 4.935820e+03 5.275710e+02
1.936360e+03 -2.297155e+03 -3.652545e+03 -7.967879e+02 -1.076334e+03 1.460507e+03 3.997762e+03 3.822986e+02
2.676386e+03 -2.659618e+03 -3.906100e+03 -7.158962e+02 -1.714018e+03 1.635169e+03 4.812218e+03 5.129376e+02
2.643460e+03 -2.394277e+03 -3.586460e+03 -6.162798e+02 -1.063203e+03 1.383998e+03 4.697929e+03 6.225345e+02
3.707104e+03 -2.511319e+03 -3.966204e+03 -8.096758e+01 -1.638996e+03 1.104635e+03 6.506123e+03 7.575523e+02
3.813147e+03 -2.399148e+03 -4.176000e+03 -4.270718e+02 -1.467127e+03 1.414496e+03 6.947199e+03 7.706485e+02
5.104853e+03 -2.289799e+03 -4.798076e+03 4.652425e+02 -1.397384e+03 1.578560e+03 8.214419e+03 1.135410e+03
5.353496e+03 -2.330326e+03 -4.977231e+03 3.885645e+02 -1.378168e+03 1.584983e+03 8.719382e+03 1.306029e+03
3.119498e+03 -2.412723e+03 -4.149801e+03 -5.507693e+01 -1.732287e+03 1.148588e+03 6.187334e+03 5.951656e+02
3.598590e+03 -2.207369e+03 -3.912901e+03 -9.504540e+01 -1.641490e+03 1.163645e+03 6.140758e+03 3.941862e+02
3.348489e+03 -2.541829e+03 -4.397567e+03 -5.352586e+01 -1.899106e+03 1.336987e+03 6.381806e+03 6.152601e+02
2.851282e+03 -2.495669e+03 -4.262772e+03 -2.608704e+02 -1.845453e+03 1.348054e+03 5.827089e+03 7.838819e+02
3.531217e+03 -2.350639e+03 -4.102548e+03 -2.217942e+02 -1.575422e+03 1.287395e+03 6.285534e+03 5.017228e+02
3.207198e+03 -2.292327e+03 -4.157816e+03 -6.841624e-01 -2.182452e+03 1.207748e+03 5.956685e+03 5.239414e+02
3.697821e+03 -2.437368e+03 -3.925333e+03 -1.496201e+02 -1.586487e+03 1.389602e+03 6.687310e+03 9.030203e+02
4.585449e+03 -2.244052e+03 -4.606553e+03 7.649786e+00 -1.401659e+03 1.398560e+03 7.654775e+03 1.144928e+03
2.971585e+03 -2.540005e+03 -4.537890e+03 -1.389439e+02 -1.767192e+03 1.262973e+03 6.027823e+03 6.359163e+02
5.460531e+03 -2.165873e+03 -4.728129e+03 4.467868e+02 -1.243546e+03 1.462570e+03 8.864306e+03 1.159887e+03
3.045053e+03 -2.422424e+03 -4.232122e+03 -2.835437e+02 -1.600572e+03 1.571673e+03 6.084377e+03 8.557288e+02
5.681859e+03 -2.184108e+03 -4.445312e+03 6.490088e+02 -1.344052e+03 1.709505e+03 8.976940e+03 1.044825e+03
5.220484e+03 -2.280989e+03 -4.752662e+03 3.125357e+02 -1.498419e+03 1.491567e+03 8.729213e+03 1.107328e+03
3.379871e+03 -2.483263e+03 -4.344815e+03 2.720285e+01 -1.897763e+03 1.315289e+03 6.322810e+03 7.058447e+02
3.164414e+03 -2.578191e+03 -4.380619e+03 9.393905e-01 -2.042212e+03 1.201739e+03 5.848390e+03 6.774128e+02
4.341838e+03 -2.364413e+03 -4.492702e+03 1.352178e+02 -1.622403e+03 1.684451e+03 7.444681e+03 1.168952e+03
3.576938e+03 -2.449451e+03 -4.760251e+03 -8.453476e+01 -1.558757e+03 1.710192e+03 6.767995e+03 1.048598e+03
3.427880e+03 -2.328534e+03 -4.231562e+03 -3.816482e+02 -1.731957e+03 1.551737e+03 6.559919e+03 7.492177e+02
3.148030e+03 -2.132855e+03 -4.063643e+03 -3.295945e+02 -2.014228e+03 1.016871e+03 5.961919e+03 9.476417e+02
5.048955e+03 -2.327300e+03 -4.509580e+03 1.738405e+02 -1.725633e+03 1.342177e+03 8.127461e+03 7.471520e+02
3.161733e+03 -2.474541e+03 -4.504866e+03 -1.656148e+02 -1.812095e+03 1.388301e+03 6.084861e+03 6.938466e+02
3.366751e+03 -2.593786e+03 -4.680784e+03 -4.620316e+01 -1.850816e+03 1.414764e+03 6.305677e+03 8.232901e+02
3.166728e+03 -2.454648e+03 -4.412185e+03 -2.624663e+02 -1.675984e+03 1.599900e+03 6.075957e+03 8.540290e+02
3.340001e+03 -2.387708e+03 -4.381823e+03 -1.784648e+02 -1.804151e+03 1.486809e+03 6.403549e+03 7.691067e+02
3.706229e+03 -2.300892e+03 -4.252704e+03 -2.097172e+02 -1.566701e+03 1.528230e+03 6.687394e+03 8.983605e+02
2.717117e+03 -2.196177e+03 -3.779308e+03 -4.152652e+02 -1.550064e+03 1.530068e+03 5.188535e+03 5.958044e+02
3.439822e+03 -2.454120e+03 -4.392121e+03 -1.884895e+02 -1.845578e+03 1.574500e+03 6.568814e+03 8.620311e+02
3.105949e+03 -2.461246e+03 -4.101462e+03 -2.304449e+02 -1.579447e+03 1.138849e+03 5.965800e+03 5.138032e+02
3.180767e+03 -2.546506e+03 -4.277316e+03 -2.367698e+02 -1.586313e+03 1.541702e+03 5.993744e+03 1.134517e+03
3.029869e+03 -2.477737e+03 -4.391037e+03 -2.277048e+02 -1.829482e+03 1.630284e+03 6.132749e+03 8.793113e+02
3.876831e+03 -2.601873e+03 -4.550540e+03 -3.661847e+02 -1.400123e+03 1.579313e+03 7.018311e+03 1.193083e+03
3.346344e+03 -2.623239e+03 -4.278437e+03 -2.868980e+01 -1.852266e+03 1.179288e+03 6.052938e+03 6.664982e+02
4.606318e+03 -2.366345e+03 -4.415599e+03 8.023832e+01 -1.405154e+03 1.507641e+03 7.766320e+03 9.352530e+02
3.326829e+03 -2.695723e+03 -4.549170e+03 -1.880565e+02 -1.783317e+03 1.478771e+03 6.264132e+03 1.076500e+03
3.315114e+03 -2.567126e+03 -4.496536e+03 -1.886779e+02 -1.746810e+03 1.463265e+03 6.183967e+03 9.255682e+02
3.754061e+03 -2.516051e+03 -4.136240e+03 -2.802337e+02 -1.741234e+03 1.296181e+03 6.573712e+03 7.533243e+02
5.091476e+03 -2.385111e+03 -4.549083e+03 3.494039e+02 -1.822792e+03 1.103775e+03 8.131044e+03 7.013947e+02
3.021190e+03 -2.490244e+03 -4.305482e+03 -1.064396e+02 -1.931244e+03 1.635881e+03 5.912788e+03 9.582308e+02
3.525844e+03 -2.612570e+03 -4.922170e+03 -2.732263e+02 -1.322289e+03 1.743563e+03 6.774116e+03 1.080833e+03
3.817952e+03 -2.529336e+03 -4.465469e+03 9.286984e+01 -2.048003e+03 1.131207e+03 6.631857e+03 4.860446e+02
4.974767e+03 -2.150975e+03 -4.604356e+03 2.477955e+02 -1.436338e+03 1.387043e+03 8.324292e+03 1.006655e+03
3.751036e+03 -2.540779e+03 -4.614674e+03 -1.549214e+02 -1.787760e+03 1.618674e+03 7.034307e+03 1.084626e+03
4.660172e+03 -2.352335e+03 -4.695704e+03 3.461231e+02 -1.700361e+03 1.313591e+03 7.720471e+03 9.015442e+02
2.466847e+03 -2.279966e+03 -3.897788e+03 -4.291949e+02 -1.409662e+03 1.550467e+03 5.146652e+03 7.105641e+02
3.298427e+03 -2.461018e+03 -4.328874e+03 -7.750093e+01 -1.803780e+03 1.439334e+03 6.155327e+03 8.063634e+02
3.096917e+03 -2.556168e+03 -4.512525e+03 -1.611397e+02 -1.728015e+03 1.609341e+03 6.137891e+03 1.086674e+03
2.686986e+03 -2.681106e+03 -4.392055e+03 -4.400287e+02 -1.670805e+03 1.536686e+03 5.478832e+03 9.296184e+02
4.186754e+03 -2.617593e+03 -4.398726e+03 -1.631846e+02 -1.320820e+03 1.189471e+03 6.933960e+03 1.009113e+03
3.296673e+03 -2.379458e+03 -3.972545e+03 -1.139358e+02 -1.848768e+03 1.246757e+03 6.255672e+03 6.331263e+02
3.036982e+03 -2.527890e+03 -4.400904e+03 -5.250936e+01 -1.821385e+03 1.722281e+03 6.152041e+03 1.012484e+03
2.815141e+03 -2.279252e+03 -4.180866e+03 -2.797843e+02 -1.787311e+03 1.488988e+03 5.747758e+03 5.377160e+02
3.137417e+03 -2.434936e+03 -4.308624e+03 -2.669740e+02 -1.726370e+03 1.445783e+03 6.246400e+03 8.346208e+02
3.230669e+03 -2.591580e+03 -4.346989e+03 1.846032e+02 -2.070631e+03 1.160147e+03 6.328441e+03 5.757173e+02
4.706571e+03 -2.407907e+03 -4.441814e+03 1.734392e+02 -1.746740e+03 1.129168e+03 7.645998e+03 7.292509e+02
2.913536e+03 -2.502916e+03 -4.423555e+03 -2.391825e+02 -1.869344e+03 1.392477e+03 5.883657e+03 6.911795e+02
3.429805e+03 -2.464430e+03 -4.345718e+03 -1.195671e+02 -1.733686e+03 1.691001e+03 6.606939e+03 1.092556e+03
4.080516e+03 -2.303807e+03 -4.309482e+03 -1.240495e+01 -1.779942e+03 1.612293e+03 7.196679e+03 8.620226e+02
3.697379e+03 -2.402593e+03 -4.461625e+03 8.811729e+01 -2.006512e+03 1.411586e+03 6.507338e+03 8.426634e+02
2.847916e+03 -2.388800e+03 -4.294341e+03 -2.097011e+02 -1.840694e+03 1.473914e+03 5.840968e+03 7.721833e+02
3.020389e+03 -2.472208e+03 -4.530114e+03 -1.823657e+02 -1.735440e+03 1.750617e+03 6.178300e+03 1.000983e+03
4.560871e+03 -2.527256e+03 -5.143912e+03 2.926512e+02 -2.123901e+03 1.617068e+03 7.924280e+03 1.197933e+03
3.148102e+03 -2.400276e+03 -4.162110e+03 -2.107701e+02 -1.838992e+03 1.683202e+03 6.235579e+03 7.925538e+02
3.500351e+03 -2.397335e+03 -4.543603e+03 -7.872166e+01 -1.905585e+03 1.581960e+03 6.358526e+03 1.027365e+03
3.241964e+03 -2.433528e+03 -4.300968e+03 -3.277634e+01 -1.865909e+03 1.623400e+03 6.270055e+03 8.900740e+02
3.148226e+03 -2.434525e+03 -4.057282e+03 -2.686810e+02 -1.503128e+03 1.154050e+03 5.913174e+03 8.911709e+02
3.731438e+03 -2.427662e+03 -4.528280e+03 -1.142717e+02 -1.919065e+03 1.559579e+03 6.969897e+03 8.500372e+02
3.518612e+03 -2.511090e+03 -4.561729e+03 -1.438759e+02 -1.846469e+03 1.746399e+03 6.790686e+03 1.115166e+03
3.326829e+03 -2.695723e+03 -4.549170e+03 -1.880565e+02 -1.783317e+03 1.478771e+03 6.264132e+03 1.076500e+03
3.148102e+03 -2.400276e+03 -4.162110e+03 -2.107701e+02 -1.838992e+03 1.683202e+03 6.235579e+03 7.925538e+02
3.896518e+03 -2.221105e+03 -4.264491e+03 -3.368786e-01 -1.777848e+03 1.473066e+03 6.969940e+03 7.139536e+02
3.189840e+03 -2.692430e+03 -4.634954e+03 -8.314071e+01 -1.836757e+03 1.498630e+03 6.322125e+03 1.065601e+03
3.437262e+03 -2.479598e+03 -4.409148e+03 4.298146e+01 -1.927610e+03 1.262690e+03 6.482188e+03 6.853357e+02
3.008363e+03 -2.467171e+03 -4.354193e+03 -8.606532e+01 -1.889244e+03 1.427852e+03 6.101625e+03 7.796429e+02
2.880145e+03 -2.388756e+03 -4.201625e+03 -3.209126e+02 -1.799356e+03 1.599634e+03 6.053925e+03 7.662843e+02
3.191768e+03 -2.288338e+03 -3.983601e+03 -2.527044e+02 -1.457620e+03 1.471469e+03 5.990921e+03 7.718606e+02
3.451027e+03 -2.484175e+03 -4.323488e+03 -3.178884e+01 -1.872362e+03 1.316833e+03 6.368843e+03 7.383838e+02
3.345858e+03 -2.622864e+03 -4.439862e+03 -6.443367e+01 -1.479807e+03 1.417665e+03 6.271615e+03 1.092954e+03
2.388480e+03 -2.482195e+03 -4.135573e+03 -3.728737e+02 -1.679728e+03 1.946586e+03 5.441339e+03 8.929773e+02
3.343822e+03 -2.342207e+03 -4.165752e+03 -1.923191e+02 -1.689740e+03 1.402088e+03 6.411746e+03 6.746435e+02
3.560798e+03 -2.228286e+03 -4.140380e+03 -3.334932e+02 -1.812467e+03 1.754861e+03 6.684556e+03 6.884887e+02
3.944218e+03 -2.430412e+03 -4.201618e+03 -5.819888e+01 -1.622570e+03 1.252222e+03 6.705002e+03 7.575835e+02
3.044256e+03 -2.274794e+03 -4.175927e+03 2.196467e+01 -1.785892e+03 1.358434e+03 5.903463e+03 6.250971e+02
3.222797e+03 -2.376829e+03 -4.143662e+03 -2.592897e+02 -1.487928e+03 1.327230e+03 6.103546e+03 6.224093e+02
5.289697e+03 -1.981101e+03 -4.909029e+03 6.035699e+02 -1.033108e+03 1.290486e+03 8.626221e+03 9.646989e+02
3.118124e+03 -2.357712e+03 -4.292135e+03 6.138783e+01 -2.147162e+03 1.282879e+03 6.188272e+03 5.477435e+02
3.070527e+03 -2.610292e+03 -4.452519e+03 -2.271184e+02 -1.650507e+03 1.684219e+03 6.123606e+03 1.050704e+03
3.145557e+03 -2.480321e+03 -4.166001e+03 -2.849235e+02 -1.588969e+03 9.707291e+02 5.722246e+03 6.791599e+02
3.469243e+03 -2.534542e+03 -4.414034e+03 -6.623434e+01 -1.919296e+03 1.385522e+03 6.313297e+03 5.679593e+02
3.437234e+03 -2.347658e+03 -4.348858e+03 -2.426288e+01 -1.931618e+03 1.470576e+03 6.187189e+03 7.365689e+02
3.059691e+03 -2.650359e+03 -4.257000e+03 9.964336e+01 -2.040801e+03 1.166759e+03 6.050557e+03 6.685754e+02
3.344103e+03 -2.585758e+03 -4.414928e+03 -1.123934e+02 -1.953471e+03 1.371642e+03 6.224013e+03 6.753755e+02
3.971821e+03 -2.205259e+03 -4.101147e+03 -2.181301e+01 -1.620745e+03 1.251985e+03 6.846522e+03 1.042962e+03
4.005706e+03 -2.700638e+03 -4.483182e+03 8.506378e+01 -1.841147e+03 1.266877e+03 6.705770e+03 9.644279e+02
3.532833e+03 -2.665315e+03 -4.387844e+03 9.795871e+00 -1.886588e+03 1.328935e+03 6.228153e+03 9.000643e+02
2.853985e+03 -2.459776e+03 -4.218917e+03 -2.283937e+02 -1.615035e+03 1.647596e+03 5.856317e+03 9.041059e+02
5.058847e+03 -2.718583e+03 -5.318048e+03 1.801782e+02 -1.281750e+03 1.945864e+03 8.430843e+03 1.523362e+03
3.063974e+03 -2.125772e+03 -3.690661e+03 -3.145786e+02 -1.111181e+03 7.827178e+02 5.569929e+03 5.348375e+02
3.070167e+03 -2.285079e+03 -4.003459e+03 -2.668212e+02 -1.478503e+03 1.558124e+03 6.059205e+03 8.604137e+02
4.405862e+03 -2.430698e+03 -4.305946e+03 -4.682768e+01 -1.629960e+03 1.297702e+03 7.530045e+03 8.171720e+02
3.428114e+03 -2.436891e+03 -4.441444e+03 7.066749e+01 -2.074175e+03 1.401188e+03 6.260642e+03 6.105879e+02
4.361778e+03 -2.370275e+03 -4.304757e+03 2.644731e+01 -1.854153e+03 1.334311e+03 7.472759e+03 7.264550e+02
3.476344e+03 -2.372399e+03 -3.977135e+03 -9.951309e+01 -1.651476e+03 1.260898e+03 6.058739e+03 7.072716e+02
3.318817e+03 -2.606900e+03 -4.108498e+03 -2.709271e+02 -1.599700e+03 1.360432e+03 6.011751e+03 1.062065e+03
3.925026e+03 -2.593418e+03 -4.330536e+03 1.333298e+02 -2.014321e+03 1.283909e+03 6.754491e+03 7.708207e+02
3.170005e+03 -2.334462e+03 -4.323799e+03 -2.333861e+02 -1.882779e+03 1.690292e+03 6.201076e+03 8.063238e+02
3.329472e+03 -2.532143e+03 -4.524516e+03 1.055791e+02 -2.056516e+03 1.469443e+03 6.125802e+03 8.820284e+02
4.404670e+03 -2.438328e+03 -4.254109e+03 9.335108e+01 -1.693708e+03 1.140692e+03 7.227818e+03 8.100851e+02
3.240705e+03 -2.461111e+03 -4.304290e+03 -1.679001e+02 -1.680370e+03 1.398938e+03 6.112524e+03 9.061507e+02
3.220352e+03 -2.529153e+03 -4.221054e+03 -8.994612e+01 -1.593532e+03 1.025193e+03 6.118454e+03 4.900554e+02
4.089412e+03 -2.458462e+03 -4.353500e+03 -1.459078e+02 -1.682513e+03 1.234304e+03 6.750553e+03 1.081348e+03
3.459990e+03 -2.492164e+03 -4.066666e+03 -1.645240e+02 -1.757757e+03 1.056093e+03 6.333659e+03 7.351982e+02
3.011776e+03 -2.534580e+03 -4.406663e+03 -3.192942e+02 -1.969264e+03 1.680427e+03 5.591603e+03 9.664208e+02
2.567291e+03 -2.597780e+03 -4.337306e+03 -3.695766e+02 -1.636875e+03 1.825938e+03 5.885656e+03 1.090998e+03
5.051241e+03 -2.163614e+03 -4.700101e+03 2.371364e+02 -1.611081e+03 1.407942e+03 8.079255e+03 1.270643e+03
2.639213e+03 -2.590857e+03 -4.603687e+03 -1.809070e+02 -1.773289e+03 1.507534e+03 5.549015e+03 7.897683e+02
3.083878e+03 -2.416222e+03 -4.242896e+03 -1.733003e+02 -1.779425e+03 1.496323e+03 6.139854e+03 8.339288e+02
3.641549e+03 -2.276109e+03 -4.536446e+03 5.201547e+01 -1.599184e+03 1.781410e+03 6.770011e+03 8.978293e+02
3.209995e+03 -2.154983e+03 -4.285319e+03 -1.008760e+02 -1.775972e+03 1.216172e+03 6.270910e+03 7.006681e+02
3.095491e+03 -2.481305e+03 -4.467785e+03 -1.765638e+02 -1.998168e+03 1.569979e+03 6.070218e+03 8.507422e+02
5.273499e+03 -2.131623e+03 -4.700436e+03 4.039106e+02 -1.437001e+03 1.479884e+03 8.073282e+03 1.439864e+03
2.775884e+03 -2.583168e+03 -4.293387e+03 -3.429876e+02 -1.652136e+03 1.815804e+03 5.837095e+03 1.077832e+03
3.162959e+03 -2.435513e+03 -4.244440e+03 -3.277062e+02 -1.541078e+03 1.585126e+03 6.105379e+03 8.391564e+02
3.489440e+03 -2.407149e+03 -4.298031e+03 -6.980507e+00 -1.302177e+03 1.025987e+03 6.166874e+03 7.640127e+02
3.593209e+03 -2.611498e+03 -4.648926e+03 -2.154156e+02 -1.634980e+03 1.626602e+03 6.445009e+03 1.180083e+03
2.826414e+03 -2.167667e+03 -3.738902e+03 -3.359121e+02 -1.462220e+03 1.164315e+03 5.051303e+03 6.835006e+02
3.626507e+03 -2.546371e+03 -4.161099e+03 -1.434731e+02 -1.601589e+03 1.255968e+03 6.167475e+03 9.301397e+02
3.220250e+03 -2.244819e+03 -3.590272e+03 -3.266403e+02 -1.616924e+03 5.190610e+02 5.261970e+03 1.080938e+03
4.041912e+03 -2.289644e+03 -4.237708e+03 1.782509e+02 -1.434928e+03 1.405017e+03 6.920362e+03 8.935883e+02
3.835477e+03 -2.218684e+03 -4.233129e+03 -6.277574e+01 -1.944610e+03 1.401384e+03 6.530055e+03 6.476798e+02
3.055066e+03 -2.378127e+03 -4.129213e+03 -3.522396e+02 -1.668649e+03 1.474794e+03 6.029734e+03 7.034113e+02
4.390144e+03 -2.474800e+03 -4.752067e+03 1.245682e+02 -1.501980e+03 1.377593e+03 7.468698e+03 9.616393e+02
5.227348e+03 -2.398709e+03 -4.835231e+03 3.811463e+02 -1.768584e+03 1.648422e+03 8.804074e+03 1.044530e+03
3.738007e+03 -2.386762e+03 -4.221206e+03 -1.650001e+02 -1.643571e+03 1.607340e+03 7.086560e+03 9.226081e+02
3.950108e+03 -2.173545e+03 -4.234920e+03 3.162382e+02 -1.936620e+03 1.338209e+03 6.984964e+03 6.367563e+02
3.383445e+03 -2.565465e+03 -4.386036e+03 4.148189e+01 -2.065061e+03 1.056392e+03 5.919006e+03 6.345660e+02
5.632697e+03 -2.111094e+03 -4.849119e+03 2.980531e+02 -1.553668e+03 1.570693e+03 8.550210e+03 1.339067e+03
3.370184e+03 -2.341389e+03 -4.123532e+03 -1.263231e+02 -1.629217e+03 1.552520e+03 6.372580e+03 8.755323e+02
2.806631e+03 -2.440168e+03 -4.005384e+03 -3.528668e+02 -1.550253e+03 1.266759e+03 5.711904e+03 7.030038e+02
2.747342e+03 -2.734745e+03 -4.541178e+03 -2.868764e+02 -1.597461e+03 1.565204e+03 5.612451e+03 1.092332e+03
3.436797e+03 -2.533954e+03 -4.560522e+03 -8.355425e+01 -1.921883e+03 1.460215e+03 6.256177e+03 7.627892e+02
3.398174e+03 -2.575144e+03 -4.471447e+03 -1.915384e+01 -1.926356e+03 1.343237e+03 6.036207e+03 8.782323e+02
2.297029e+03 -2.267050e+03 -3.882893e+03 -8.054211e+02 -2.348141e+03 9.762562e+02 4.869422e+03 7.791760e+02
3.504703e+03 -2.604169e+03 -4.612678e+03 -1.586566e+02 -1.513604e+03 1.413883e+03 6.324263e+03 1.004935e+03
3.287560e+03 -2.442477e+03 -4.477412e+03 -1.672104e+02 -1.853526e+03 1.512005e+03 6.308859e+03 8.674267e+02
3.863964e+03 -2.419784e+03 -4.499813e+03 1.125259e+02 -2.108159e+03 1.327790e+03 6.874785e+03 5.263659e+02
3.669922e+03 -2.385613e+03 -4.510845e+03 -1.114647e+02 -1.490140e+03 1.713027e+03 7.051563e+03 1.020497e+03
3.322461e+03 -2.279206e+03 -4.241820e+03 1.527749e+02 -2.213825e+03 1.181691e+03 6.275378e+03 4.566790e+02
5.323495e+03 -2.050230e+03 -4.710098e+03 2.431249e+02 -1.424982e+03 1.555177e+03 8.279066e+03 1.393461e+03
5.224178e+03 -1.966265e+03 -4.579561e+03 4.416270e+02 -1.214970e+03 1.362560e+03 8.365064e+03 9.754733e+02
2.972028e+03 -2.267094e+03 -4.032714e+03 -2.968650e+02 -1.815119e+03 1.579708e+03 5.755462e+03 5.936572e+02
3.587551e+03 -2.239407e+03 -4.356649e+03 -7.181970e-01 -1.732376e+03 1.458127e+03 6.283629e+03 6.535241e+02
3.568649e+03 -2.494377e+03 -4.520708e+03 7.744038e+01 -2.147128e+03 1.312584e+03 6.429092e+03 5.910677e+02
3.891311e+03 -2.517511e+03 -4.005110e+03 -2.264806e+02 -1.583232e+03 1.202824e+03 6.748412e+03 8.560205e+02
3.166854e+03 -2.645493e+03 -4.450407e+03 -2.275284e+02 -1.592898e+03 1.501968e+03 6.073354e+03 9.434707e+02
2.911842e+03 -2.275239e+03 -4.295130e+03 3.749394e+01 -1.989840e+03 1.138403e+03 5.957890e+03 5.324982e+02
7.698283e+03 -1.943865e+03 -5.129565e+03 1.364083e+03 -1.240409e+03 1.468504e+03 1.173193e+04 1.669473e+03
3.827830e+03 -2.206048e+03 -4.296281e+03 -2.167837e+02 -1.372486e+03 1.390493e+03 7.015049e+03 8.701974e+02
3.752983e+03 -2.359192e+03 -4.369121e+03 -1.004835e+02 -2.094535e+03 1.565018e+03 6.993881e+03 8.055476e+02
4.468999e+03 -2.464988e+03 -4.551241e+03 5.188984e+01 -1.625352e+03 1.390843e+03 7.375647e+03 9.448226e+02
2.772748e+03 -2.316718e+03 -3.909362e+03 -4.186872e+02 -1.519135e+03 1.298291e+03 5.504864e+03 5.088993e+02
3.325634e+03 -2.438700e+03 -4.186068e+03 1.740033e+02 -1.863261e+03 1.112898e+03 6.160415e+03 6.046869e+02
3.575245e+03 -2.229638e+03 -4.330164e+03 1.128350e+02 -2.149381e+03 1.491533e+03 6.527592e+03 6.452921e+02
3.442814e+03 -2.509399e+03 -4.435978e+03 -1.714019e+02 -1.815903e+03 1.548140e+03 6.457546e+03 1.039095e+03
3.121420e+03 -2.634800e+03 -4.242338e+03 1.102463e+02 -2.103880e+03 1.228892e+03 6.088680e+03 6.907683e+02
3.094180e+03 -2.365623e+03 -3.931694e+03 -2.275628e+02 -1.696335e+03 1.467240e+03 6.017887e+03 7.047280e+02
3.500324e+03 -2.606732e+03 -4.575290e+03 1.302216e+02 -2.044695e+03 1.219081e+03 6.413143e+03 6.551941e+02
3.219364e+03 -2.495032e+03 -4.153094e+03 1.063365e+02 -2.119957e+03 1.114087e+03 6.050585e+03 4.933660e+02
3.109316e+03 -2.284497e+03 -4.305807e+03 -1.364832e+02 -1.794457e+03 1.805618e+03 6.195443e+03 8.450158e+02
3.779392e+03 -2.457103e+03 -4.306008e+03 -1.210504e+02 -1.896167e+03 1.443328e+03 6.469189e+03 9.838227e+02
3.487763e+03 -2.467174e+03 -4.481373e+03 -1.543022e+02 -1.909289e+03 1.511490e+03 6.451467e+03 7.987608e+02
2.914287e+03 -2.338311e+03 -3.992618e+03 -3.199292e+02 -1.626994e+03 1.571007e+03 5.915462e+03 8.123517e+02
2.852452e+03 -2.493248e+03 -4.180497e+03 -1.611288e+02 -1.691171e+03 1.521537e+03 5.658436e+03 9.233998e+02
3.366271e+03 -2.272576e+03 -4.271365e+03 -1.674485e+02 -1.813596e+03 1.521762e+03 6.360931e+03 7.012705e+02
3.456646e+03 -2.285077e+03 -4.080889e+03 -2.503685e+02 -1.597117e+03 1.577910e+03 6.500062e+03 7.027561e+02
2.625256e+03 -2.829162e+03 -4.847824e+03 -5.726149e+02 -1.529391e+03 1.848763e+03 6.071286e+03 1.056396e+03
2.897247e+03 -2.386402e+03 -4.030074e+03 -3.661799e+02 -1.767499e+03 1.633944e+03 6.015679e+03 8.380140e+02
2.859743e+03 -2.808563e+03 -4.493131e+03 -5.564614e+02 -1.538170e+03 1.680040e+03 5.885406e+03 1.073206e+03
3.205198e+03 -2.241658e+03 -4.231659e+03 -2.161625e+02 -1.999749e+03 1.649969e+03 6.298508e+03 6.521806e+02
3.636852e+03 -2.483618e+03 -4.346100e+03 -1.408222e+02 -1.809430e+03 1.329077e+03 6.552212e+03 6.535093e+02
3.199158e+03 -2.620305e+03 -4.142749e+03 -2.776072e+02 -1.457045e+03 1.277348e+03 6.069013e+03 8.984861e+02
5.273545e+03 -2.196102e+03 -4.571411e+03 2.173651e+02 -1.403409e+03 1.516794e+03 8.406141e+03 1.416210e+03
2.881271e+03 -2.368186e+03 -4.148719e+03 -1.978948e+02 -1.676531e+03 1.383435e+03 5.758976e+03 7.129383e+02
3.301745e+03 -2.476637e+03 -4.259122e+03 -1.647728e+02 -1.727983e+03 1.497649e+03 6.453951e+03 9.355448e+02
3.131854e+03 -2.677420e+03 -4.544762e+03 -1.989289e+02 -1.577404e+03 1.558700e+03 5.942393e+03 1.167050e+03
3.167828e+03 -2.582206e+03 -4.484419e+03 -1.068420e+02 -1.969994e+03 1.334636e+03 5.849776e+03 6.604596e+02
3.106752e+03 -2.340051e+03 -4.422007e+03 -1.223480e+02 -1.997937e+03 1.487868e+03 5.988501e+03 7.548789e+02
2.949003e+03 -2.497738e+03 -4.240472e+03 -3.391535e+02 -1.464920e+03 1.862065e+03 6.284549e+03 9.594990e+02
4.847395e+03 -2.168833e+03 -4.646680e+03 3.109879e+02 -1.513074e+03 1.474500e+03 8.105329e+03 1.061142e+03
3.047215e+03 -2.533049e+03 -4.206630e+03 -7.631702e+01 -1.879082e+03 1.289497e+03 6.008874e+03 7.007338e+02
4.768994e+03 -2.230475e+03 -4.687858e+03 5.564555e+01 -1.637961e+03 1.554898e+03 8.147066e+03 9.621587e+02
3.006885e+03 -2.388722e+03 -4.047133e+03 -1.876126e+02 -1.876092e+03 1.441613e+03 5.996152e+03 6.858150e+02
3.323740e+03 -2.574964e+03 -4.561279e+03 -1.464537e+02 -1.830464e+03 1.486154e+03 6.146379e+03 9.857677e+02
2.672231e+03 -2.343118e+03 -3.961421e+03 -3.531175e+02 -1.625129e+03 1.678386e+03 5.667096e+03 8.696787e+02
4.728399e+03 -2.157831e+03 -4.404670e+03 2.761435e+02 -1.472939e+03 1.068655e+03 7.747122e+03 1.248768e+03
3.910660e+03 -2.437094e+03 -4.398749e+03 2.040504e+02 -1.967399e+03 1.123431e+03 6.202548e+03 8.785892e+02
3.306723e+03 -2.532593e+03 -4.239121e+03 -2.273752e+02 -1.631833e+03 1.541445e+03 6.421597e+03 9.857431e+02
3.662487e+03 -2.495298e+03 -4.040884e+03 1.426745e+01 -1.297572e+03 8.458366e+02 5.741034e+03 1.261929e+03
3.575966e+03 -2.418386e+03 -4.197123e+03 -2.007710e+02 -1.350092e+03 9.179541e+02 5.604150e+03 1.368907e+03
5.220260e+03 -1.961610e+03 -4.195967e+03 3.605646e+02 -1.205499e+03 9.492217e+02 7.708934e+03 1.456227e+03
3.802673e+03 -2.469993e+03 -4.248261e+03 -1.581166e+02 -1.173750e+03 9.202178e+02 5.807309e+03 1.339981e+03
5.976300e+03 -2.318917e+03 -4.976395e+03 8.858356e+02 -1.053568e+03 7.909216e+02 8.404726e+03 1.572835e+03
3.338220e+03 -2.913924e+03 -4.899122e+03 1.636380e+02 -7.074431e+02 1.122010e+03 5.805129e+03 1.444820e+03
3.900769e+03 -2.582820e+03 -4.788882e+03 5.472576e+02 -6.836884e+02 9.376496e+02 6.288305e+03 1.114037e+03
4.144733e+03 -2.715856e+03 -3.928811e+03 -4.741637e+02 -1.065118e+03 8.798898e+02 5.398167e+03 1.716619e+03
3.682279e+03 -2.381328e+03 -4.227449e+03 1.886908e+02 -9.049354e+02 7.789484e+02 5.812165e+03 1.498388e+03
3.986348e+03 -2.315592e+03 -3.970384e+03 5.292248e+01 -9.805601e+02 8.894354e+02 6.254433e+03 1.689000e+03
3.967124e+03 -2.343199e+03 -4.417196e+03 1.701960e+02 -1.066261e+03 8.067604e+02 6.027579e+03 1.412288e+03
4.083637e+03 -2.432250e+03 -4.660863e+03 2.134935e+02 -1.043660e+03 8.115219e+02 5.901692e+03 1.617792e+03
4.045162e+03 -2.567839e+03 -4.576395e+03 5.833369e+02 -8.101519e+02 1.013399e+03 6.699804e+03 1.191606e+03
3.432319e+03 -2.528728e+03 -4.284361e+03 6.185675e+01 -1.206254e+03 9.045205e+02 5.386692e+03 1.433004e+03
3.902400e+03 -2.700927e+03 -4.908985e+03 4.089401e+02 -7.663685e+02 1.163659e+03 6.664419e+03 1.504508e+03
4.253532e+03 -2.526451e+03 -4.147271e+03 -1.145456e+02 -1.064334e+03 8.919094e+02 6.009380e+03 1.655035e+03
4.121995e+03 -2.174005e+03 -3.890973e+03 -1.925785e+02 -1.309571e+03 9.651845e+02 6.042163e+03 1.285060e+03
3.891231e+03 -2.342888e+03 -4.477192e+03 -1.278424e+01 -1.299515e+03 8.710949e+02 5.595568e+03 1.533282e+03
4.212757e+03 -2.028275e+03 -3.943939e+03 2.212638e+02 -1.108697e+03 9.318577e+02 6.553576e+03 1.550521e+03
3.683301e+03 -2.676179e+03 -3.988143e+03 -3.059534e+02 -8.746257e+02 8.790522e+02 5.319697e+03 1.684771e+03
4.050075e+03 -2.740818e+03 -3.963402e+03 -5.746460e+01 -9.449313e+02 6.713188e+02 5.906634e+03 1.839573e+03
4.455022e+03 -2.396540e+03 -4.505711e+03 3.292389e+02 -1.351313e+03 7.692431e+02 6.668612e+03 1.449323e+03
3.173741e+03 -2.441038e+03 -3.679298e+03 -1.040691e+02 -1.125851e+03 9.265430e+02 5.385578e+03 1.016573e+03
3.595133e+03 -2.380432e+03 -4.188774e+03 -3.266606e+02 -1.135675e+03 9.465767e+02 5.473367e+03 1.523329e+03
3.908140e+03 -2.377755e+03 -4.032174e+03 -1.522834e+01 -8.335609e+02 8.287818e+02 5.829970e+03 1.511077e+03
4.463380e+03 -2.236995e+03 -4.084511e+03 3.835804e+02 -9.064365e+02 1.126032e+03 7.290084e+03 1.205932e+03
4.335685e+03 -2.424722e+03 -4.215748e+03 -2.444485e+02 -1.507838e+03 8.725240e+02 5.378392e+03 1.398964e+03
3.447057e+03 -2.600797e+03 -4.315289e+03 -4.945818e+01 -1.104958e+03 8.421977e+02 5.327527e+03 1.601214e+03
4.132066e+03 -2.752343e+03 -5.095113e+03 5.898941e+02 -6.330753e+02 8.977340e+02 6.635704e+03 1.503004e+03
3.582552e+03 -2.461472e+03 -3.781279e+03 -3.151340e+02 -1.145876e+03 9.699828e+02 5.626995e+03 1.392121e+03
4.734282e+03 -2.329566e+03 -3.976161e+03 2.485687e+01 -1.224556e+03 8.450425e+02 6.588594e+03 1.405537e+03
3.525053e+03 -2.520891e+03 -4.681101e+03 4.336246e+01 -1.128449e+03 8.283387e+02 5.359903e+03 1.422983e+03
5.537492e+03 -1.816299e+03 -4.480685e+03 8.996084e+02 -9.016711e+02 1.299335e+03 8.486853e+03 1.403602e+03
3.652987e+03 -2.280410e+03 -4.296529e+03 -6.998110e+01 -9.930921e+02 9.340768e+02 6.017242e+03 1.532092e+03
3.534768e+03 -2.298521e+03 -4.017308e+03 -7.273283e+01 -1.056176e+03 9.270434e+02 5.401081e+03 1.304058e+03
4.055147e+03 -2.483144e+03 -4.189977e+03 -1.681217e+02 -1.119745e+03 9.805039e+02 5.908511e+03 1.682181e+03
4.438796e+03 -2.270824e+03 -4.160528e+03 3.570206e+02 -1.102449e+03 7.185883e+02 6.476511e+03 1.174025e+03
3.729906e+03 -2.549918e+03 -4.805945e+03 7.055811e+02 -6.820949e+02 7.262654e+02 6.242923e+03 1.020138e+03
4.821467e+03 -2.038480e+03 -4.352991e+03 6.643386e+02 -1.195317e+03 1.205507e+03 7.621979e+03 1.484899e+03
4.847268e+03 -2.312450e+03 -4.106647e+03 5.115002e+02 -1.105378e+03 8.456185e+02 6.995468e+03 1.781928e+03
4.198719e+03 -2.466153e+03 -4.511986e+03 4.113970e+02 -9.021110e+02 9.063027e+02 6.651374e+03 1.126814e+03
3.930746e+03 -2.131186e+03 -4.223271e+03 2.524062e+02 -9.680272e+02 1.034060e+03 6.223324e+03 8.694532e+02
3.489469e+03 -2.306220e+03 -4.141501e+03 -3.144923e+01 -1.085082e+03 8.919587e+02 5.414813e+03 1.369448e+03
3.891048e+03 -2.435392e+03 -4.611810e+03 3.976400e+02 -9.190921e+02 6.620773e+02 5.963440e+03 1.176585e+03
3.963414e+03 -2.193328e+03 -4.254435e+03 2.205741e+02 -1.141066e+03 9.204120e+02 6.000084e+03 1.447417e+03
3.478330e+03 -2.279489e+03 -4.228214e+03 -4.746981e+00 -1.092461e+03 1.008084e+03 5.695815e+03 1.424706e+03
4.942252e+03 -2.504255e+03 -5.321091e+03 8.778186e+02 -6.464220e+02 1.162113e+03 7.870877e+03 1.280387e+03
3.822012e+03 -2.487193e+03 -4.434627e+03 1.247996e+02 -1.105454e+03 7.695331e+02 5.733248e+03 1.489545e+03
4.074395e+03 -2.371553e+03 -3.925339e+03 -2.419009e+02 -1.319235e+03 9.395204e+02 5.939970e+03 1.438167e+03
5.411039e+03 -2.209869e+03 -4.136028e+03 3.258036e+01 -1.526871e+03 9.991046e+02 7.655759e+03 1.516721e+03
3.338487e+03 -2.483268e+03 -4.387060e+03 -9.492769e+01 -1.138866e+03 9.205954e+02 5.158563e+03 1.293962e+03
4.464893e+03 -2.125703e+03 -4.151728e+03 4.435365e+02 -1.092235e+03 8.792637e+02 6.743007e+03 1.506910e+03
4.993041e+03 -2.314993e+03 -4.590162e+03 5.319993e+02 -1.194078e+03 1.235901e+03 7.787796e+03 1.489271e+03
3.587863e+03 -2.505131e+03 -4.765706e+03 3.044694e+02 -9.074935e+02 9.360719e+02 5.858189e+03 1.119349e+03
3.659719e+03 -2.330594e+03 -4.259569e+03 2.139594e+02 -1.181288e+03 9.392037e+02 5.816199e+03 1.168735e+03
3.672313e+03 -2.459354e+03 -4.923490e+03 6.213967e+02 -7.888445e+02 9.130036e+02 6.135343e+03 1.100029e+03
8.721009e+03 -1.935445e+03 -5.362788e+03 1.910004e+03 -8.484433e+02 1.100064e+03 1.218598e+04 2.088351e+03
3.324578e+03 -2.461360e+03 -4.426602e+03 9.353657e+01 -7.704487e+02 9.432183e+02 5.345661e+03 1.259211e+03
4.282984e+03 -2.322195e+03 -4.301134e+03 1.394889e+02 -1.128096e+03 8.298832e+02 5.987072e+03 1.680975e+03
3.514528e+03 -2.448439e+03 -4.021651e+03 -1.670396e+02 -1.107172e+03 7.549792e+02 5.133282e+03 1.375775e+03
3.929555e+03 -2.374909e+03 -4.073961e+03 2.429593e+01 -1.051913e+03 8.361885e+02 5.947861e+03 1.775766e+03
3.520326e+03 -2.546564e+03 -4.357958e+03 3.959695e+02 -8.272937e+02 7.544553e+02 5.547403e+03 1.119804e+03
4.274922e+03 -2.364146e+03 -4.257039e+03 -1.473638e+02 -1.166628e+03 7.953660e+02 6.188457e+03 1.414233e+03
3.677770e+03 -2.691950e+03 -4.470750e+03 2.890430e+02 -1.177444e+03 7.096760e+02 5.776124e+03 1.347093e+03
4.495564e+03 -1.965033e+03 -4.004319e+03 4.039675e+02 -1.159555e+03 1.049793e+03 7.037103e+03 1.438375e+03
3.780893e+03 -2.242551e+03 -4.119520e+03 8.345245e+01 -1.301752e+03 9.666297e+02 5.889091e+03 1.251192e+03
3.117515e+03 -2.358491e+03 -4.125630e+03 -1.535195e+02 -7.211930e+02 9.571066e+02 5.074176e+03 1.043397e+03
3.925815e+03 -2.325426e+03 -3.950796e+03 1.352835e+02 -1.037880e+03 8.166898e+02 5.940176e+03 1.490838e+03
4.189484e+03 -2.379492e+03 -4.108112e+03 1.141722e+02 -1.012549e+03 8.698864e+02 6.210704e+03 1.753110e+03
3.965182e+03 -2.363217e+03 -4.183926e+03 4.546283e+01 -1.187331e+03 8.962734e+02 6.204840e+03 1.408188e+03
5.789133e+03 -1.942172e+03 -4.714108e+03 1.069848e+03 -8.662926e+02 1.127297e+03 8.784952e+03 1.414235e+03
4.132491e+03 -2.388267e+03 -4.098722e+03 -2.390123e+02 -1.264757e+03 1.012725e+03 5.904444e+03 1.529053e+03
4.822393e+03 -2.061443e+03 -4.408020e+03 9.164402e+02 -1.067254e+03 1.157117e+03 7.685586e+03 1.427926e+03
3.633612e+03 -2.570549e+03 -4.648997e+03 3.684189e+02 -1.023114e+03 7.871403e+02 5.731598e+03 1.261423e+03
4.739634e+03 -2.559624e+03 -4.292660e+03 -3.098528e+01 -1.291340e+03 9.491125e+02 6.346181e+03 1.975114e+03
3.481014e+03 -2.708486e+03 -3.907914e+03 -2.383099e+02 -1.123290e+03 9.371163e+02 5.565881e+03 1.449267e+03
5.181477e+03 -2.366011e+03 -4.102027e+03 -3.374473e+01 -1.338197e+03 9.264493e+02 7.213071e+03 1.533356e+03
4.245463e+03 -2.564404e+03 -4.078029e+03 6.703366e+01 -9.768501e+02 8.655042e+02 6.291390e+03 1.706497e+03
3.592974e+03 -2.456892e+03 -4.712830e+03 2.647309e+02 -9.344818e+02 7.895923e+02 5.725555e+03 1.252366e+03
4.648383e+03 -2.500139e+03 -4.111007e+03 5.329164e+01 -1.079586e+03 8.405162e+02 6.286891e+03 1.914667e+03
4.285774e+03 -2.056945e+03 -4.390330e+03 5.173724e+02 -9.766915e+02 8.126092e+02 6.623523e+03 1.083722e+03
3.895960e+03 -2.495460e+03 -4.124339e+03 -9.857616e+01 -1.137801e+03 9.777457e+02 5.694792e+03 1.593812e+03
3.237436e+03 -2.259112e+03 -3.862239e+03 1.721699e+02 -7.999341e+02 8.070067e+02 5.181970e+03 9.293956e+02
3.424428e+03 -2.547042e+03 -4.162660e+03 -3.305676e+02 -1.192487e+03 9.766202e+02 5.262556e+03 1.639050e+03
2.444622e+03 -2.900081e+03 -4.986455e+03 -1.206346e+02 -1.262635e+03 1.106738e+03 5.279043e+03 1.307146e+03
5.185925e+03 -2.109111e+03 -4.597790e+03 8.688554e+02 -1.102538e+03 1.308664e+03 8.139063e+03 1.393764e+03
4.672121e+03 -2.154002e+03 -4.374799e+03 4.039667e+02 -1.191178e+03 1.123453e+03 7.353077e+03 1.461378e+03
3.765108e+03 -2.187594e+03 -4.274527e+03 -7.018345e+01 -1.288231e+03 9.831038e+02 5.918675e+03 1.502264e+03
3.570652e+03 -2.564336e+03 -4.479448e+03 3.033338e+02 -1.072725e+03 8.630714e+02 5.564210e+03 1.290681e+03
3.569280e+03 -2.552722e+03 -4.133756e+03 -1.187376e+02 -9.619863e+02 9.135179e+02 5.878950e+03 1.369966e+03
3.666351e+03 -2.268989e+03 -4.391338e+03 -1.131356e+02 -1.278751e+03 9.686576e+02 5.616396e+03 1.538804e+03
3.765719e+03 -2.383984e+03 -4.470695e+03 -1.911445e+02 -1.174907e+03 9.840609e+02 5.776635e+03 1.486720e+03
4.028866e+03 -2.691726e+03 -4.501683e+03 1.626989e+02 -1.121676e+03 7.192418e+02 5.852622e+03 1.642715e+03
4.291106e+03 -2.300570e+03 -4.418375e+03 -5.663890e+01 -1.301303e+03 8.935687e+02 6.200770e+03 1.498533e+03
3.817250e+03 -2.376546e+03 -4.617144e+03 2.082215e+01 -1.149533e+03 7.754799e+02 5.720041e+03 1.475521e+03
3.819739e+03 -2.311955e+03 -4.041368e+03 3.818139e+02 -1.124936e+03 8.583210e+02 6.141055e+03 1.269626e+03
4.580370e+03 -2.255428e+03 -4.053536e+03 2.333440e+00 -1.238679e+03 9.651092e+02 6.861890e+03 1.312384e+03
3.935719e+03 -2.405307e+03 -4.491570e+03 5.685438e+02 -1.059543e+03 7.248924e+02 6.218848e+03 1.397233e+03
3.670021e+03 -2.635622e+03 -4.376798e+03 -7.564686e+01 -1.094280e+03 8.131337e+02 5.494222e+03 1.633521e+03
4.057478e+03 -2.346506e+03 -3.939940e+03 -1.442246e+02 -1.252078e+03 8.238656e+02 5.795037e+03 1.371649e+03
4.453476e+03 -2.442839e+03 -4.264631e+03 1.944425e+02 -1.021803e+03 6.497365e+02 6.240509e+03 1.366323e+03
3.647345e+03 -2.563960e+03 -4.358084e+03 -2.433587e+01 -1.052027e+03 8.821071e+02 5.666019e+03 1.482544e+03
3.751870e+03 -2.603526e+03 -4.333549e+03 -2.479455e+02 -9.733550e+02 9.562872e+02 5.591075e+03 1.708837e+03
3.799252e+03 -2.500536e+03 -4.557178e+03 4.235244e+02 -1.189213e+03 7.311516e+02 5.773087e+03 1.370704e+03
3.658025e+03 -2.362996e+03 -4.382718e+03 -2.187368e+01 -1.148884e+03 8.763801e+02 5.585884e+03 1.297789e+03
4.222756e+03 -2.069199e+03 -4.305251e+03 3.980231e+02 -1.047959e+03 9.555394e+02 6.587103e+03 1.475984e+03
3.745165e+03 -2.372787e+03 -4.173995e+03 -3.255976e+02 -1.294260e+03 9.532486e+02 5.461244e+03 1.509166e+03
9.040761e+03 -1.733763e+03 -5.274512e+03 2.093739e+03 -1.019980e+03 1.247494e+03 1.302264e+04 2.055389e+03
3.402307e+03 -2.406639e+03 -4.527290e+03 -1.381364e+02 -1.227164e+03 1.032625e+03 5.552049e+03 1.326005e+03
4.235948e+03 -2.784170e+03 -3.947588e+03 -3.525128e+02 -1.058324e+03 9.729039e+02 6.024697e+03 1.742330e+03
3.140557e+03 -2.584112e+03 -4.604677e+03 -1.732980e+02 -9.370511e+02 9.510109e+02 5.160437e+03 1.320318e+03
3.977997e+03 -2.436201e+03 -4.527830e+03 -2.413600e+01 -1.055974e+03 7.964662e+02 5.663592e+03 1.674339e+03
3.442630e+03 -2.266377e+03 -3.775397e+03 -2.805018e+02 -9.471087e+02 7.682727e+02 5.028341e+03 1.474053e+03
4.192255e+03 -2.494793e+03 -4.120309e+03 -1.387874e+02 -1.112651e+03 8.951436e+02 5.777644e+03 1.613731e+03
4.125449e+03 -2.425347e+03 -3.837109e+03 -3.662312e+02 -1.190575e+03 9.439242e+02 5.843981e+03 1.555331e+03
3.526687e+03 -2.432549e+03 -3.927333e+03 -5.208453e+02 -1.233370e+03 5.866087e+02 5.166854e+03 1.706915e+03
4.257972e+03 -2.317823e+03 -4.430859e+03 9.583070e+01 -1.137836e+03 8.207218e+02 6.095957e+03 1.682648e+03
3.508894e+03 -2.482564e+03 -3.670643e+03 2.921825e+02 -6.262644e+02 6.424612e+02 5.647669e+03 1.048016e+03
4.469599e+03 -2.100637e+03 -4.282343e+03 5.313765e+02 -9.477358e+02 1.089192e+03 7.322446e+03 1.434568e+03
4.049017e+03 -2.155860e+03 -3.930673e+03 -6.441856e+01 -1.127158e+03 7.339785e+02 6.179948e+03 1.761117e+03
4.237578e+03 -2.545388e+03 -4.157750e+03 -5.851272e+01 -1.123160e+03 8.449079e+02 6.069847e+03 1.696166e+03
4.495117e+03 -2.097115e+03 -4.212983e+03 2.252220e+02 -1.291614e+03 1.019963e+03 6.791742e+03 1.762029e+03
4.122137e+03 -2.587638e+03 -4.663182e+03 5.522243e+02 -9.103540e+02 7.204787e+02 6.469891e+03 1.271474e+03
3.763133e+03 -2.197456e+03 -4.185378e+03 6.768123e+01 -1.373701e+03 9.484127e+02 5.674305e+03 1.354393e+03
4.466044e+03 -2.483669e+03 -4.220257e+03 1.812373e+01 -1.062877e+03 9.198942e+02 6.199939e+03 2.000045e+03
4.278964e+03 -2.487552e+03 -3.797771e+03 -1.259043e+02 -1.158653e+03 8.013413e+02 5.949821e+03 1.502611e+03
3.987416e+03 -2.360171e+03 -4.147838e+03 -7.914827e+01 -1.227610e+03 8.506978e+02 5.975076e+03 1.379064e+03
3.982875e+03 -2.035608e+03 -4.142454e+03 2.356085e+02 -1.337820e+03 1.184947e+03 6.457689e+03 1.161980e+03
4.869711e+03 -2.094629e+03 -4.560116e+03 4.867779e+02 -1.243659e+03 1.130490e+03 7.683604e+03 1.520322e+03
4.119170e+03 -2.542373e+03 -3.990489e+03 -1.299059e+02 -1.127511e+03 9.820848e+02 6.194957e+03 1.224871e+03
4.132012e+03 -2.551590e+03 -4.150087e+03 -3.143857e+00 -1.139648e+03 9.001144e+02 5.934433e+03 1.698271e+03
4.237169e+03 -2.490153e+03 -4.793548e+03 2.632599e+02 -9.594110e+02 9.078315e+02 6.712629e+03 1.421796e+03
3.889033e+03 -2.543810e+03 -4.342431e+03 6.607620e+01 -1.079809e+03 8.699057e+02 6.096247e+03 1.672443e+03
3.548894e+03 -2.428363e+03 -4.460011e+03 1.613972e+02 -1.133453e+03 7.356596e+02 5.399982e+03 1.295381e+03
3.799481e+03 -2.240549e+03 -4.178157e+03 -4.130501e+01 -1.024093e+03 1.021295e+03 6.176409e+03 1.341425e+03
3.407152e+03 -2.536287e+03 -4.399166e+03 9.359661e+01 -1.097363e+03 7.834683e+02 5.206112e+03 1.336003e+03
4.945699e+03 -1.857157e+03 -4.406544e+03 9.408975e+02 -1.080828e+03 1.172064e+03 7.973336e+03 1.297690e+03
3.905281e+03 -2.510478e+03 -3.793704e+03 -2.044062e+02 -1.225488e+03 8.467041e+02 5.498000e+03 1.338674e+03
3.954488e+03 -2.197532e+03 -4.185272e+03 -3.784305e+01 -1.218856e+03 1.033191e+03 6.169748e+03 1.627323e+03
4.401596e+03 -2.547568e+03 -5.268057e+03 5.807716e+02 -4.387351e+02 8.525696e+02 6.705904e+03 1.262670e+03
3.829678e+03 -2.511293e+03 -4.086553e+03 -1.939539e+02 -1.110236e+03 9.854571e+02 5.859761e+03 1.776954e+03
3.035128e+03 -2.315610e+03 -3.903216e+03 -2.304024e+02 -1.121790e+03 9.944645e+02 5.166284e+03 1.148208e+03
4.299100e+03 -2.012186e+03 -4.105741e+03 8.018388e+01 -1.272976e+03 8.084052e+02 6.016822e+03 1.362168e+03
3.856204e+03 -2.565148e+03 -3.951278e+03 -1.526860e+02 -1.134578e+03 9.317160e+02 5.563901e+03 1.631792e+03
3.805906e+03 -2.624351e+03 -4.601185e+03 2.340536e+02 -1.111931e+03 7.750029e+02 5.894708e+03 1.309528e+03
7.816095e+03 -1.944763e+03 -4.949915e+03 1.132799e+03 -9.539091e+02 9.064645e+02 1.093624e+04 2.336816e+03
4.498636e+03 -2.594036e+03 -4.191021e+03 -8.167278e+01 -1.089911e+03 9.373049e+02 6.143647e+03 1.805828e+03
4.033190e+03 -2.456724e+03 -3.985835e+03 6.600914e+01 -9.393624e+02 8.003239e+02 5.856191e+03 1.587382e+03
4.052277e+03 -2.393752e+03 -4.562709e+03 4.818132e+02 -1.048025e+03 8.977149e+02 6.134702e+03 1.394582e+03
3.979481e+03 -2.315228e+03 -4.056827e+03 2.341340e+01 -1.323254e+03 8.235168e+02 5.828383e+03 1.578633e+03
3.196003e+03 -2.604856e+03 -4.363321e+03 -3.501119e+01 -1.089892e+03 8.874655e+02 4.936507e+03 1.397484e+03
6.976677e+03 -1.952328e+03 -4.702822e+03 1.255088e+03 -7.274266e+02 1.135961e+03 1.021204e+04 1.409331e+03
7.959624e+03 -2.104561e+03 -5.236984e+03 1.393150e+03 -1.086599e+03 9.147016e+02 1.058234e+04 1.812750e+03
3.695956e+03 -2.581667e+03 -4.062305e+03 -2.086653e+02 -8.616660e+02 8.574503e+02 5.624287e+03 1.625488e+03
4.112101e+03 -2.339130e+03 -4.074553e+03 -2.771136e+02 -1.200624e+03 7.362012e+02 5.293040e+03 1.412567e+03
4.096399e+03 -2.736165e+03 -4.813854e+03 1.635006e+02 -9.993308e+02 7.596607e+02 6.044804e+03 1.632044e+03
3.354733e+03 -2.425678e+03 -4.293686e+03 5.742799e+01 -1.034386e+03 8.953654e+02 5.471858e+03 1.015463e+03
4.064780e+03 -2.331801e+03 -4.170082e+03 8.116864e+01 -1.106220e+03 8.973755e+02 5.927589e+03 1.685739e+03
3.740491e+03 -2.553107e+03 -4.580489e+03 1.776858e+02 -1.013008e+03 7.908314e+02 5.623508e+03 1.267855e+03
4.086650e+03 -2.135962e+03 -4.427286e+03 6.290162e+02 -9.543108e+02 1.129423e+03 6.807168e+03 1.163715e+03
3.762334e+03 -2.792004e+03 -4.686668e+03 -1.058678e+02 -9.622979e+02 7.292573e+02 5.448688e+03 1.574119e+03
3.340999e+03 -2.195950e+03 -3.989756e+03 -2.096386e+02 -1.231904e+03 1.029078e+03 5.312600e+03 1.291759e+03
3.918644e+03 -2.242685e+03 -4.256408e+03 1.031868e+02 -1.257330e+03 8.584434e+02 5.856374e+03 1.386874e+03
3.579314e+03 -2.661784e+03 -4.585533e+03 -1.618300e+02 -1.026557e+03 9.487974e+02 5.420646e+03 1.726255e+03
3.656608e+03 -2.428673e+03 -4.436604e+03 2.582268e+01 -1.183255e+03 8.590481e+02 5.662787e+03 1.624671e+03
3.654685e+03 -2.456679e+03 -4.390362e+03 -3.062314e+01 -1.109205e+03 9.146585e+02 5.647962e+03 1.271575e+03
3.308275e+03 -2.758964e+03 -4.703490e+03 1.480127e+02 -7.229923e+02 8.104767e+02 5.410076e+03 1.235821e+03
4.234994e+03 -2.062653e+03 -4.074211e+03 3.826494e+02 -1.202578e+03 1.003818e+03 6.787554e+03 1.291306e+03
3.776245e+03 -2.410058e+03 -4.263461e+03 -3.981833e+01 -1.021839e+03 9.545936e+02 5.825668e+03 1.691668e+03
3.833055e+03 -2.375935e+03 -4.488927e+03 -1.708213e+02 -1.146352e+03 8.382066e+02 5.579415e+03 1.495682e+03
3.631270e+03 -2.413317e+03 -3.905265e+03 -8.433463e+01 -1.202951e+03 9.584504e+02 5.700612e+03 1.322696e+03
3.445322e+03 -2.540505e+03 -4.294458e+03 -1.270403e+02 -1.170716e+03 9.175857e+02 5.341718e+03 1.466055e+03
4.003118e+03 -2.533890e+03 -4.124267e+03 -1.780888e+02 -1.193942e+03 9.701609e+02 5.790381e+03 1.625288e+03
3.480281e+03 -2.495889e+03 -4.448575e+03 4.727155e+02 -9.227869e+02 8.228565e+02 5.818372e+03 1.037341e+03
3.925184e+03 -2.750448e+03 -4.757942e+03 -2.855885e+01 -9.567207e+02 8.267457e+02 5.750099e+03 1.560269e+03
3.814902e+03 -2.244112e+03 -4.416711e+03 1.497726e+02 -1.179579e+03 8.110366e+02 5.542257e+03 1.577109e+03
4.431586e+03 -2.173972e+03 -4.307288e+03 -2.224510e+02 -1.350284e+03 9.024462e+02 6.131756e+03 1.402040e+03
3.921243e+03 -2.517294e+03 -4.733628e+03 3.261193e+02 -6.853127e+02 9.838743e+02 6.000572e+03 1.352608e+03
3.799792e+03 -2.348057e+03 -4.085653e+03 -3.810663e+02 -1.267305e+03 8.837438e+02 5.276335e+03 1.435263e+03
3.611189e+03 -2.635920e+03 -4.795555e+03 5.244005e+02 -5.125082e+02 7.400169e+02 5.717774e+03 1.157157e+03
3.661459e+03 -2.578786e+03 -4.746612e+03 3.075866e+02 -7.723812e+02 1.060452e+03 6.411061e+03 1.216951e+03
4.438967e+03 -2.370738e+03 -4.960207e+03 6.719687e+02 -9.252329e+02 1.311954e+03 7.616916e+03 1.278610e+03
4.615887e+03 -2.217467e+03 -4.284333e+03 2.947432e+02 -1.263351e+03 8.800580e+02 6.752775e+03 1.682009e+03
3.858511e+03 -2.394802e+03 -4.212912e+03 1.318390e+01 -1.062463e+03 8.792516e+02 5.658787e+03 1.725095e+03
4.200115e+03 -2.523301e+03 -4.053241e+03 -3.154796e+02 -1.129761e+03 8.510412e+02 5.352261e+03 1.363213e+03
4.038510e+03 -2.637092e+03 -4.350958e+03 1.150757e+02 -1.174636e+03 8.307925e+02 6.119547e+03 1.517749e+03
3.820207e+03 -2.243685e+03 -4.457584e+03 -5.180688e+01 -1.168515e+03 9.085891e+02 5.847323e+03 1.513269e+03
4.446034e+03 -2.222504e+03 -4.190169e+03 4.997034e+01 -1.072291e+03 7.566822e+02 6.011012e+03 1.562734e+03
4.107913e+03 -2.544588e+03 -4.002183e+03 -4.418252e+02 -1.060614e+03 9.282537e+02 5.404285e+03 1.451222e+03
3.918711e+03 -2.339713e+03 -4.511110e+03 2.832478e+02 -1.089696e+03 8.206197e+02 5.907206e+03 1.328139e+03
3.939454e+03 -2.314982e+03 -3.734767e+03 -1.139358e+02 -1.052955e+03 7.857405e+02 5.412285e+03 1.403675e+03
3.509221e+03 -2.600942e+03 -4.825257e+03 5.487801e+02 -6.750786e+02 8.766258e+02 5.995106e+03 1.175713e+03
4.640870e+03 -2.304371e+03 -4.171483e+03 3.981111e+02 -1.238080e+03 6.649321e+02 6.552421e+03 1.526920e+03
4.571527e+03 -2.200754e+03 -4.548428e+03 5.022214e+02 -9.369942e+02 1.282816e+03 7.692074e+03 1.405653e+03
4.456423e+03 -2.534538e+03 -4.056561e+03 -3.034034e+02 -1.238387e+03 9.030225e+02 5.826526e+03 1.551823e+03
4.721470e+03 -2.240701e+03 -4.137850e+03 2.392470e+02 -1.238797e+03 9.835291e+02 7.066532e+03 1.656150e+03
4.768836e+03 -2.437353e+03 -4.369082e+03 2.446506e+02 -8.378721e+02 9.011309e+02 6.920551e+03 1.327085e+03
3.894433e+03 -2.507146e+03 -4.021247e+03 2.774054e+01 -1.147240e+03 8.746835e+02 5.970594e+03 1.495280e+03
3.714152e+03 -2.188126e+03 -4.001503e+03 2.327812e+01 -1.321810e+03 1.029850e+03 6.208571e+03 1.293518e+03
4.028866e+03 -2.691726e+03 -4.501683e+03 1.626989e+02 -1.121676e+03 7.192418e+02 5.852622e+03 1.642715e+03
